1 10 11
1 11 12
1 12 13
1 24 25
1 25 26
1 26 27
1 27 28
1 28 29
1 29 30
1 36 37
1 37 38
1 73 74
1 74 75
1 75 76
1 78 79
1 79 80
2 24 84
2 24 86
2 24 87
2 24 87
2 24 89
2 24 61
2 24 1
2 33 40
2 33 61
2 33 87
2 33 84
2 33 85
2 33 87
2 33 86
2 33 89
2 33 1
2 36 71
2 53 87
2 53 61
2 53 89
2 53 85
2 53 84
2 53 87
2 53 86
2 53 1
2 48 40
2 90 5
2 42 40
2 2 84
2 2 87
2 2 85
2 2 86
2 2 87
2 2 1
2 2 61
2 2 89
2 3 40
2 43 40
2 47 40
2 66 13
2 66 62
2 66 62
2 66 62
2 18 84
2 18 61
2 18 86
2 18 87
2 18 89
2 18 1
2 18 85
2 18 87
2 88 83
2 88 80
2 88 82
2 88 78
2 88 81
2 16 6
3 24 30
3 33 9
3 33 69
3 33 41
3 36 38
3 31 23
3 14 69
3 14 41
3 17 69
3 17 41
3 15 64
3 53 69
3 53 41
3 73 76
3 55 67
3 48 69
3 48 41
3 54 22
3 52 69
3 52 41
3 42 69
3 42 41
3 45 70
3 56 68
3 2 69
3 2 41
3 57 69
3 57 41
3 3 69
3 3 41
3 44 64
3 44 72
3 43 69
3 43 41
3 46 69
3 60 69
3 47 69
3 47 41
3 58 69
3 58 41
3 50 69
3 50 41
3 66 10
3 51 69
3 51 41
3 18 9
3 32 22
3 4 64
3 4 72
3 8 64
3 8 72
3 49 64
3 49 72
3 88 77
4 9 39
4 22 34
4 38 39
4 59 24
4 65 24
4 63 24
4 72 20
4 22 20
4 22 21
4 22 19
4 22 35
4 7 24
4 30 39
4 41 24
