1 5 6
1 13 14
1 14 15
1 15 16
1 16 17
1 21 32
1 32 34
1 34 35
1 35 36
1 36 37
1 37 38
1 38 39
1 39 40
1 40 22
1 22 23
1 23 24
1 24 25
1 25 26
1 26 27
1 27 28
1 28 29
1 29 30
1 30 31
1 31 33
1 50 51
1 51 52
1 52 53
1 55 66
1 66 77
1 77 88
1 88 99
1 99 110
1 110 114
1 114 115
1 115 116
1 116 56
1 56 57
1 57 58
1 58 59
1 59 60
1 60 61
1 61 62
1 62 63
1 63 64
1 64 65
1 65 67
1 67 68
1 68 69
1 69 70
1 70 71
1 71 72
1 72 73
1 73 74
1 74 75
1 75 76
1 76 78
1 78 79
1 79 80
1 80 81
1 81 82
1 82 83
1 83 84
1 84 85
1 85 86
1 86 87
1 87 89
1 89 90
1 90 91
1 91 92
1 92 93
1 93 94
1 94 95
1 95 96
1 96 97
1 97 98
1 98 100
1 100 101
1 101 102
1 102 103
1 103 104
1 104 105
1 105 106
1 106 107
1 107 108
1 108 109
1 109 111
1 111 112
1 112 113
1 124 127
1 127 128
1 128 129
1 129 130
1 130 131
1 131 132
1 132 133
1 133 134
1 134 125
1 125 126
1 135 136
1 136 137
1 138 139
1 139 140
1 167 178
1 178 180
1 180 181
1 181 182
1 182 183
1 183 184
1 184 185
1 185 186
1 186 168
1 168 169
1 169 170
1 170 171
1 171 172
1 172 173
1 173 174
1 174 175
1 175 176
1 176 177
1 177 179
1 195 196
1 196 197
1 197 198
1 198 199
1 199 200
1 200 201
1 201 193
1 193 194
2 143 194
2 138 140
2 156 157
2 117 41
2 155 41
2 142 163
2 142 164
2 142 165
2 142 41
3 5 6
3 13 192
3 13 189
3 13 188
3 13 17
3 143 195
3 117 203
3 117 7
3 117 205
3 117 195
3 124 188
3 124 126
3 155 188
3 155 203
3 155 7
3 155 205
3 155 195
3 142 7
3 142 205
3 142 203
3 142 195
3 44 203
3 44 7
3 44 205
3 44 195
3 54 188
3 19 188
3 160 189
3 161 203
3 161 7
3 161 205
3 161 195
3 55 188
3 55 190
3 55 107
3 145 203
3 145 7
3 145 205
3 145 195
3 146 203
3 146 7
3 146 205
3 146 195
3 151 203
3 151 7
3 151 205
3 151 195
3 149 203
3 149 7
3 149 205
3 149 195
3 141 7
3 141 205
3 141 203
3 141 195
3 118 203
3 118 7
3 118 205
3 118 195
3 118 188
3 118 190
3 118 191
3 118 202
3 118 187
3 45 203
3 45 7
3 45 205
3 45 195
3 119 189
3 121 188
3 152 203
3 152 7
3 152 205
3 152 195
3 123 203
3 123 7
3 123 205
3 123 195
3 123 188
3 123 190
3 123 191
3 123 202
3 123 187
3 158 203
3 158 7
3 158 205
3 158 195
3 158 191
3 21 188
3 21 203
3 21 7
3 21 205
3 21 195
3 21 190
3 21 191
3 21 202
3 21 187
3 21 33
3 153 203
3 153 7
3 153 205
3 153 195
3 150 203
3 150 7
3 150 205
3 150 195
3 135 137
3 49 203
3 49 7
3 49 205
3 49 195
3 49 188
3 49 190
3 49 191
3 49 202
3 49 187
3 154 203
3 154 7
3 154 205
3 154 195
3 122 203
3 122 7
3 122 205
3 122 195
3 122 188
3 122 190
3 122 191
3 122 202
3 122 187
3 167 188
3 167 203
3 167 7
3 167 205
3 167 195
3 167 190
3 167 191
3 167 202
3 167 187
3 167 179
3 48 203
3 48 7
3 48 205
3 48 195
3 46 188
3 166 203
3 166 7
3 166 205
3 166 195
3 47 203
3 47 7
3 47 205
3 47 195
3 47 188
3 47 190
3 47 191
3 47 202
3 47 187
3 20 203
3 20 7
3 20 205
3 20 195
3 43 203
3 43 7
3 43 205
3 43 195
3 4 9
3 159 203
3 159 7
3 159 205
3 159 195
3 3 9
3 50 53
3 1 9
3 147 203
3 147 7
3 147 205
3 147 195
3 147 188
3 144 7
3 144 205
3 144 203
3 144 195
3 148 203
3 148 7
3 148 205
3 148 195
3 2 9
3 8 12
4 189 161
4 189 120
4 162 161
4 137 120
4 189 155
4 137 54
4 137 161
4 9 11
4 33 161
4 189 54
4 137 18
4 205 204
4 113 42
4 191 54
4 137 155
4 203 204
4 179 161
4 10 11
4 187 155
4 189 18
5 6 4
