79 79 65 108
79 19 108
79 19 108
19 52 57 27 105 11 57 27 105 13 105 11 36 105 13 32 107
106 35 107
86 35 27 107 27 105 13 105 13 105 13 105 27 27 105 27 19 105 57 27 105 13 57 27 105 19 105
19 105 13 35 27 107 105
32 105
35 29 107 19 105
35 29 107 19 105
106 27 27 108 15
27 27 108 86 35 29 107 22 105 105
105 11 44 15 93 108
41 93 27 108
41 19 108
29 93 108
41 35 27 107 27 108 13 105 105
21 21 22 19 19 106 21 105
19 20 20 19 19 106 21 105
19 19 108
19 19 108
108
13 27 108
13 109 13 100 93 21 105
13 21 21 105
35 107
105
105
41 20 108
108
41 93 57 93 19 108
13 108
13 105
13 105
105 11 44 105 13 32 79 79 57 79 79 35 77 107 35 107 105
15 108
29 108
13 108
93 21 105 13 32 94 108
41 35 93 107
35 107 105 105 35 35 107 107 100 35 107
106 100 105
105
105
20 19 19 105 11 44 15 21 98 93 32 105 13 109 13 105
29 108
105 11 45 19 16 79 105
8 32 105 13 109 13 105 13 94 57 93 57 93 105 11 57 35 93 108 13 107 32 105 13 109 13 105 13 19 105 13 105 13 105 13 93 57 19 93 108
19 19 19 93 57 105 11 19 56 79 79 108
79 79 58 15 79 79 79 79 105 27 27 105
35 93 108 13 107 79 105
13 105 13 105 13 108 13 35 27 107 79 105
13 105 13 57 79 105
19 101 100 93 108
100 93 108
13 35 93 93 21 105
13 93 19 91 8 112
105
19 42 27 105 11 57 105
19 42 27 105 11 57 29 108
19 42 27 105 11 57 105
19 42 27 105 11 57 105
19 42 27 105 11 57 29 108
19 42 27 105 11 57 29 108
19 42 27 105 11 57 29 108
11 58 29 93 108
42 27 105 11 57 29 108
42 27 105 11 57 105
42 27 105 11 57 105
42 27 105 11 57 105
42 27 105 11 57 105
42 27 105 11 57 93 21 105
13 35 107
108
42 27 105 11 57 93 108
11 19 54 21 105
19 16 110 13 8 27 105 11 57 105
13 108
42 19 105
42 27 105 11 57 93 108
11 19 54 21 105
13 108
42 19 105
42 27 105 11 57 108
13 105 11 62 20 108 13 105 93 19 108
19 42 27 105 11 57 93 19 108
19 42 27 105 11 57 93 20 108
19 41 27 105 11 57 93 93 21 105
19 42 27 105 11 57 93 19 108
19 42 27 105 11 57 93 19 108
19 42 27 105 11 57 35 35 108
13 108 13 107 27 105 13 105 13 107 105 11 57 35 108
13 107
21 21 21 105
35 107
105
105
19 42 105
13 35 107
41 27 105 11 57 93 105 11 62 35 108
13 107
21 21 21 105
35 107
105
105
19 42 105
41 27 105 11 58 27 105 11 57 35 27 107 27 108 13 105 105
42 27 105 11 57 35 27 107 27 108 13 105 105
42 27 105 11 57 35 29 107 22 105 13 27 27 105 13 27 108
108
13 105
13 105
13 105 13 105
111 11 41 27 105 11 57 91 20 54 93 21 108
19 41 27 105 11 57 105
19 41 27 105 11 57 19 93 57 93 105 11 62 93 21 105
19 19 19 100 108
77 44 15 79 77 105
105 11 45 15 79 19 87 41 93 105
21 19 19 106 105
29 108
93 57 93 19 105
93 105 11 108
94 57 93 105
11 57 44 105
41 35 27 107 105
15 105 11 21 52 93 21 105
13 91 20 53 35 108 13 107 27 105 13 93 21 105
13 105 13 105 13 93 108
41 21 52 19 108
29 93 108
41 93 108
11 58 93 108
13 91 108
32 105 13 109 13 27 105 11 209 105 13 79 105
13 105 13 79 105
79 105
21 105
13 32 86 79 105 79 105 19 93 34 53 105
13 19 105 13 19 109 11 53 93 108 105
77 21 52 79 79 32 105
106 93 105 11 62 93 105 19 93 34 53 108
19 105
79 58 15 79 105
19 19 94 57 80 57 93 57 93 105
19 20 52 20 105
19 19 93 57 108
79 57 105
108
19 79 80 58 79 79 79 105
79 79 105
19 19 105 11 21 52 2 79 77 44 15 2 41 57 79 105
79 79 77 84 79 21 105
93 19 19 70 79 105
111 100 93 108
108
13 107 105 35 79 105 13 105
19 93 87 105 11 44 91 19 52 93 91 84 19 98 79 80 58 93 108
19 101 93 19 87 105
93 105
100 19 86 19 84 93 19 87 91 19 52 93 77 98 93 19 84 19 98 93 108
13 105
35 79 107 105 13 32 105 105 11 20 52 80 57 15 105 11 84 35 105 13 107 35 79 19 107 20 36 19 105 11 19 55 105 105 79 86 41 14 41 80 58 19 105 77 169 84 41
16 35 79 107 105 32 79 79 108
27 19 35 107 105 13 8 32 8 105 108 13 35 105 13 107 19 109
19 19 108
19 19 108
108
13 27 108
13 109 13 100 93 21 105
13 21 21 105
35 107
105
105
41 20 108
108
41 93 57 93 19 108
13 108
13 105
13 105
105 11 44 105 13 32 79 79 57 79 79 35 77 107 35 19 107 105
15 108
29 108
13 108
93 21 105 13 32 94 108
41 35 93 107
11 57 105 13 105
105 13 35 27 107 35 107 105 13 22 105 13 105
19 105 13 19 105 13 57 105 13 105 13 105
11 19 2 44 35 27 107 35 29 107 105 13 22 105 13 27 105 13 105
93 58 15 35 107 27 105 22 105 27 105 27 105 105
13 105 13 105 13 108
13 105 13 93 21 105
13 105 13 105 13 21 105 13 105 13 27 105 13 21 21 105 13 105 13 105 13 77 216 84 79 19 105 15 35 93 105
35 93 29 107 93 19 22 108
13 35 27 107 93 105
13 19 19 108
13 93 105
13 21 105 13 108 12 19 91 20 53 35 27 27 19 107 93 21 105
13 105 19 105 19 105 19 105 79 105 35 93 105
13 107 21 108 13 105 13 19 105 13 105 13 93 21 105
35 27 35 93 108 13 107 105 13 105 13 108 13 107 22 105 93 105
35 29 107 27 105 13 27 105 13 105
100 35 108
35 29 107 105
