1 1 2
1 2 3
1 3 4
1 4 5
1 5 6
1 6 7
1 11 12
1 12 13
1 24 25
1 25 26
1 26 27
1 27 28
1 28 29
1 29 30
1 30 31
1 46 47
1 67 68
2 44 22
2 24 31
2 19 54
2 19 67
2 19 68
2 19 63
2 19 51
2 19 56
2 19 55
2 19 66
2 19 50
2 19 67
2 19 57
2 19 50
2 19 62
2 19 56
2 19 67
2 19 56
2 14 22
2 17 22
2 18 22
2 8 10
2 69 49
2 69 67
2 69 63
2 69 54
2 69 56
2 69 67
2 69 48
2 69 68
2 69 66
2 69 45
2 69 67
2 69 51
2 69 56
2 69 46
2 69 62
2 69 56
2 69 57
2 69 65
2 69 50
2 69 59
2 69 47
2 69 59
2 69 52
2 69 50
2 69 61
2 69 53
2 69 64
2 69 55
2 69 45
2 69 61
2 69 60
2 69 60
2 58 65
2 58 56
2 58 47
2 58 61
2 58 51
2 58 45
2 58 66
2 58 60
2 58 67
2 58 60
2 58 57
2 58 46
2 58 64
2 58 48
2 58 56
2 58 67
2 58 59
2 58 50
2 58 53
2 58 52
2 58 56
2 58 45
2 58 50
2 58 63
2 58 55
2 58 67
2 58 68
2 58 61
2 58 54
2 58 62
2 58 59
2 58 49
2 32 33
2 32 33
2 32 40
2 32 41
2 32 33
2 32 37
2 32 42
3 24 25
3 14 22
3 17 23
3 17 22
3 18 22
3 18 21
3 18 20
3 1 7
3 11 13
3 8 10
3 8 9
3 16 15
3 32 34
3 32 39
3 32 36
3 32 35
3 32 38
3 43 39
