1 3 4
1 4 5
1 5 6
1 6 7
1 7 8
1 9 20
1 20 31
1 31 41
1 41 42
1 42 43
1 43 44
1 44 45
1 45 46
1 46 10
1 10 11
1 11 12
1 12 13
1 13 14
1 14 15
1 15 16
1 16 17
1 17 18
1 18 19
1 19 21
1 21 22
1 22 23
1 23 24
1 24 25
1 25 26
1 26 27
1 27 28
1 28 29
1 29 30
1 30 32
1 32 33
1 33 34
1 34 35
1 35 36
1 36 37
1 37 38
1 38 39
1 39 40
1 47 48
1 48 49
1 50 51
1 52 53
1 54 55
1 56 57
1 57 58
1 61 62
1 62 63
1 63 64
3 2 60
3 56 58
3 3 8
3 1 60
3 1 59
3 54 55
3 9 40
3 47 49
3 50 51
3 52 53
3 61 64
