19 19 22 20 27 105 13 27 105 11 57 79 108
106 108 13 79 35 27 107 105
79 108
13 105 13 32 93 77 105
11 57 79 108
13 27 19 108 13 105 15 35 79 108
13 29 107 27 77 105 79 108
13 105
35 107 20 105 20 105 20 105 27 105 20 105 35 107 27 105 13 93 105 13 105 13 105 20 105 79 108
13 79 19 19 105 13 27 105 11 57 19 105 13 35 107 105 13 105 13 27 105 13 105 13 20 105 105 20 105 79 79 19 20 108
13 105 20 105 79 79 19 20 108
13 105 20 105 79 79 19 20 108
13 105 20 105 35 107 27 105 13 79 108
13 77 105 13 27 105 13 79 108
13 77 105 13 27 105 13 79 108
13 77 105 13 27 105 13 79 108
13 77 105 13 105 13 105 20 105 35 107 27 105 13 79 108
13 77 105 13 27 105 13 79 108
13 77 105 13 105 13 105 20 105 35 107 27 105 13 79 108
13 57 79 108
13 77 105 13 27 105 13 79 108
13 77 105 13 27 105 13 79 108
13 77 105 13 27 105 13 79 108
13 77 105 13 105 13 105 20 105 35 107 27 105 13 79 108
13 77 105 13 27 105 13 79 108
13 77 105 13 27 105 13 79 108
13 77 105 13 27 105 13 79 108
13 77 105 13 105 13 105 20 105 35 107 27 105 13 79 108
13 77 105 13 27 105 13 79 108
13 77 105 13 27 105 13 79 108
13 19 105 13 32 79 108
13 77 105 13 105 13 105 20 105 35 107 27 105 13 79 108
13 77 105 13 27 105 13 79 108
13 77 105 13 105 13 105 20 105 27 79 108
13 80 57 27 79 108
13 80 57 35 107 105 13 27 105 13 105 13 35 107 27 105 13 105 13 105 13 105 20 105 27 79 108
13 80 57 27 79 108
13 80 57 35 107 105 13 27 105 13 105 13 79 108
13 80 57 35 107 105 13 27 105 13 105 13 35 107 27 105 13 105 13 105 13 105 20 105 20 105 93 77 105
13 105 35 27 107 27 105 27 19 36 19 27 72 105 27 27 105 27 105 13 105 79 27 108
13 19 105 13 32 79 108
13 19 105 13 32 79 79 19 19 108
13 105 20 105 79 79 19 19 108
13 105 20 105 79 79 19 19 108
13 105 27 79 108
13 79 19 19 105 13 27 105 11 57 19 105 13 35 107 105 13 27 105 13 105 13 79 108
35 79 108
13 29 107 79 108
13 105
57 79 19 105 35 27 107 27 27 105 79 108
13 108 13 105
57 79 19 105 35 27 107 27 27 105 79 108
13 108 13 105
19 20 35 107 105 105 105 27 105 105 93 105
13 105 105 93 105 35 27 107 27 105 27 19 36 27 72 105 27 27 105 27 105 13 105 79 27 108
21 106 21 105
8 93 57 105
13 32 19 105 35 29 107 105
93 93 86 35 27 107 27 27 105 79 108 13 105
13 80 58 79 79 93 52 79 80 58 79 79 93 52 79 80 57 19 57 27 27 105 79 108 13 105
105 11 44 105
19 16 105 11 105 11 93 79 108
13 57 105
35 27 107 27 79 105 79 108 13 105
