1 4 5
1 5 6
1 7 8
1 9 10
1 11 12
1 29 30
1 30 31
1 31 32
1 51 52
1 52 53
1 57 58
2 49 56
2 49 3
2 24 3
2 36 1
2 36 1
2 36 2
2 36 1
2 36 2
2 36 58
2 18 3
2 18 56
2 44 43
2 44 43
2 44 43
2 40 2
2 40 1
2 40 2
2 40 1
2 40 1
2 40 58
2 46 56
2 46 3
2 48 58
2 48 2
2 48 1
2 48 1
2 48 1
2 48 2
2 35 58
2 35 56
2 35 3
2 35 34
2 29 30
2 29 32
2 23 1
2 23 58
2 23 2
2 23 1
2 23 1
2 23 2
2 47 45
3 9 10
3 36 55
3 36 57
3 40 55
3 40 57
3 48 55
3 48 57
3 35 57
3 23 55
3 23 57
3 16 55
3 16 57
3 4 6
3 19 55
3 19 57
3 7 8
3 50 55
3 50 57
3 15 55
3 15 57
3 17 55
3 17 57
3 38 57
3 20 54
3 27 54
3 14 55
3 14 57
3 41 57
3 37 54
3 11 12
3 51 53
3 33 57
3 42 55
3 42 57
3 39 57
4 12 22
4 12 16
4 12 25
4 12 17
4 12 21
4 28 13
4 12 19
4 12 26
4 12 23
4 12 15
