108 13 86 79 58 15 79 105 11 57 79 105 13 109 11 62 109 13 109 11 57 109 13 32 105 13 93 105
27 108 13 79 105 13 86 79 105 79 105 13 86 79 105 13 86 105
35 79 107 35 107
19 27 105
27 105
13 27 109 11 57 35 27 109 11 58 29 107 105
27 105
35 29 107 105
27 105
35 29 107 105
19 19 106 27 105
13 19 27 109 11 57 27 109 11 52 2 109 11 45 2 16 2 41 35 29 107 105
106 21 105
106 109 11 19 52 105
19 106 21 105
106 21 105
106 21 105
93 105
106 21 105
35 79 107
106 105
106 21 105
106 21 105
93 105
106 21 105
106 21 105
35 79 107
19 106 109 11 52 35 29 107 105
19 108 13 86 79 58 105
13 27 108 13 105 15 79 105 11 58 105
13 27 108 13 105 41 35 107 27 105 27 105 27 105 79 105
79 105 41
19 79 21 105
109
19 79 109 11 58 27 108 13 20 105 105 15 93 105
111 21 105
111 114 11 20 3 3 53 114 11 20 3 3 55 114 11 209 209 98 20 9 3 105
79 105
19 79 108
19 106 21 105
111 114 11 20 3 3 53 114 11 20 3 3 55 114 11 209 209 98 20 9 3 105
93 105
27 19 65 27 52 35 35 93 108 13 107 27 105 13 105 13 107 105 13 32 105 13 35 107 105 11 19 52 8 18 35 108 13 107 134 105 13 105 13 41 35 35 93 108 13 107 19 65 105 13 27 105 13 19 65 105 13 27 105 13 105 13 107 35 35 93 108 13 107 27 105 13 105 13 107 105 13 34 35 93 108 13 107 27 105 13 209 108 13 105 13 27 105 13 105 13 35 105 13 107 35 107 35 20 107 20 36 19 19 20 105 11 60 105 105 105 105 105 27 42 19 105 41 14 41 14 27 42
106 21 105
27 35 93 107 105 13 32 20 105 20 105 27 105 19 105 19 105 105 13 35 35 27 107 107 35 107 27 19 65 105 27 35 27 107 93 105
93 105
21 9 3 105
19 106 21 105
93 105
106 21 105
79 108
13 19 109 13 32 35 27 107 105 13 105 13 108 13 35 27 107 79 108
13 105
35 27 107 27 105 57 35 107 109 13 109 11 58 27 105 13 105 107
19 79 27 105 13 32 86 79 105 13 105 11 61 2 16 105 13 109 13 79 19 35 27 107 19 108
86 35 27 107 79 79 105
11 58 79 19 35 27 107 19 108
13 79 79 35 27 107 105
