35 35 105 13 107 107 105 13 58 105 19 16 27 105 11 58 35 79 108 13 107 27 105 13 105 13 105 13 86 41 14 19 41
13 105
19 20 53 105 15 79 30 79 65 52 79 65 105
19 106 94 57 93 27 105 20 53 15 79 30 79 63 19 52 79 65 105 79 65 105
19 19 109 11 44 94 57 93 35 27 107 109 11 105 13 105 13 105 94 57 109 11 209 84 79 77 105
79 105
106 11 16 94 57 93 27 105 79 30 20 53 31 79 105
41 79 65 19 105 79 65 57 79 65 105 11 57 79 65 105 79 65 105 79 65 105
106 94 57 93 27 105 79 30 19 20 53 31 79 19 105 79 57 79 79 105 15 79 65 57 79 65 105 11 57 79 65 105 209 41 14 31 40
19 19 106 94 57 93 27 105 80 57 105
79 30 20 53 31 79 105 79 79 105 13 23 105 79 57 79 79 79 19 105 13 105 15 77 209 214 58 107
41 94 57 93 27 105 80 58 87 35 22 105
13 108 13 107 27 105 13 105 13 108 13 105 41 79 63 52 79 65 57 79 65 105 11 58 79 65 105 209 42 14 31 40
106 19 105
79 105
