57 105 8 209 41 14 8 41 14 57 105 57 105 41 14 41 14 57 105 40 14 31 40 14 41 14 8 41 14 8 41
31 15 14 105 11 58 27 19 36 19 105 13 72 108
13 105 11 107
79 109
13 105 35 105 13 107 105 105 15
105 13 32 18
105 13 105
13 105 35 105 13 107 105 105 15 27 105 41 27 105 41 27 105 108
79 79 105 11 62 79 35 107
106 22 105
79 108
11 57 79 79 105 13 109 13 105 13 79 108
11 58 79 79 27 105 15 79 79 105 13 109 13 105 13 79 79 105 13 109 13 105 13 79 79 105 13 109 13 105 13 79 79 105 13 109 13 105 13 35 79 105
13 29 107 27 105 27 105 27 105 27 105 79 105
