1 2 6
1 6 7
1 7 8
1 8 9
1 9 10
1 10 11
1 11 12
1 12 13
1 13 3
1 3 4
1 4 5
1 16 21
1 21 22
1 22 23
1 23 24
1 24 25
1 25 26
1 26 27
1 27 28
1 28 17
1 17 18
1 18 19
1 19 20
1 29 30
1 35 43
1 43 44
1 44 45
1 45 46
1 46 47
1 47 48
1 48 49
1 49 50
1 50 36
1 36 37
1 37 38
1 38 39
1 39 40
1 40 41
1 41 42
1 51 52
1 52 53
1 53 54
1 54 55
1 56 57
1 58 69
1 69 77
1 77 78
1 78 79
1 79 80
1 80 81
1 81 82
1 82 83
1 83 59
1 59 60
1 60 61
1 61 62
1 62 63
1 63 64
1 64 65
1 65 66
1 66 67
1 67 68
1 68 70
1 70 71
1 71 72
1 72 73
1 73 74
1 74 75
1 75 76
1 85 86
1 87 88
1 89 90
1 90 91
1 91 92
1 92 93
1 93 94
1 95 96
1 96 97
1 97 98
1 98 99
1 105 106
1 106 107
1 112 113
1 113 114
1 114 115
1 118 119
1 119 120
1 124 125
1 125 126
1 129 130
1 130 131
1 131 132
1 135 136
1 136 137
1 139 140
1 140 141
1 141 142
1 142 143
1 143 144
1 144 145
1 145 146
1 146 147
1 148 149
1 149 150
1 150 151
1 151 152
1 152 153
1 153 154
1 154 155
1 155 156
1 158 159
1 159 160
1 160 161
1 161 162
1 162 163
1 163 164
1 164 165
1 165 166
1 167 168
1 168 169
1 169 170
1 170 171
1 171 172
1 172 173
1 173 174
1 174 175
1 176 178
1 178 179
1 179 180
1 180 181
1 181 182
1 182 183
1 183 184
1 184 185
1 185 177
1 188 196
1 196 197
1 197 198
1 198 199
1 199 200
1 200 201
1 201 202
1 202 203
1 203 189
1 189 190
1 190 191
1 191 192
1 192 193
1 193 194
1 194 195
1 204 205
1 205 206
1 206 207
1 207 208
1 209 210
1 213 214
1 214 215
1 220 221
1 221 222
1 222 223
1 224 225
1 225 226
1 226 227
1 227 228
1 228 229
1 229 230
2 212 186
2 108 109
2 112 115
2 112 110
2 111 110
2 134 133
2 213 215
2 213 186
3 87 88
3 167 175
3 129 132
3 35 42
3 95 99
3 2 102
3 2 5
3 148 156
3 89 94
3 188 195
3 51 55
3 135 137
3 16 20
3 124 126
3 204 208
3 231 102
3 85 86
3 220 216
3 220 223
3 116 103
3 117 103
3 111 102
3 111 101
3 111 103
3 139 147
3 176 177
3 118 120
3 158 166
3 128 32
3 122 32
3 122 33
3 209 210
3 211 33
3 211 32
3 224 33
3 224 230
3 218 216
3 1 102
3 56 57
3 58 102
3 58 101
3 58 73
3 29 30
3 31 33
3 31 32
3 15 33
3 15 32
3 105 33
3 105 107
3 100 32
4 208 104
4 230 188
4 102 2
4 132 123
4 88 188
4 216 16
4 76 121
4 88 16
4 230 2
4 73 16
4 101 2
4 88 2
4 216 35
4 216 219
4 76 16
4 33 35
4 156 219
4 102 16
4 76 219
4 73 14
4 156 84
4 76 188
4 101 188
4 216 188
4 230 16
4 175 219
4 76 35
4 175 84
4 102 188
4 101 16
5 132 127
5 230 217
5 73 34
5 156 138
5 208 187
5 175 157
5 216 217
