20 52 19 52 105 13 108
19 27 108
15 105
13 108
11 53 35 27 93 107 20 105
108
11 105
106 22 105
19 105
13 27 105 13 105 11 57 105 13 27 108 13 105 13 19 108
57 108
105
27 108
108
19 27 19 108
19 27 108
27 105 13 108 11 58 105
27 105 13 86 27 108
27 108
15 107
108
11 105
106 21 105
108
105
13 20 105 105
13 57 27 108
27 108 13 105 13 19 108
19 27 108
106
19 19 19 27 108
35 29 107 93 105 22 105 105
35 29 107 22 105 105
19 19 27 108
19 19 19 27 108
27 108
105 13 105 13 109 13 27 19 109 109 27 108
105
13 108
11 27 108 13 105 13 108
58 27 108
35 29 107 105
108
11 105
106 21 105
108
27 108
105 13 105 13 27 109 11 27 108 13 105 13 108
27 108
58 27 108
19 19 27 108
27 108
105 13 105 13 27 109 11 209 109 13 27 109 109 27 108 13 105 13 19 108
27 108
205 58 35 29 107 105
19 27 108
106
19 19 27 108
27 108
79 105 107
2 42 27 108
105
13 108
11 27 108 13 105 13 108
53 35 107
105
13 27 105
27 108
109 11 45 106 11 27 108
2 42 52 93 108
41 108
41 27 108
35 29 107 27 105 20 105
27 108
2 42 27 108
35 27 93 107 105
16 79 57 35 27 107 79 105 11 105 13 105 13 108
35 27 107 79 105 11 105 13 105 13 108
79 105 11 57 79 105 11 58 79 105 13 108 11 58 27 108
79 19 19 105 27 108
105
13 21 105 13 32 57 105
27 108
19 27 108
27 19 108
93 108 13 35 107 105 19 105
106 105
13 35 27 107 105 13 105 35 27 107 105 13 105 35 27 107 105 13 105 27 105 13 105 11 57 27 105 13 108 11 57 27 105 13 27 105 13 108 11 58 35 27 107 27 105 27 105 27 105 93 19 105 105
19 22 106 105
79 58 35 27 107 27 27 105 27 105
13 19 108 13 105 105 35 27 107 27 27 105 27 105
13 105 27 105
13 105 105 35 27 107 105 19 36 72 19 72 19 72 86 79 34 54 65 27 108 13 105 13 108
105
22 19 19 106 105
79 58 27 36 105
13 72 108 13 35 27 108 13 107 105 27 36 105
13 72 108 13 35 27 108 13 107 105 19 36 72 72 86 79 34 54 65 27 108 13 105 13 108
105
19 109 11 44 106 11 16 108
35 27 93 107 22 105 20 105
35 27 107 22 105 27 105 20 105
35 27 107 27 105 27 105 27 105 27 105 105
20 19 19 27 108
19 109 11 45 106 11 16 108
105
41 79 105 13 105 13 35 107 27 105 19 105
19 19 44 15 27 108
13 35 107 2 20 54 27 19 36 19 108 13 72 108 13 27 19 36 19 108 13 72 108 13 214 58 2 108 12 105 27 105 27 105 27 108 13 105 27 108 13 105 27 108 13 105 93 105 209 2 41 2 41 93 18 14 27 108
16 27 79 79 105 27 79 79 105 27 79 80 108 13 105 27 108 13 105 27 108 13 105 93 105 13 86 35 27 107 79 105 13 105 13 108
19 19 19 109 11 45 106 11 16 27 108
27 19 108
105
106 35 27 107 79 105 13 105 13 108
27 79 105 27 79 105 27 79 105 27 108
19 19 19 27 108
19 19 19 27 108
105 11 44 15 27 19 108
27 108
11 57 35 29 107 105
19 27 108
19 109 11 45 106 11 16 108
27 19 108
27 19 108
79 109 13 32 27 109 13 32 35 107 108 13 35 107 105 27 108 13 105 13 108
19 105
44 106
19 105 11 44 15 35 27 107 79 105 79 57 108 13 27 105 11 57 27 105 13 35 27 107 105 35 27 107 79 105 13 27 105 13 105 35 79 107 105 13 35 107 105 13 23 105 12 110 105 105 108
108
11 105
106 21 105
57 27 105 13 86 35 27 107 79 105 79 58 35 29 107 19 105
105 209 41 27 108
20 19 19 27 19 108
27 19 108
106 21 105
13 35 29 107 21 108 13 35 107 27 105 27 105 27 105 19 105
19 19 27 108
19 19 27 108
105 11 44 27 108
15 27 108
19 105
105
41 27 108
27 108
79 57 21 105
13 32 105 13 105 13 108 11 57 21 19 108 13 105 41 35 27 79 107 21 108 13 35 107 27 105 27 105 27 105 19 105
19 27 108
108
11 105
106 21 105
21 105
21 105
13 32 21 105
13 32 105 105 27 108
35 27 107 27 105 20 105
19 20 52 19 52 105 13 86 27 19 108
19 19 27 108
105 11 44 27 108
15 27 108
19 105
105
41 27 108
27 108
79 57 21 105
13 32 105 13 105 13 108 11 57 21 19 108 13 105 41 35 27 79 107 21 108 13 35 107 27 105 27 105 27 105 19 105
19 27 108
108
11 105
106 21 105
21 105
21 105
13 32 21 105
13 32 105 105 27 108
35 27 93 107 20 105
19 19 19 27 108
13 32 105 13 105 13 108 11 57 21 108 13 105 41 35 27 93 107 27 105 21 108 13 35 107 27 105 27 105 27 105 19 105
105 11 44 27 108
15 27 108
19 105
105
41 27 108
27 108
21 105
13 32 105 13 105 13 108 11 57 21 108 13 105 41 21 105
15 93 105 13 86 35 27 107 79 105 13 105 13 108
19 44 106
19 27 108
27 19 108
27 105 13 86 27 105 13 33 57 32 86 27 105 13 33 57 79 32 105
27 105 13 33 57 79 32 105
27 108
27 108
15 105
13 107
108
11 105
106 21 105
108
35 107
86 79 105
105
13 105 57 27 108
27 19 108
27 108 13 105 13 19 108
44 27 108
15 35 29 107 21 105
13 27 105 27 79 79 105 20 105
19 27 108
106
19 19 19 27 108
19 27 108
19 27 108
106 107
27 79 105 27 79 105 27 79 105 27 79 105 27 108
93 108 13 35 27 107 20 105
19 27 108
19 19 19 109 13 32 35 27 107 77 105 13 105 13 108
19 27 19 108
27 19 108
27 79 105 11 57 107
27 108
15 27 79 105 11 57 93 108 13 35 107 105 19 105
19 19 27 19 108
109 11 45 106 11 27 108
16 27 108
108
105
41 27 108
35 27 93 107 20 105
19 27 108
