1 4 5
1 5 6
1 7 8
1 8 9
1 11 12
1 13 23
1 23 24
1 24 25
1 25 26
1 26 27
1 27 28
1 28 29
1 29 30
1 30 14
1 14 15
1 15 16
1 16 17
1 17 18
1 18 19
1 19 20
1 20 21
1 21 22
1 31 32
1 34 35
1 37 38
1 38 39
1 39 40
1 40 41
1 41 42
1 56 57
1 57 58
1 58 59
1 59 60
1 60 61
2 43 44
2 43 48
2 43 47
2 43 45
2 43 45
2 43 48
2 43 48
2 43 44
2 13 3
2 13 22
2 33 44
2 33 48
2 33 45
2 33 48
2 33 45
2 33 48
2 33 47
2 33 44
2 33 45
2 52 53
2 4 6
2 2 1
2 11 3
2 34 35
2 62 61
2 62 56
2 49 46
2 49 47
3 50 63
3 31 32
3 37 42
3 7 9
3 11 12
3 51 63
3 55 54
4 36 10
