13 32 105 13 8 57 105 11 57 2 80 105
19 19 77 44 93 35 107
35 107 27 105 79 80 57 27 105 79 79 105
58 15 105 13 27 105 11 57 27 105 11 57 79 27 19 105 11 105
41 27 105 11 57 27 108
13 32 79 105 13 105
105 11 21 52 35 27 107 27 105 8 32 105 13 109 13 19 36 19 72 27 105 27 21 105
13 105 27 27 105 27 105 21 105
13 108
106 22 105
105 11 21 52 105
105 11 21 52 105 13 32 108 13 35 27 107 105
19 106 105
105
13 57 21 105
79 105
13 2 93 34 53 21 105
13 32 86 79 105 21 105
13 32 86 79 105 79 21 105 79 27 105 108
79 79 105
15 79 35 27 107 105 13 105 13 108
13 32 72 79 65 105 79 65 93 65 105 79 65 93 65 105 11 57 22 105 209 2 41 22 41 35 107 105 13 19 105 35 107
105
13 105 13 27 105 13 108
13 27 105 13 27 105 13 27 105 13 108
13 86 79 58 105
35 21 105
13 108 13 107 27 105 13 105
11 105
13 105 13 105 13 105
105 13 32 35 29 107 35 107 27 79 105
13 105 27 105 105 105
19 19 106
106
27 79 105 27 107
109 11 21 52 35 29 107 105
105 13 33 57 32 105
13 35 29 107 35 107 27 105
13 105 27 105
13 105 27 105
13 105 27 105
13 105 105 105
19 19 106
19 35 107 105 13 27 27 105 105 13 18 14 93 35 108 13 107 27 105 13 105 13 105 13 105 13 105 41
35 107 35 107 105 13 32 27 105 19 105 19 105 19 105 109 13 109 13 109 11 58 27 105 11 108 13 105 35 105 13 107 105 105 35 35 105 13 107 107 105 13 58 105 105 105 13 18 109 13 32 109 13 32 105 41 14 93 105 13 105 41 105 41
11 58 105 209 41
19 79 58 2 16 79 27 105 13 32 105 13 57 105 11 57 19 41 2 41
58 19 18 35 107 35 107 105 13 32 27 105 19 105 19 105 19 105 27 27 105 27 105 11 108 13 105 35 105 13 107 105 105 35 35 105 13 107 107 105 13 58 105 105 105 13 41 105 41 14 93 105 13 105 41
108
105
79 78 93 105 11 58 107
35 107 100 35 107
93 57 29 105 13 93 105 13 105 13 32 86 15 14 27 108
40 35 112
105
79 105 79 105 11 108
13 109
12 107
11 57 79 105 11 52 108
13 109
12 181 23 50 62 79 105 107
22 22 77 108
13 19 8 8 8 112
