1 2 3
1 3 4
1 4 5
1 5 6
1 6 7
1 7 8
1 8 9
1 9 10
1 10 11
1 11 12
1 12 13
1 23 28
1 28 29
1 29 30
1 30 31
1 31 32
1 32 33
1 33 34
1 34 35
1 35 24
1 24 25
1 25 26
1 26 27
1 46 50
1 50 51
1 51 52
1 52 53
1 53 54
1 54 55
1 55 56
1 56 57
1 57 47
1 47 48
1 48 49
1 58 59
1 60 61
1 107 110
1 110 111
1 111 112
1 112 113
1 113 67
1 67 68
1 68 69
1 69 70
1 70 71
1 71 72
1 72 73
1 73 74
1 74 75
1 75 76
1 76 77
1 77 78
1 78 79
1 79 80
1 80 81
1 81 82
1 82 83
1 83 84
1 84 85
1 85 86
1 86 87
1 87 88
1 88 89
1 89 90
1 90 91
1 91 92
1 92 93
1 93 94
1 94 95
1 95 96
1 96 97
1 97 98
1 98 99
1 99 100
1 100 101
1 101 102
1 102 103
1 103 104
1 104 105
1 105 106
1 106 108
1 108 109
1 119 120
1 120 121
1 122 123
1 123 124
1 124 125
1 125 126
1 126 127
1 127 128
1 128 129
1 129 130
1 135 138
1 138 139
1 139 140
1 140 141
1 141 142
1 142 143
1 143 144
1 144 145
1 145 136
1 136 137
1 162 173
1 173 184
1 184 194
1 194 195
1 195 196
1 196 197
1 197 198
1 198 199
1 199 163
1 163 164
1 164 165
1 165 166
1 166 167
1 167 168
1 168 169
1 169 170
1 170 171
1 171 172
1 172 174
1 174 175
1 175 176
1 176 177
1 177 178
1 178 179
1 179 180
1 180 181
1 181 182
1 182 183
1 183 185
1 185 186
1 186 187
1 187 188
1 188 189
1 189 190
1 190 191
1 191 192
1 192 193
2 119 133
2 119 118
2 119 131
2 119 109
2 119 132
2 119 107
2 119 107
2 119 65
2 119 107
2 160 63
2 160 206
2 160 66
2 160 66
2 134 109
2 134 133
2 134 65
2 134 117
2 134 107
2 134 107
2 134 107
2 134 132
2 134 131
2 134 118
2 122 130
2 122 115
2 122 116
2 114 109
2 114 118
2 114 117
2 114 65
2 114 133
2 114 107
2 114 107
2 114 132
2 114 131
2 114 107
2 162 63
2 162 66
2 162 66
2 162 64
2 200 66
2 200 63
2 200 66
2 23 27
2 44 36
2 44 36
2 44 38
2 44 37
2 40 36
2 40 36
2 40 38
2 40 37
2 45 36
2 45 36
2 45 38
2 45 37
2 43 37
2 43 36
2 43 36
2 43 39
2 43 38
2 135 137
2 150 149
2 41 36
2 41 38
2 41 36
2 41 37
2 41 39
2 14 15
2 14 13
2 14 15
2 14 17
2 14 2
2 14 18
2 14 19
2 14 13
2 207 207
2 1 13
2 1 19
2 1 2
2 1 13
2 1 18
2 42 36
2 42 39
2 42 37
2 42 21
2 42 36
2 42 38
2 42 22
2 20 16
2 62 151
2 62 152
2 155 153
2 147 148
2 147 146
3 119 121
3 157 204
3 122 125
3 156 204
3 60 61
3 58 59
3 202 204
3 162 193
3 46 49
3 201 205
3 14 210
3 14 209
3 14 208
3 1 210
3 1 209
3 1 208
3 155 154
3 159 203
3 159 205
3 161 203
3 161 205
3 158 205
