79 108
27 109
13 109
13 109
11 52 109
13 57 109
13 27 108
13 105 11 62 35 107
27 105
13 27 105 11 58 27 105 11 57 27 105
105
42 14 105 57 105
42 27 105 11 57 57 105 11 62 57 105 11 62 108 13 27 105 27 105 13 19 19 34 54 65 79 105 11 57 65 27 19 105 13 105
79 108
27 27 108 35 107 93 57 93 105 13 32 86 79 19 105 79 21 105 79 21 105 15 105 13 32 86 41 14 27 35 107 27 105 13 105 13 105 13 108
79 58 35 27 107 40 79 105 13 18
79 58 35 27 107 40 79 105 13 18 14 35 105 13 107
19 19 79 105 13 57 105 13 93 52 16 2 41 2 41
19 79 105 13 57 105 13 93 52 19 16
27 108
20 139 204 212 171 171 213 52 2 108 11 54 2 35 2 112 86 139 171 213 36 86 35 27 107 105 13 27 105 13 105 13 27 105 13 105 13 27 105 13 105 13 27 105 13 105 13 27 105 13 105 13 27 105 13 79 34 105 13 27 105 13 105 13 108
19 79 57 79 58 16 79 79 79 34 105 11 62 79 57 35 27 107 79 34 105 13 27 105 13 105 13 105 13 108
19 19 27 108
13 105 79 108
15 27 108
79 108
13 27 105 13 32 19 105 19 19 105 11 19 105 79 108
79 108
13 105
11 19 19 108 11 79 35 19 19 19 19 112 108
19 51 19 52 35 107 40 14 105 79 108
13 19 35 20 20 107
108 13 105 79 93 108
79 108
13 57 79 108
27 27 105 13 32 35 108 13 107 105 13 105 13 105 13 35 108 13 107 27 105 13 105 13 35 108 13 107 105 13 105 13 105 13 18
13 35 108 13 107 27 105 13 105 13 35 107 57 105 11 58 105 11 57 105 27 27 108 105 27 108
107 27 105 13 32 86 79 105 13 86 15
94 58 15 27 105 13 32 105 13 57 105 11 58 35 19 20 107
79 79 108
80 58 79 108
80 57 105
79 108
108 12 79 79 108
79 108
19 19 79 52 35 27 107 77 105 13 105 13 108
13 108
13 108 13 105 22 105 105
13 105
77 44 15 107
107
41 107
41 79 105
27 108
108 12 85 107
41 79 52 19 77 52 35 27 107 108
13 108
35 27 107 22 105 79 105
13 105
35 27 107 22 105 79 105
13 105
107
11 57 105 13 108 11 57 93 27 108
19 19 19 36 27 72 27 72 105 13 27 105 13 105 11 57 27 72 8 18 27 105 13 32 58 27 72 8 41 105 13 105 13 93 52 27 72 8 41 105 13 105 13 93 52 27 72 105 13 72 8 41 8 41
27 105 13 32 105 13 57 105 11 16 19 41 14 19 41
11 57 105 13 105 13 18 93 27 108
13 79 79 79 79 105
77 60 105 11 62 19 105 78 121 180 85 209 173 58 79 108
11 58 19 105 105 77 19 52 108
13 77 108 13 109 13 32 79 19 78 71 79 19 78 71 79 19 77 121 71 57 105 57 105 15 79 105 13 105 13 86 79 21 105 13 79 105 13 8 8 42 78 125 22 193 78 125 194 127 20 56 20 2 79 57 79 77 109
108
13 79 109 13 57 108
13 79 109 13 32 19 19 19 108 13 105 79 108
13 79 79 79 79 105
2 42 14 108
13 27 19 36 19 79 79 72 108 13 108
108
13 79 19 109 41 14 8 8 8 108
13 105 13 108
77 209 84 19 56 79 80 58 108
13 27 108
108
13 79 109 13 32 19 19 19 19 108 13 105 79 77 108
107
79 108
13 35 107
105 57 105 57 105 42 14 105 42 14 105 42 14 105 57 105 42 14 105 42 14 57 105 40 14 105 41 77 19 52 79 79 78 78 77 121 113
79 108
13 77 105 57 105 57 105 42 14 105 42 14 105 57 105 42 14 105 42 14 57 105 40 14 105 41 58 108
13 35 107 27 105 13 77 105 13 105 13 108
108
13 79 109 13 32 19 19 19 19 108 13 105 79 77 108
79 57 79 77 19 109
57 105 57 105 42 14 105 42 14 105 57 105 42 14 105 42 14 57 105 40 14 105 41 79 79 57 35 107 27 78 108 13 109 108
13 27 105 13 19 65 27 109 27 77 108 13 109 19 79 79 108
35 105 13 105 13 27 27 105 13 107 105 105 13 79 79 57 79 79 108
13 105 11 58 79 79 27 105 11 57 79 108
13 77 105 35 107 27 105 108 13 19 84 19 84 77 84 105 108
13 79 109 13 57 108
13 79 109 13 32 105 79 77 108
57 105 57 105 42 14 105 42 14 79 77 108
41 14 79 77 108
105 57 105 57 105 42 14 105 42 14 105 57 105 42 14 105 42 14 57 105 40 14 105 41 108
13 79 109 13 32 19 19 19 19 108 13 105 79 77 108
35 21 27 108 12 107 79 19 35 107 19 108
13 79 79 108
35 79 79 107 105 13 32 27 105 27 27 105 27 27 105 20 105 20 105 105 11 57 105 12 23 50 62 27 35 107 27 105 13 105 12 105 13 27 105 13 105 13 105 105 105 13 58 23 85 105 11 121 85 108
13 35 107 79 79 105 13 27 105 13 105 13 105 77 216 84 79 108
13 77 105 57 105 57 105 42 14 105 42 14 105 57 105 42 14 105 42 14 57 105 40 14 105 41 79 57 79 77 109
13 27 19 36 19 78 108 13 72 108 13 108
20 36 19 20 19 108
13 35 107 79 79 105 13 27 105 13 78 108 13 105 13 105 13 108
79 108
19 108
13 77 209 105 79 108
11 209 35 65 107 105 52 35 65 107 108
11 105 79 105 15
11 105 79 105 15
93 27 108
105
13 107
22 19 19 19 77 44 15 79 32 77 105 13 27 105 13 108
13 27 108
35 21 27 108 12 107 35 27 107 22 105 35 107 108 13 27 105 79 108
13 19 22 108
13 79 108
13 79 27 105 20 84 79 79 27 105
13 32 108
79 108
13 209 105 108
13 105 15
13 105 108
13 105 79 108
79 108
19 19 19 35 107 20 105 11 79 58 108
35 107
109
13 35 107 105 13 27 105 13 105 13 108
15 79 34 2 54 65 108
13 27 105 13 65 27 105 13 65 108 12 35 107 35 107 27 105 13 105 13 105 13 105 35 107 27 105 13 105 13 105 13 105 35 107 27 105 13 105 13 105 13 105 80 57 35 107 27 105 13 105 13 105 13 105 79 57 79 109 13 109 13 109 11 57 109 13 32 35 107 27 105 13 105 13 27 105 13 79 109 13 32 105 13 105 13 105 41 35 107 27 105 13 105 13 105 13 105 41 108
13 35 107 105 13 27 105 13 105 13 105 13 105 13 108
35 105 13 107
35 107
20 108
20 108
13 58 79 105 108
105
107 100 93 105 31 35 107 105 35 107 35 107 105 13 105 13 32 20 36 105 11 19 51 19 105 41 14 93 35 107 105 13 105 13 105 13 27 105 13 93 105 13 105 13 105 13 108
209 41 35 107 105 12 65 105 12 181 23 50 62 65 105 41
79 108
109
109
32 109
79 105
105
108
19 52 93 57 93 108
19 111 79 105
109 13 32 77 105
106 19 105
111 105
19 19 19 79 108
13 105 11 79 108
13 57 79 108
13 105 11 79 108
13 57 79 108
13 79 109
79 93 108
79 93 108
35 107
35 107
79 108
13 57 79 108
13 57 79 108
13 108
13 79 108
13 57 79 108
13 108
13 57 27 105
57 27 105
79 27 105
13 109 13 27 109 27 109 57 105
11 62 27 105
13 105 13 105 13 108
13 109 57 105
11 62 27 105
13 109 109 79 79 113
13 108
79 79 108
13 108
35 79 108
13 79 107
93 109 35 79 29 107 22 105 13 79 105
11 57 79 79 79 108
11 105
13 108 13 105 15 105 11 20 56 79 79 79 108
11 105
13 108 13 105 41 79 108
13 57 79 108
19 79 108
79 108
79 108
35 29 107 22 105 27 79 105 105
93 58 100 35 29 107 22 105 105
35 29 107 22 105 57 79 93 52 27 79 105 105
32 109
79 79 79 78 77 79 110 15
79 57 79 35 107 108
92 148 27 105 13 32 35 27 107 108
19 27 105 13 32 35 27 107 108
