1 7 8
1 8 9
1 9 10
1 10 11
1 11 12
1 13 14
1 14 15
1 16 17
1 19 22
1 22 23
1 23 24
1 24 25
1 25 26
1 26 27
1 27 28
1 28 29
1 29 20
1 20 21
1 35 36
1 36 37
1 37 38
1 38 39
1 43 44
1 53 54
1 54 55
1 55 56
1 56 57
2 16 17
2 13 15
2 50 3
2 50 3
2 50 2
2 50 5
2 50 3
2 48 3
2 48 3
2 48 3
2 45 5
2 49 5
2 7 3
2 7 4
2 7 3
2 7 8
2 7 1
2 7 3
2 7 1
2 58 3
2 58 3
2 58 3
2 51 5
2 46 5
2 40 5
3 35 39
3 18 6
3 19 21
3 53 57
3 7 12
3 51 33
3 43 44
4 57 47
4 44 47
4 32 41
4 52 45
4 34 19
4 31 48
5 44 42
5 32 30
