13 32 105 11 57 105 13 109 11 2 53 108
13 32 57 105 13 57 105 11 57 105 13 27 105 11 57 2 16 2 41 2 41 2 41
13 32 105 11 57 105 13 57 105 13 108 11 58 105 11 27 105 11 57 27 105 11 57 19 209 105 13 18 8 41
13 32 58 19 57 105 13 58 27 18 105 13 41 14 8 8 8 105 41 14 41 8 41
13 32 105 13 58 16 105 11 57 105 11 57 105 11 52 2 2 41 105 11 51 52 2 41 19 41 2 41
106 100 35 29 107 79 19 105
108
13 86 35 27 107 79 105 13 27 105 13 79 105 13 105 27 105 13 32 105 13 57 105 11 57 35 27 107 105 13 105 13 27 105 13 105 13 105 13 105 79 79 105 11 58 108
13 105
108
13 105
93 105 105
35 107
86 27 105
13 32 27 105 13 86 79 105 35 107 27 105 79 105
79 105
79 57 79 105 11 57 79 105 15
106
106 108
13 32 86 79 105 79 105 79 105 35 29 107 86 35 29 107 86 35 29 107 86 105
13 86 79 27 21 79 107
13 105
21 105
21 105
13 32 86 21 105
13 32 86 21 105
13 32 86 21 105
13 32 86 21 105
13 32 86 21 105
19 52 79 105
105 11 44 15 35 29 107 105
59 35 107 29 105 27 105 19 105
35 29 107 105
105 11 44 15 35 29 107 105
77 59 108
13 105
13 79 105 108
13 79 105
35 107 27 77 105 19 105
19 105 11 45 15 79 105 41 79 21 105 13 32 79 21 105 13 32 79 21 105 13 32 105 13 109 13 105 13 109 13 105 13 109 13 105 11 58 21 108
106
106
105 11 44 15 105
41 35 79 29 107 27 77 105 27 79 105 77 105
106
19 105 11 44 15 105
19 106
106
22 20 19 19 19 79 105 108
20 20 19 19 19 108
20 19 77 52 94 57 79 108
35 79 29 107 27 105 79 105
35 79 108
13 29 107 27 79 108
11 105 27 79 108
13 105 27 105 79 79 108
11 105
105 13 93 105 11 58 93 105 11 57 79 108
