1 2 3
1 4 5
1 9 10
1 11 18
1 18 19
1 19 20
1 20 21
1 21 22
1 22 23
1 23 24
1 24 25
1 25 12
1 12 13
1 13 14
1 14 15
1 15 16
1 16 17
1 26 37
1 37 40
1 40 41
1 41 42
1 42 43
1 43 44
1 44 45
1 45 46
1 46 27
1 27 28
1 28 29
1 29 30
1 30 31
1 31 32
1 32 33
1 33 34
1 34 35
1 35 36
1 36 38
1 38 39
1 49 56
1 56 57
1 57 58
1 58 59
1 59 60
1 60 61
1 61 62
1 62 63
1 63 50
1 50 51
1 51 52
1 52 53
1 53 54
1 54 55
1 64 75
1 75 86
1 86 97
1 97 108
1 108 119
1 119 124
1 124 125
1 125 126
1 126 65
1 65 66
1 66 67
1 67 68
1 68 69
1 69 70
1 70 71
1 71 72
1 72 73
1 73 74
1 74 76
1 76 77
1 77 78
1 78 79
1 79 80
1 80 81
1 81 82
1 82 83
1 83 84
1 84 85
1 85 87
1 87 88
1 88 89
1 89 90
1 90 91
1 91 92
1 92 93
1 93 94
1 94 95
1 95 96
1 96 98
1 98 99
1 99 100
1 100 101
1 101 102
1 102 103
1 103 104
1 104 105
1 105 106
1 106 107
1 107 109
1 109 110
1 110 111
1 111 112
1 112 113
1 113 114
1 114 115
1 115 116
1 116 117
1 117 118
1 118 120
1 120 121
1 121 122
1 122 123
1 127 128
2 11 17
2 11 6
2 11 8
2 11 48
2 11 17
2 11 8
2 9 10
2 9 10
2 26 32
2 26 48
2 26 6
2 26 39
2 26 8
2 26 8
2 1 7
2 47 47
2 64 123
2 4 5
3 49 55
3 4 5
3 2 3
3 127 128
