1 4 5
1 5 6
1 8 9
1 9 10
1 22 23
1 23 24
1 24 25
1 25 26
1 26 27
1 27 28
1 31 32
1 32 33
1 33 34
1 34 35
1 35 36
1 36 37
1 37 38
1 38 39
1 41 44
1 44 45
1 45 46
1 46 47
1 47 48
1 48 49
1 49 50
1 50 51
1 51 42
1 42 43
1 52 53
1 54 55
1 55 56
1 56 57
1 57 58
1 60 61
1 69 80
1 80 91
1 91 97
1 97 98
1 98 99
1 99 100
1 100 101
1 101 102
1 102 70
1 70 71
1 71 72
1 72 73
1 73 74
1 74 75
1 75 76
1 76 77
1 77 78
1 78 79
1 79 81
1 81 82
1 82 83
1 83 84
1 84 85
1 85 86
1 86 87
1 87 88
1 88 89
1 89 90
1 90 92
1 92 93
1 93 94
1 94 95
1 95 96
2 18 15
2 18 11
2 18 16
2 2 3
2 69 10
2 7 6
2 7 3
2 19 12
2 19 17
2 19 17
2 59 64
2 13 17
2 13 12
2 13 10
2 13 17
2 1 3
2 14 12
2 14 10
3 31 39
3 104 103
3 69 8
3 69 96
3 7 4
3 54 58
3 52 53
3 60 61
3 62 67
3 63 68
3 59 64
3 13 8
3 40 30
3 40 29
3 66 67
3 65 67
3 14 8
3 41 43
3 22 28
4 30 21
4 96 18
4 103 20
4 29 18
