19 52 107
19 106 105
105 11 58 93 35 107 27 105 13 105 13 105 13 108 209 41 15
11 105 13 35 79 29 107 93 35 107 27 105 13 105 13 105 13 108 27 105 79 91 209 98 22 108
13 79 105 35 79 29 107 27 19 105 79 19 19 108
13 86 20 105 15
106 105
13 105 13 105 13 105 13 35 29 107 93 105 22 105 22 105 20 22 108
13 105 105 27 105 13 32 105
13 19 105 13 105 15
27 105 13 32 21 93 105 13 100 93 105 105 13 22 105 21 105 15 14 41
93 57 93 105 19 100 15
19 79 27 27 105
79 105
13 32 19 105 11 57 79 19 105 79 19 105 79 105 79 105 41 14 93 27 105 41
13 32 86 20 20 20 20 19 36 19 121 71 19 121 71 19 121 71 19 121 71 79 19 105 15
80 57 79 105 11 57 79 105 80 57 79 57 79 105 79 57 79 105 15 14 27 27 108 41
23 106 22 105
106 105
106 21 105
19 106 21 105
19 108
13 79 105
79 105
13 79 105
22 105 79 105
79 105
79 105
35 29 107 27 23 105 22 105 105
35 29 107 105
19 106 21 105
105
13 19 105 35 105
13 107
21 105
13 32 86 79 105 79 20 105 79 35 107
105 2 105
11 53 57 79 27 105 11 105 105
13 107
19 109 11 44 106 11 16 107
105 11 19 52 108
19 19 105
105
13 105
11 58 77 58 108 12 85 77 209 84 108 12 78 181 23 50 60 77 77 52 35 107
27 105
108
13 105
19 84 23 85 105
13 19 19 105
22 105 105
79 79 19 108
13 105
79 105
13 108 13 105 12 35 27 93 108 13 107 27 79 105
12 105 27 79 105
12 105 22 105 79 108
13 105
35 27 107 79 105
27 35 27 108 13 107 22 105 79 105
13 105
79 79 108
79 79 108
13 105 13 19 105
79 108
79 108
58 15 35 27 108 13 107 22 105 105
35 27 107 19 36 19 72 27 105 27 105 27 105 27 105 108
27 27 105
13 108
12 181 108 12 23 50 62 27 27 105
57 109 11 62 27 35 107 19 109 13 105 13 27 105 13 108
12 149 108 12 105 13 27 105 13 105 13 105
42 105
13 35 107
105
11 57 27 35 27 107 105
13 105 13 27 105 13 105 13 105
42 14 109 11 58 27 35 27 107 105 13 27 105 13 108
27 27 105
13 105 13 27 105 13 105 13 105
42 105
13 109 13 109 11 58 108
11 57 27 27 105
109 13 109 11 57 109 13 32 105
12 105
12 105
12 181 149 23 180 24 183 124 108
108
27 35 105
58 27 27 105
13 108 13 107 27 105 13 105 13 105
41 109 13 32 105
13 109 11 57 27 35 27 107 105
13 105 13 105 13 105
42 35 29 107 27 105 22 105 105
15 105 13 58 27 27 105
41 27 105 13 105 11 58 27 35 27 107 105 13 105 13 27 105 13 105 13 105
41 108
13 105
11 58 27 27 105
41 27 23 105 12 108
35 29 107 22 105 105
58 15 105 13 57 27 105 11 57 105 13 105 13 27 105 11 57 107
