13 105 27 105 105
35 29 107 27 105 105
79 105 13 19 105 13 18 14 105 108 13 41
107
11 22 175 27 105 13 86 79 105 41 14 27 108
108
106 108
23 19 58 15 105
13 27 105 11 57 27 105 13 27 105 13 108
13 105
13 19 109 13 58 109 13 109 108
13 105
27 105 13 105 11 57 105
13 108
11 27 105 13 32 57 35 29 107 27 105 108
79 105
8 109 11 58 19 110 13 9 105 13 57 22 3 105 9 105
79 19 108
79 19 108
105
79 108
35 107 18
79 105
41 27 105 11 57 20 105 13 108 13 35 107 108
13 32 105 13 57 105 11 57 19 16 19 41
106
19 20 19 79 108
79 105
79 108
13 86 79 79 105 13 79 109
13 79 105
13 27 105 13 8 32 8 58 108
11 79 109
79 109
13 19 19 107
27 108
79 105
79 108
19 45 106 11 16 27 105 2 41 27 105 105
105 2 41 27 105 105
105 2 41 27 105 105 11 105 11 105 11 57 93 109 13 32 105
19 19 35 107 27 105 105 13 22 105
35 107 105 13 105 13 18
108
79 19 108
