1 9 10
1 10 11
1 11 12
1 16 17
1 28 29
1 35 36
1 39 40
1 40 41
1 41 42
1 42 43
1 43 44
1 44 45
1 45 46
1 48 49
1 61 62
1 62 63
1 63 64
1 64 65
1 66 67
1 67 68
1 68 69
1 69 70
1 70 71
1 76 77
1 77 78
1 79 87
1 87 88
1 88 89
1 89 90
1 90 91
1 91 92
1 92 93
1 93 94
1 94 80
1 80 81
1 81 82
1 82 83
1 83 84
1 84 85
1 85 86
1 96 97
1 97 98
1 99 100
1 101 102
1 104 105
1 106 107
1 107 108
1 109 110
1 116 117
1 133 121
1 121 122
1 122 123
1 123 124
1 124 125
1 125 126
1 126 127
1 127 128
1 128 129
1 129 130
1 130 131
1 131 132
2 7 18
2 5 18
2 5 34
2 6 18
2 6 34
2 66 71
2 79 133
2 79 117
2 79 73
2 79 115
2 79 134
2 79 109
2 79 132
2 79 134
2 79 116
2 79 74
2 79 74
2 79 104
2 79 108
2 79 51
2 79 111
2 79 51
2 79 74
2 79 73
2 79 109
2 79 75
2 95 109
2 95 111
2 95 75
2 95 109
2 61 65
2 61 111
2 61 18
2 61 54
2 61 33
2 61 14
2 61 34
2 61 75
2 96 75
2 96 109
2 96 111
2 96 109
2 76 73
2 76 76
2 76 74
2 76 109
2 76 74
2 76 132
2 76 134
2 76 111
2 76 108
2 76 117
2 76 109
2 76 76
2 76 116
2 76 51
2 76 115
2 76 51
2 76 104
2 76 73
2 76 134
2 76 133
2 76 75
2 76 74
2 60 18
2 60 54
2 60 34
2 60 111
2 60 14
2 60 33
2 60 75
2 27 14
2 27 22
2 37 36
2 37 35
2 37 36
2 37 34
2 101 132
2 101 73
2 101 74
2 101 115
2 101 51
2 101 117
2 101 116
2 101 51
2 101 109
2 101 74
2 101 134
2 101 109
2 101 108
2 101 111
2 101 133
2 101 74
2 101 73
2 101 75
2 101 104
2 101 134
2 21 30
2 21 31
2 21 14
2 118 134
2 118 51
2 118 134
2 118 132
2 118 51
2 118 133
2 26 18
2 26 24
2 26 25
2 26 34
2 26 14
2 26 23
2 19 34
2 19 18
2 19 14
2 99 75
2 99 111
2 9 12
2 9 34
2 9 8
2 20 34
2 20 18
2 20 14
2 119 134
2 119 51
2 119 132
2 119 133
2 119 134
2 119 51
2 120 75
2 120 111
2 15 22
3 55 110
3 5 2
3 5 3
3 56 103
3 72 105
3 72 110
3 59 110
3 66 69
3 79 86
3 57 105
3 112 47
3 95 110
3 58 110
3 61 47
3 61 63
3 38 47
3 50 47
3 114 47
3 96 110
3 96 98
3 76 78
3 16 17
3 27 1
3 101 102
3 21 13
3 21 32
3 21 31
3 53 106
3 99 100
3 48 49
3 52 110
3 52 105
3 39 110
3 39 46
3 15 1
3 28 29
4 63 79
4 54 79
4 47 79
4 113 61
5 2 4
