1 4 8
1 8 9
1 9 10
1 10 11
1 11 12
1 12 13
1 13 14
1 14 15
1 15 5
1 5 6
1 6 7
1 16 22
1 22 23
1 23 24
1 24 25
1 25 26
1 26 27
1 27 28
1 28 29
1 29 17
1 17 18
1 18 19
1 19 20
1 20 21
1 87 88
1 90 91
1 91 92
1 92 93
1 93 94
1 101 102
1 109 110
1 110 111
1 112 113
1 113 114
1 116 117
1 117 118
1 118 119
1 120 121
1 121 122
1 122 123
3 36 124
3 37 125
3 35 124
3 87 88
3 101 102
3 120 123
3 31 33
3 116 119
3 16 3
3 16 2
3 16 21
3 59 71
3 49 61
3 54 76
3 52 73
3 57 65
3 112 114
3 45 75
3 60 67
3 50 72
3 55 70
3 46 69
3 58 68
3 48 63
3 30 32
3 30 34
3 53 66
3 51 62
3 56 64
3 109 111
3 4 2
3 4 7
3 1 3
3 47 74
3 90 94
4 75 115
4 106 95
4 62 99
4 66 82
4 72 99
4 76 99
4 64 43
4 61 38
4 98 95
4 86 95
4 80 95
4 65 79
4 74 99
4 67 89
4 88 85
4 83 95
4 70 99
4 68 99
4 69 97
4 73 103
4 71 100
4 44 95
4 63 40
4 108 95
4 102 105
4 41 95
5 98 96
5 41 39
5 71 77
5 80 78
5 64 77
5 74 77
5 75 77
5 61 77
5 69 77
5 76 77
5 62 77
5 72 77
5 70 77
5 66 77
5 68 77
5 108 107
5 67 77
5 73 77
5 86 84
5 83 81
5 106 104
5 44 42
5 65 77
5 63 77
