1 7 8
1 10 19
1 19 20
1 20 21
1 21 22
1 22 23
1 23 24
1 24 25
1 25 26
1 26 11
1 11 12
1 12 13
1 13 14
1 14 15
1 15 16
1 16 17
1 17 18
1 37 38
1 49 50
1 67 68
1 72 83
1 83 94
1 94 96
1 96 97
1 97 98
1 98 99
1 99 100
1 100 101
1 101 73
1 73 74
1 74 75
1 75 76
1 76 77
1 77 78
1 78 79
1 79 80
1 80 81
1 81 82
1 82 84
1 84 85
1 85 86
1 86 87
1 87 88
1 88 89
1 89 90
1 90 91
1 91 92
1 92 93
1 93 95
2 28 37
2 28 63
2 28 1
2 28 63
2 28 42
2 28 33
2 27 37
2 27 33
2 27 1
2 27 42
2 27 63
2 27 63
2 44 39
2 44 40
2 44 42
2 44 35
2 44 39
2 44 54
2 44 55
2 44 57
2 44 56
2 44 53
2 44 1
2 45 63
2 45 33
2 45 42
2 45 1
2 45 37
2 45 63
2 31 63
2 31 63
2 31 37
2 31 1
2 31 33
2 31 42
2 7 8
2 32 1
2 32 37
2 32 42
2 32 63
2 32 33
2 32 63
2 29 63
2 29 42
2 29 1
2 29 37
2 29 33
2 29 63
2 10 40
2 10 35
2 10 42
2 10 1
2 10 39
2 10 57
2 10 54
2 10 39
2 10 53
2 10 56
2 10 55
2 61 1
2 61 42
2 58 56
2 58 42
2 58 1
2 58 57
2 9 42
2 9 1
2 2 1
2 2 33
2 2 42
2 59 1
2 59 42
2 59 56
2 59 53
2 59 57
2 52 63
2 52 1
2 52 33
2 52 42
2 52 37
2 52 63
2 51 1
2 51 54
2 51 53
2 51 56
2 51 42
2 51 33
2 51 55
2 51 39
2 51 39
2 51 37
2 51 40
2 51 57
2 71 1
2 71 42
2 71 102
2 60 3
2 60 3
2 60 65
2 60 63
2 60 33
2 60 63
2 60 42
2 60 1
2 60 37
2 69 1
2 69 42
2 62 66
2 62 66
2 62 64
2 62 66
2 62 64
2 62 3
2 62 63
2 62 1
2 62 42
2 62 3
2 62 63
2 49 50
3 28 41
3 28 38
3 27 41
3 27 38
3 44 36
3 44 41
3 45 41
3 45 38
3 31 41
3 31 38
3 7 34
3 32 41
3 32 38
3 29 41
3 29 38
3 10 36
3 10 18
3 67 68
3 47 46
3 52 41
3 52 38
3 52 34
3 51 6
3 51 5
3 51 41
3 51 38
3 72 4
3 72 70
3 72 95
3 104 41
3 104 38
3 48 46
3 43 6
4 36 44
4 95 10
4 70 30
4 103 10
