108 41 14 105 41 14 105 41 20 52 105 13 107
19 19 77 108 11 77 51 16 77 44 41 87 107
12 23 50 58 27 9 105 27 108 12 108 13 105 27 108 12 108 13 105 19 36 19 27 72 93 105 13 58 35 107 40 14 57 109 40 19 19 19 110 13 58 35 107 40 14 8 41 109 19 109 12 57 109 19 2 8 42 2 8 42 19 2 8 42 109 11 57 35 27 107 19 109 12 105 13 105 13 19 105 41 57 109 19 8 19 36 19 27 72 19 36 27 108 13 19 2 8 54 19 65 79 72 27 19 8 110 13 58 35 107 40 14 57 109 40 109 11 58 109 19 113
13 105
19 101 15 94 57 19 101 35 27 107 27 27 105 27 19 105 27 91 105 93 105
35 27 107 27 27 105 27 19 105 27 91 105 93 105
19 19 19 19 19 57 91 51 15 105 13 57 105 11 45 2 44 105
11 57 105
19 106 91 91 101 77 62 77 62 77 77 108
19 19 19 106 91 19 53 105
13 105
105
13 35 107
105 79 87 79 105
79 57 79 80 58 79 105
79 57 79 80 58 108
105
13 107
15 105
13 100 93 57 84 84 86 93 105
13 19 36 105 13 58 19 100 19 100 77 77 108
108
108
108
87 35 107
86 79 87 79 86 79 86 91 19 52 79 105
108
19 91 19 53 105
19 79 57 79 105
19 19 19 19 19 106 91 57 108
19 19 108
19 79 57 80 58 87 79 109
13 32 105 13 57 105 11 57 19 16 2 41 14 105 2 41
105 93 93 105 93 19 105 93 93 19 23 22 108 12 110 13 105 13 105 93 57 93 19 105 15 14 105 41 93 58 35 27 27 107 100 93 57 93 93 105 93 57 91 20 53 93 58 35 27 107 93 105 93 19 19 108
13 93 105
19 98 98 93 35 93 29 107 105
13 105 108
93 58 93 27 105 93 27 105 93 27 105 93 27 105 93 27 105 93 27 105 93 27 105 93 27 105 93 93 105
19 19 19 93 57 91 98 93 105 11 57 19 98 91 58 58 93 105 11 57 19 98 91 58 93 105 11 57 19 98 91 58 91 20 53 108
19 19 19 94 58 101 100 29 105 13 27 105 13 105 13 34 2 54 65 105 13 27 105 11 57 100 93 58 2 16 209 41 14 105 41 93 19 19 36 19 19 108 13 72 19 27 72 105 13 32 105 11 57 2 41 2 41 14 100 2 41
22 19 93 58 35 93 29 107 22 105 93 108
20 19 35 107 105 13 32 105 105 19 105 105 105 27 105 105 18
20 19 19 19 91 19 51 15 93 57 93 105 93 20 105 108
100 105
57 105 13 57 100 108
79 57 79 58 80 58 80 57 19 87 35 107 27 105 27 105 79 20 105
19 77 44 16 80 58 87 35 107 93 21 105 13 105 13 27 105 13 77 57 35 107 93 21 105 13 109 13 105 13 108
19 109 11 44 19 16 77 58 20 84 77 108
19 93 27 105 13 32 21 27 105 13 19 105 105 79 105
11 58 57 105 107
19 19 77 44 15 77 79 32 32 108
19 19 108
79 105 15
79 19 105 15
79 105 15
19 79 105 86 86 86 86 86 15
79 105 15
79 57 79 109
79 57 79 109
79 58 105
80 58 15 19 87 79 57 79 19 105 79 57 79 109
80 57 79 52 79 79 80 87 79 57 79 79 57 77 109
19 79 57 79 105 11 57 79 105 86 79 57 79 105
20 79 57 79 105 11 57 79 105 79 57 79 105 79 57 79 105
79 105 87 41 19 87 109 41 14 41 44
41 79 79 105 13 27 108 13 105 13 86 79 105 79 105 13 86 79 105 13 86 84 108
105
13 108 13 105 13 35 27 107 57 27 105 13 105 105
19 19 19 19 80 58 15 79 52 105
15 44 41 79 35 93 29 107 27 29 105 13 105 13 105
20 19 19 20 80 58 15 79 52 107
20 19 19 19 19 109 11 20 52 79 87 108
41 107
41 93 105
41 93 105
41 93 105
41 94 58 2 108
41 93 105
41 93 105
41 93 105
41 93 105
41 94 57 94 57 79 108
105
42 35 107
105
42 107
42 35 107
105
42 35 107
105
42 35 107
105
42 21 105
16 80 57 91 19 52 44 41 107
13 32 79 35 27 108 13 107 105
41 93 105
41 91 53 79 105
11 58 84 79 105
41 107
41 91 53 79 105
11 58 84 79 105
41 93 19 93 108 13 108 13 108 21 108
41 79 52 80 58 80 58 79 35 27 107 105
19 19 19 19 19 79 57 79 57 58 16 79 79 51 79 79 52 109 11 59 79 79 52 109 11 108
