1 1 2
1 2 3
1 3 4
1 4 5
1 5 6
1 6 7
1 11 12
1 12 13
1 24 25
1 25 26
1 26 27
1 27 28
1 28 29
1 29 30
1 30 31
1 37 38
1 38 39
1 39 40
1 40 41
1 41 42
1 42 43
1 43 44
1 44 45
1 53 54
1 68 69
2 24 31
2 51 23
2 19 57
2 19 68
2 19 70
2 19 74
2 19 74
2 19 63
2 19 57
2 19 68
2 19 68
2 19 61
2 19 60
2 19 69
2 19 62
2 19 57
2 19 59
2 19 73
2 15 23
2 17 23
2 18 23
2 37 45
2 37 49
2 37 45
2 37 47
2 67 66
2 67 63
2 67 66
2 67 70
2 67 57
2 67 54
2 67 56
2 67 57
2 67 60
2 67 65
2 67 68
2 67 68
2 67 55
2 67 71
2 67 69
2 67 57
2 67 55
2 67 75
2 67 73
2 67 68
2 67 52
2 67 53
2 67 62
2 67 61
2 67 64
2 67 59
2 67 74
2 67 74
2 67 72
2 67 58
2 67 64
2 67 65
2 8 10
2 32 33
3 24 25
3 15 23
3 17 22
3 17 23
3 11 13
3 18 23
3 18 21
3 18 20
3 1 7
3 8 10
3 8 9
3 32 35
3 32 48
3 32 36
3 32 34
3 32 50
3 46 48
3 16 14
