1 3 4
1 10 11
1 24 28
1 28 29
1 29 30
1 30 31
1 31 32
1 32 33
1 33 34
1 34 35
1 35 25
1 25 26
1 26 27
1 44 45
1 45 46
1 46 47
1 48 50
1 50 51
1 51 52
1 52 53
1 53 54
1 64 65
1 66 67
1 67 68
1 68 69
1 71 72
1 72 73
1 73 74
1 86 87
1 87 88
1 88 89
1 89 90
1 91 92
1 92 93
1 100 101
1 103 104
1 104 105
1 105 106
1 106 107
1 111 112
1 112 113
1 117 128
1 128 139
1 139 145
1 145 146
1 146 147
1 147 148
1 148 149
1 149 150
1 150 118
1 118 119
1 119 120
1 120 121
1 121 122
1 122 123
1 123 124
1 124 125
1 125 126
1 126 127
1 127 129
1 129 130
1 130 131
1 131 132
1 132 133
1 133 134
1 134 135
1 135 136
1 136 137
1 137 138
1 138 140
1 140 141
1 141 142
1 142 143
1 143 144
1 161 162
1 162 163
1 163 164
1 165 169
1 169 170
1 170 171
1 171 172
1 172 173
1 173 174
1 174 175
1 175 176
1 176 166
1 166 167
1 167 168
1 178 179
1 179 180
1 180 181
1 181 182
1 182 183
1 186 187
1 201 202
1 202 203
1 203 204
1 204 205
1 205 206
1 206 207
1 207 208
1 208 209
1 214 218
1 218 219
1 219 220
1 220 221
1 221 222
1 222 223
1 223 224
1 224 225
1 225 215
1 215 216
1 216 217
1 226 227
1 227 229
1 229 230
1 230 231
1 231 232
1 232 233
1 233 234
1 237 238
1 238 239
1 239 240
1 240 241
1 241 242
1 252 253
1 253 254
1 255 256
1 256 257
1 257 258
1 258 259
1 261 265
1 265 266
1 266 267
1 267 268
1 268 269
1 269 270
1 270 271
1 271 272
1 272 262
1 262 263
1 263 264
1 274 280
1 280 281
1 281 282
1 282 283
1 283 284
1 284 285
1 285 286
1 286 287
1 287 275
1 275 276
1 276 277
1 277 278
1 278 279
2 250 56
2 250 44
2 250 58
2 250 47
2 250 82
2 250 44
2 250 43
2 201 200
2 201 95
2 201 151
2 201 292
2 201 44
2 201 43
2 201 44
2 201 47
2 246 63
2 102 43
2 102 151
2 102 44
2 102 44
2 102 95
2 102 292
2 102 47
2 156 14
2 156 8
2 156 17
2 156 16
2 156 98
2 156 5
2 194 44
2 194 47
2 194 44
2 194 43
2 236 75
2 236 70
2 255 44
2 255 259
2 255 44
2 255 47
2 255 43
2 39 62
2 39 95
2 39 151
2 39 5
2 39 38
2 39 44
2 39 47
2 39 292
2 39 83
2 39 43
2 39 61
2 39 44
2 235 75
2 235 70
2 260 43
2 260 44
2 260 44
2 260 47
2 40 83
2 185 184
2 103 95
2 103 151
2 103 292
2 103 44
2 103 44
2 103 47
2 103 43
2 248 247
2 248 81
2 196 84
2 117 144
2 117 130
2 117 130
2 117 84
2 199 197
2 199 198
2 178 182
2 78 56
2 79 56
2 159 44
2 159 47
2 159 43
2 159 44
2 155 44
2 155 47
2 155 44
2 155 43
2 252 254
2 274 51
2 274 44
2 274 51
2 274 48
2 274 47
2 274 43
2 274 51
2 274 44
2 274 83
2 274 51
2 274 49
2 110 58
2 110 47
2 110 98
2 110 80
2 110 93
2 110 83
2 110 82
2 110 81
2 110 48
2 110 94
2 110 51
2 110 44
2 110 56
2 110 49
2 110 44
2 110 95
2 110 90
2 110 51
2 110 57
2 110 96
2 110 43
2 110 51
2 110 115
2 110 84
2 110 51
2 261 44
2 261 43
2 261 47
2 261 44
2 157 157
2 108 5
2 108 8
2 108 17
2 108 14
2 108 98
2 108 16
2 193 44
2 193 44
2 193 47
2 193 43
2 24 21
2 111 90
2 111 44
2 111 98
2 111 83
2 111 8
2 111 84
2 111 48
2 111 43
2 111 95
2 111 51
2 111 51
2 111 51
2 111 5
2 111 47
2 111 17
2 111 51
2 111 16
2 111 44
2 111 14
2 111 49
2 111 93
2 20 8
2 20 36
2 20 15
2 20 11
2 20 12
2 20 37
2 20 9
2 20 98
2 251 44
2 251 48
2 251 51
2 251 44
2 251 47
2 251 51
2 251 51
2 251 83
2 251 49
2 251 51
2 251 43
2 226 83
2 226 47
2 226 84
2 226 51
2 226 51
2 226 71
2 226 48
2 226 49
2 226 51
2 226 75
2 226 90
2 226 66
2 226 44
2 226 65
2 226 70
2 226 51
2 226 43
2 226 44
2 109 47
2 109 51
2 109 44
2 109 51
2 109 51
2 109 93
2 109 84
2 109 48
2 109 49
2 109 44
2 109 51
2 109 43
2 109 83
2 109 90
2 243 8
2 243 17
2 243 14
2 243 16
2 243 98
2 243 5
2 177 184
2 158 44
2 158 48
2 158 83
2 158 51
2 158 49
2 158 43
2 158 51
2 158 44
2 158 51
2 158 51
2 158 47
2 165 16
2 165 14
2 165 98
2 165 8
2 165 44
2 165 95
2 165 47
2 165 43
2 165 5
2 165 84
2 165 17
2 165 44
2 195 48
2 195 51
2 195 43
2 195 49
2 195 44
2 195 83
2 195 51
2 195 44
2 195 51
2 195 51
2 195 47
2 3 4
2 59 60
2 6 5
2 212 48
2 212 43
2 212 47
2 212 83
2 212 44
2 212 49
2 212 84
2 212 90
2 212 51
2 212 51
2 212 44
2 212 51
2 212 51
2 213 65
2 213 70
2 213 75
2 213 71
2 213 66
2 211 44
2 211 48
2 211 90
2 211 49
2 211 51
2 211 51
2 211 51
2 211 84
2 211 43
2 211 51
2 211 47
2 211 83
2 211 44
2 214 66
2 214 71
2 214 70
2 214 75
2 214 65
3 201 209
3 102 154
3 156 13
3 273 85
3 273 290
3 273 291
3 236 70
3 289 85
3 289 290
3 289 291
3 289 288
3 235 70
3 161 164
3 103 154
3 103 107
3 117 85
3 245 97
3 178 183
3 1 2
3 274 290
3 274 291
3 274 288
3 274 279
3 261 290
3 261 291
3 261 264
3 108 13
3 237 242
3 24 27
3 111 113
3 20 23
3 20 22
3 20 7
3 20 10
3 20 13
3 251 48
3 226 234
3 109 116
3 109 91
3 109 55
3 109 86
3 109 42
3 109 114
3 243 13
3 186 187
3 100 101
3 158 48
3 158 55
3 191 189
3 165 95
3 165 13
3 165 168
3 195 55
3 190 189
3 212 86
3 212 42
3 212 55
3 213 41
3 213 70
3 213 74
3 213 69
3 213 64
3 211 86
3 211 42
3 211 55
3 214 41
3 214 70
3 214 74
3 214 69
3 214 64
3 214 217
4 48 249
4 228 210
4 154 117
4 228 246
4 152 289
4 153 273
4 154 289
4 228 248
4 152 273
4 152 117
4 77 248
4 107 99
4 160 99
4 189 201
4 76 244
4 168 192
4 183 188
4 168 199
4 13 19
4 153 289
4 154 273
4 54 249
4 13 18
4 153 117
