105 13 27 105 11 57 107
86 35 107 27 27 105 79 79 19 105
79 108
13 105 13 20 105 13 109 13 109 11 57 109 13 32 79 108
79 105
106 79 105
52 57 2 57 56 35 107 105 11 57 35 27 107 35 27 107 105 13 105 13 105 13 57 22 105 27 27 105 108 13 27 105 105
35 107 105 11 57 109
57 57 27 105 11 57 57 57 105 11 61 15 108 12 35 107 105 11 57 105 13 34 19 54 65 57 105 13 105 11 58 105 12 24 180 50 62 105 209 41 57 105 13 105 11 57 105 12 24 180 50 62 105 41
13 58 27 8 58 27 27 105 11 19 51 105 11 54 209 105 13 35 108 12 107 19 84 20 84 35 27 107 22 105 108 13 27 105 27 27 105 108
13 105 27 105 13 32 105 42 2 41 8 41 2 41
57 57 27 105 11 58 15 108 12 35 107 105 11 57 105 13 34 19 54 65 57 105 11 57 105 12 24 180 50 62 105 209 41
11 57 29 105 22 105 105
19 19 27 105 13 32 58 2 16 105 13 105 13 93 52 2 41 2 41
19 19 27 105 13 32 58 2 16 105 13 105 13 93 52 2 41 105 13 105 13 93 52 2 41 2 41
19 105 13 27 105 13 32 58 2 16 105 13 57 105 11 58 2 41 19 41
27 105 13 32 105 13 57 105 11 20 55 27 35 27 107 105 13 105 13 108
106 27 27 108
19 106 27 27 108
106 79 105
11 35 108 13 108 13 107 27 105 13 105 13 105 79 20 79 105 41
11 105 79 86 35 107 79 93 22 108
93 105
58 15 77 44 41 105 13 27 105 11 79 108
13 27 105 105 79 108
13 57 79 108
13 105
13 57 108
11 58 108
11 58 27 27 108
79 108
13 105
41 35 27 107 35 107 79 32 27 105 19 79 108
13 57 79 108
13 108
109
41 9 78 6 50 61 19 56 105 19 109 13 27 9 79 109 27 109 109 19 19 20 36 9 79 57 35 9 79 107 105 11 57 105 12 23 50 60 35 9 79 20 3 107 19 105 19 8 6 2 6 35 107
13 105 13 105 13 20 36 35 107 105 11 19 51 19 105 41 14 8 27 105 13 108 105 11 57 105 57 105 57 105 41 14 27 105 13 108 41 105 57 105 41 14 27 105 13 108 41 14 8 57 105 57 105 40 14 27 105 13 108 41 14 41 14 8 41 14 8 41 14 41
19 19 106 27 27 108
106 27 27 108
11 57 15 35 107 27 105 79 105
79 35 27 107 105
19 108 13 105 11 57 19 16 14 79 105 13 27 108 11 41
19 19 19 19 19 27 105 11 57 79 105 13 27 108 11 19 52 2 16 20 55 2 41 20 55 2 41 21 55 2 41 27 105 11 57 79 27 105 13 32 105 11 58 2 41 27 105 11 57 108 11 58 2 41 27 105 11 57 107
11 41 27 105 11 57 79 105 13 27 108 11 41 27 105 11 57 79 105 13 27 108 11 41 27 105 11 57 79 105 13 27 108 11 52 19 42 105
11 20 53 20 54 2 42 20 54 2 42 2 42 27 105 11 57 79 105 13 27 108 11 42 27 105 11 57 105
11 57 27 93 105 11 58 27 93 105 11 57 79 27 105 13 32 105 13 57 27 105 13 105 13 105 11 58 2 42 105
11 52 15 79 105 13 27 108 35 27 107 27 52 105 79 105
42 27 105 11 57 79 105 13 27 58 108 42 14 79 35 27 107 105
27 27 108
41 2 41 27 105 11 57 79 27 105 13 32 57 58 105 41 2 41 27 105 11 57 52 108 41 2 41 27 105 11 57 108 13 57 58 105 41 14 27 105 13 108 41 105 41 27 105 11 57 27 105
11 51 79 105 13 27 108 42 27 105 11 57 27 105
11 51 79 105 13 27 108 42 27 105 11 57 44 2 52 2 58 79 105 13 27 108 79 105 13 27 108 35 107 27 105 27 105 79 105 13 29 105 79 105
22 105 79 105
35 27 107 27 105 79 105
29 30 93 57 93 105 11 58 31 15 93 105 13 32 57 105 93 105 35 107 27 105 13 93 105 11 105 13 105 41 14 31 40
13 19 105 13 23 105 31 15
13 19 105 13 105 93 58 35 19 107 100 93 105 35 107 27 105 13 93 105 11 105 13 105 31 15 14 31 40
19 80 57 79 79 79 108
19 19 19 35 107 27 105 13 108 13 105 13 105 13 105 13 35 107 105 13 79 105 13 105 13 27 105 13 105 13 35 107 105 105 11 58 35 107 27 105 13 105 13 105 105 11 58 105 8 16 108
11 105 11 57 105 11 58 105 101 42
11 58 27 105 11 57 105 11 58 105 18 35 107 35 35 107 107 105 19 105 13 57 27 105 11 57 19 20 105 11 105 13 105 105 11 57 105 11 58 105 8 8 41 14 27 105 13 108 57 105 105 11 57 105 11 58 105 41 14 57 105 105 11 57 105 11 58 105 40 14 41 14 41 14 41 14 8 41 14 8 41 8 41
114 11 58 3 105 13 57 20 65 108 11 58 9 105 11 58 105 13 27 20 3 105 13 109 13 109 11 57 109 13 32 79 79 9 9 105 11 57 105 13 110 13 35 3 107
27 93 105 11 57 35 27 107 27 105 13 32 22 108
13 105 27 108 13 35 107 27 27 105 105 13 19 19 105 27 108 13 35 107 27 27 105 105 13 19 19 105 27 93 105 11 57 27 105 13 57 105 13 27 19 105 13 19 105 27 19 105 13 19 105 13 32 105 11 35 107 27 105 13 105 13 105 105 13 27 19 108 105 13 27 108 15 14 27 35 107 27 105 13 105 13 105 13 105 13 108 42 14 27 35 107 27 105 13 105 13 105 13 105 13 108 42 14 27 35 107 27 105 13 105 13 105 13 105 13 108 41
27 93 105 11 57 35 107 27 105 13 105 13 27 105 13 105 13 105 27 108 13 58 27 93 105 11 57 35 107 27 105 13 105 13 27 105 13 105 13 105 105 13 27 108 105 13 27 108 105 13 27 108 27 105 13 57 105 13 27 19 36 19 93 72 19 93 72 105 13 19 36 19 108 13 72 19 108 13 72 105 27 19 105 13 19 105 13 32 105 11 35 107 27 105 13 105 13 105 105 13 27 108 11 105 13 27 108 11 105 13 27 108 11 35 107 27 105 13 105 13 105 35 107 27 105 13 105 13 105 35 107 27 105 13 105 13 105 15 35 107 27 108 13 105 27 108 13 105 27 108 13 105 27 27 105 27 27 105 105 13 19 19 105 19 108
13 35 107
105
13 58 35 107 27 105 13 105 13 105 108 12 180 108 13 27 109 11 109 13 27 105 11 57 8 2 27 109 11 109 11 105 27 109 11 109 11 105 27 109 11 109 11 105 27 109 11 109 11 105 27 109 11 109 11 105 105 27 109 11 109 11 105 27 109 11 109 13 105 19 105 57 2 105 19 105 35 27 107 27 105 13 105 19 22 108
35 107 105 13 20 105
27 93 105 11 57 35 107 27 105 13 105 13 27 105 13 105 13 105 27 108 13 58 27 105 13 57 105 13 27 19 105 13 19 105 13 32 27 19 36 19 29 72 105 13 19 36 19 72 105 13 27 105 13 105 11 58 27 105 13 105 11 57 27 19 36 19 29 72 19 93 72 105 13 19 36 19 72 19 19 108 13 72 105 27 93 105 11 57 35 107 27 105 13 105 13 27 105 13 105 13 105 105 13 27 108 105 13 27 108 105 13 27 108 27 105 13 57 105 13 27 19 36 19 93 72 19 93 72 105 13 19 36 19 108 13 72 19 108 13 72 105 27 19 105 13 19 105 13 32 105 11 35 107 27 105 13 105 13 105 105 13 27 108 11 105 13 27 108 11 105 13 27 108 11 35 107 27 105 13 105 13 105 35 107 27 105 13 105 13 105 35 107 27 105 13 105 13 105 27 105 13 57 105 13 27 19 105 13 19 105 13 32 105 11 58 27 19 36 19 93 72 105 13 19 36 19 19 108 13 72 105 27 19 105 13 19 105 13 32 105 11 58 27 19 36 19 93 72 105 13 19 36 19 19 108 13 72 105 105 13 27 19 108 27 19 105 13 19 105 13 32 105 11 27 35 107 27 105 13 105 13 105 13 108 27 19 105 13 19 105 13 32 105 11 27 35 107 27 105 13 105 13 105 13 108 174 58 27 27 27 108
27 108
15 35 107 27 108 13 105 27 108 13 105 27 108 13 105 27 27 105 27 27 105 105 13 19 19 105 19 108
13 108 12 108 13 27 109 11 109 13 27 105 11 57 2 27 109 11 109 11 105 27 109 11 109 11 105 27 109 11 109 11 105 27 109 11 109 11 105 27 109 11 109 11 105 105 27 109 11 109 11 105 27 109 11 109 13 105 19 105 57 2 105 19 105 35 27 107 27 105 13 105 105
20 19 19 105 13 27 19 108 11 35 107 27 105 13 105 13 105 105 13 27 20 108 105 13 27 19 108 11 35 107 27 105 13 105 13 105 105 13 27 108 52 19 27 105 13 57 2 16 14 27 35 107 27 105 13 105 13 105 13 105 13 108 41
42 77 51 57 79 77 58 35 107 40 35 29 107 27 105 27 79 105 27 77 105 27 79 105 27 79 105 27 79 105 27 79 108 13 105 22 105 105
35 79 29 107 22 105 79 105
106
106
19 105 13 19 105 13 35 19 107 109 13 109 11 57 109 13 32 79 109 11 57 79 105 13 109 209 19 52 18
58 35 107 40 35 107 35 27 107 27 105 105 13 19 105
58 35 107 40 35 107 35 27 107 27 105 105 13 19 105
93 105 11 58 93 105 35 93 27 107 105 11 57 105 12 24 50 62 105 19 35 107 35 27 107 35 19 107 35 107 27 105 13 79 105 13 27 105 13 105 13 105 13 105 13 27 105 13 79 105 13 27 105 13 79 105 13 27 105 13 105 13 105 105 105 8 15 14 79 105 13 108 8 41 14 79 105 13 108 57 105 105 41 14 79 105 13 108 41 14 57 105 105 40 14 79 105 13 108 41 14 8 41 14 8 41
19 107 86 86 86 19 84 58 35 107 40 86 27 105 13 32 86 27 105 13 32 105 11 87 108
11 108
11 108 13 72 105 13 35 21 79 105 13 108 12 107 35 79 29 107 108 13 105 79 108
13 86 79 105 13 35 107 79 105
11 108
13 105 13 105 13 105 13 79 108
13 79 105 79 105 15
21 20 19 58 35 107 40 35 21 79 105 13 108 12 107 79 105 13 35 79 29 107 108 13 105 79 108
13 86 79 108
13 79 105 79 105 15
11 58 19 84 79 105 15
11 105 13 105 13 27 105 11 93 84 79 20 93 105 15 35 107 100 93 20 84 35 21 107 35 107 35 79 105 13 29 107 105 27 19 105 27 105 27 105 22 105 93 79 19 19 108
13 105 79 105 15
57 108 11 57 35 107 40 35 27 35 107 27 105 13 105 13 105 13 108 13 107 105
27 105 13 32 19 105 13 58 19 16 105 11 41
106 21 105
35 107 27 105 79 108
13 105
58 15 27 105 13 105 11 57 105 13 105 13 57 57 105 13 105 11 57 108
57 58 15 105 13 27 105 11 57 27 21 105 13 108
41 27 105 11 57 108
27 21 105 13 108
41 27 105 11 57 108
41 27 105 11 57 35 29 107 22 105 105
105 13 27 105 11 57 27 23 105 12 27 105 13 27 105 13 79 108
19 19 105 11 44 79 108
23 19 19 105 13 27 105 11 57 79 108
19 79 108
13 105
77 45 15 79 35 27 107 105
19 35 27 107 108
13 27 57 108 80 52 15 2 41 2 41 79 105
19 35 27 107 108
19 106 20 108
13 32 86 35 105
13 107
86 35 107
86 35 107
86 35 107
86 35 107
86 35 107
86 79 35 107 27 105 27 105 27 105 27 105 27 105 27 105 27 105 27 105 27 105 27 105 27 105 27 105 27 105 27 105 27 105 27 105 27 105 27 105 27 105 27 105 27 105 27 105 27 105 27 105 27 105 27 105 27 105 27 105 105
35 107
86 35 107 27 105 105
13 105
13 108 13 79 105
27 108 13 27 108 13 27 108 13 27 108 13 27 108 13 27 108 13 35 79 20 107
86 35 79 20 107
86 35 79 20 107
86 35 79 20 107
86 35 79 20 107
86 35 79 20 107
86 105
13 79 105 105
13 79 105 105
35 107
13 79 105 105
13 79 105 105
13 79 105 105
13 79 105 79 35 107
20 105 35 107
86 35 107
86 27 105
13 32 86 27 105
13 86 27 105
13 86 108
13 86 27 105
13 32 105 11 87 79 105
58 35 107 40 105 13 108 11 57 15 27 105 13 32 20 105 13 19 19 19 109 13 109 11 57 109 13 32 79 105 11 57 79 105 13 29 105 13 105 11 57 19 57 57 57 58 35 29 107 105
58 35 107 40 35 29 107 105
58 35 107 40 35 29 107 105
105 13 27 105 11 57 79 108
19 106 108
19 105 13 27 105 11 57 108 13 105 11 35 107 19 84 84 79 108
110 11 44 15 9 80 3 58 9 79 9 27 110
19 19 19 105 13 27 105 11 57 27 105 11 79 108
35 79 29 107 79 105
106 79 58 35 19 107
86 79 35 107 27 105 27 105 27 105 27 105 27 105 27 105 27 105 27 105 27 105 27 105 27 105 27 105 27 105 27 105 105
107
35 27 107 105
19 19 105 11 44 15 79 105
13 105
41 19 105
41 35 29 107 27 105 105
11 79 58 2 105
79 58 2 105
108
13 58 105
41 2 41 2 41 2 41 27 105 13 32 58 58 105
41 105 13 57 34 2 54 65 105 13 93 52 2 41 209 41 108
11 58 108
108
19 79 108
79 108
11 58 79 108
13 109 13 32 79 93 52 15 79 108
13 109 13 32 41 35 107 27 79 105 27 79 105 27 78 130 212 105 27 79 78 26 198 108 12 26 199 108
13 105 27 79 105 79 57 27 79 105 11 105 27 79 105 93 79 105
11 63 44 19 36 19 21 70 19 36 19 78 126 71 27 105 27 105 35 79 29 107 105 79 105
9 79 109 11 19 56 9 79 108 9 78 23 49 61 26 9 85 9 79 19 105 13 9 79 109 13 109 11 57 109 13 32 79 93 52 105
23 19 106 107
19 105 11 44 15 105
41 79 105 13 79 20 105 13 109 13 109 11 57 109 13 32 79 79 57 79 34 2 54 65 79 105 11 19 51 209 41 36 41 109 13 109 11 57 109 13 32 79 105 11 57 35 107 79 105 105
106 19 105
13 29 107 105
107
107
19 22 21 106 21 105
19 21 19 19 77 44 15 79 108
106 79 58 35 19 107
19 21 19 19 105 11 44 15 79 79 105
106 105
13 105 13 109 13 109 11 57 109 13 32 77 52 2 57 19 18 2 41 79 109 11 58 109 11 35 107
13 19 105 13 109 13 109 11 57 109 13 32 105 13 108 11 58 79 105 11 58 79 108
19 106 19 105
19 22 19 19 79 27 109 11 53 108 13 18 79 105 13 105 13 57 109 11 54 8 108 11 57 79 109 13 27 21 108
106 19 105
21 105
105
13 32 86 19 36 19 27 72 19 27 72 19 27 72 19 27 72 19 27 72 86 79 19 65 79 19 65 79 19 65 79 19 65 79 19 65 79 105
13 79 105
13 79 105
13 79 105
13 79 105
13 35 29 107 105
19 106 19 105
79 108
79 108
35 107 27 105 13 105 13 105 79 108
19 19 19 44 15 79 79 79 108
13 72 105
13 105 79 108
79 35 27 107 105
13 108
13 108
79 79 79 108
13 108
13 108
79 108
13 79 21 19 36 79 108
13 72 79 108
19 19 105 11 45 15 79 79 105
11 58 2 105
42 35 29 107 105
79 105
11 79 57 2 105
79 57 105
79 105
79 105
35 27 107 105
19 19 106 105
106 79 105
79 105
11 57 15 77 44 106 41 79 108
41 79 105
11 58 79 108
11 57 35 79 105
13 29 107 79 105
79 79 79 78 108
111 19 9 105
79 108
19 106 19 105
13 105 13 109 13 109 11 57 109 13 32 77 19 52 2 57 108 18 2 41 79 27 105 11 58 77 215 57 108
19 106 19 105
19 106 105
106 108
110 11 45 15 9 79 108
105 13 27 105 11 57 79 27 19 105 11 108
79 108
15 27 105 11 57 108 13 105 11 35 107 27 105 13 105 13 105 35 107 19 84 84 79 108
106 21 105
35 107
86 35 19 107
86 27 105
13 32 105 11 87 79 27 105
106 79 58 35 19 107
19 19 105 13 27 105 11 57 108
27 105 11 57 79 108
11 57 79 19 105
35 27 107 79 105
15 27 105 11 57 79 108
27 105 11 57 79 108
79 20 105
79 108
11 57 27 105 11 57 79 19 105
41 27 105 11 57 79 19 105
41 27 105 11 57 79 19 105
41 27 105 11 58 27 105 11 58 27 105 11 58 27 105 11 58 27 105 11 58 27 105 11 58 27 105 11 58 27 105 11 57 79 105
106 20 108
110 13 27 9 105 11 57 113
42 27 9 105 11 57 9 79 9 20 110
42 27 9 105 11 58 27 9 105 11 58 27 9 105 11 58 27 9 105 11 58 27 9 105 11 58 27 9 105 11 58 27 9 105 11 58 27 9 105 11 57 9 79 9 20 110
27 9 105 11 57 9 79 9 113
11 57 9 79 9 20 110
35 27 9 9 107 9 79 9 9 9 105
15 27 9 105 11 57 9 79 9 20 113
27 9 105 11 57 9 79 9 20 113
9 79 9 20 110
9 79 9 113
11 57 27 9 105 11 57 9 79 9 20 110
41 27 9 105 11 57 9 79 9 20 110
41 27 9 105 11 57 9 79 9 20 110
42 27 9 105 11 57 9 79 9 20 110
13 105 35 27 107 21 79 19 108
106 20 108
19 58 35 107 40 35 29 107 27 19 105 27 105 27 105 22 105 108
58 35 107 40 35 29 107 22 108
58 35 107 40 27 105 13 32 105 11 16
