109 11 44 19 16 27 106
19 107 35 107 86 35 107 86 35 107 86 35 107 86 35 107 86 19 87 84 87 23 85 29 105 11 57 32 86 107
13 105
79 79 57 79 79 105
11 57 19 16 27 105 11 57 35 27 107 108 13 105 79 109
13 105
79 105
9 79 9 9 80 3 57 15 19 20 20 35 112
11 3 3 54 9 3 105
13 9 9 105 209 41 9 79 9 110 13 32 113
13 110 13 108
13 9 9 105 9 42 9 79 9 110 13 9 32 8 42 14 27 9 79 9 110
13 114 11 57 114 13 113 13 27 110 11 58 35 112 9 105 13 27 110 13 110 13 35 112 9 105 13 27 110 13 110 13 110 13 27 110 13 110 13 35 112 9 105 13 27 110 13 110 13 35 112 9 105 13 9 79 9 110 13 110
13 110 13 110 13 35 112 9 105 13 27 110 13 110 13 42 14 27 105
13 9 9 108 35 112 9 105 13 27 110 13 110 13 35 112 9 105 13 27 110 13 9 79 9 110 13 27 110 13 27 110 13 110 13 27 9 105 13 35 112 27 110 13 9 79 9 110 13 27 110 13 27 110 13 110 13 27 9 79 9 27 110 13 9 79 9 9 79 9 113
13 34 3 110 11 136 110 11 136 34 3 136 27 35 112 27 110 13 9 3 105 13 110 13 113 20 9 33 3 57 9 32 9 110 13 110 12 6 124 3 136 20 9 3 105
3 121 6 9 6 105
27 35 112 27 110 13 9 3 105 13 110 13 113 9 80 3 57 91 20 3 3 53 9 80 3 57 20 58 20 3 3 52 20 57 20 3 105 27 27 9 9 105 19 35 105 13 9 107 9 79 9 30 9 79 9 9 80 3 57 31 113
35 112
9 80 3 57 9 80 3 58 9 79 9 110 13 9 32 8 20 3 105 20 3 105 20 3 105 27 9 105 27 27 9 9 105 27 27 9 9 105 108 13 9 79 9 110 13 57 27 9 105 9 79 9 57 9 79 9 110
13 114 11 57 114 13 110 13 9 79 9 9 9 105
13 58 35 112
9 79 9 9 9 105
13 9 9 105
20 9 3 105
13 9 9 105 20 110
9 79 9 9 80 3 57 15 19 19 19 9 79 9 9 79 9 113
13 105 13 110 9 80 3 57 9 80 3 58 9 79 9 110 13 9 32 8 27 9 105 108 13 9 79 9 110 13 57 27 9 105 105 27 35 112 27 110 13 9 79 9 110 13 110 13 113 35 112
91 20 54 35 105 13 107
9 79 35 9 79 9 9 79 9 114
13 107 35 20 20 9 3 107
11 112 105 19 9 107
11 20 9 3 107
11 20 9 3 107
11 20 9 3 107
11 110 19 105 20 105 35 9 79 79 109
13 107 35 20 20 112 105 19 105 20 105 19 105 35 9 79 79 109
13 107 35 19 20 3 107 19 105 105 27 105 19 105 27 105 35 9 107
105 35 9 79 79 109
13 107 35 19 20 3 107 19 20 3 105 105 27 105 19 105 27 105 35 9 107
13 21 112 113
105 9 79 35 9 79 9 9 79 9 114
13 112 113
35 19 20 3 107 19 20 3 105 19 20 3 105 9 79 108
13 105 9 79 108
13 20 110 9 79 108
13 20 110 9 79 108
13 9 79 9 110 9 79 108
13 20 110 9 79 108
13 20 110 9 79 108
13 20 110 9 79 108
9 79 108
13 35 9 9 107
110 35 9 79 79 109
13 107 35 19 20 3 107 20 105 105 27 105 19 105 27 105 35 9 107
105 9 79 35 9 79 9 9 79 9 114
13 112 113
13 105 13 105 13 21 3 84 9 79 108
13 20 110 9 79 108
13 20 110 9 79 108
13 35 9 9 107
110 35 9 79 79 109
13 107 19 105 35 9 79 79 109
106
