1 4 5
1 5 6
1 29 30
1 30 31
1 31 32
1 32 33
1 33 34
1 34 35
1 35 36
1 37 38
1 52 56
1 56 57
1 57 58
1 58 59
1 59 60
1 60 61
1 61 62
1 62 63
1 63 53
1 53 54
1 54 55
1 64 69
1 69 70
1 70 71
1 71 72
1 72 73
1 73 74
1 74 75
1 75 76
1 76 65
1 65 66
1 66 67
1 67 68
1 83 84
1 84 85
1 85 86
1 86 87
1 87 88
1 88 89
1 89 90
1 90 91
1 92 93
1 93 94
1 96 97
1 98 99
1 118 119
1 119 120
1 120 121
1 121 122
1 122 123
1 123 124
1 124 110
1 110 111
1 111 112
1 112 113
1 113 114
1 114 115
1 115 116
1 116 117
1 125 126
1 126 127
1 127 128
1 128 129
1 129 130
1 130 131
1 131 132
1 132 133
1 133 134
1 134 135
1 135 136
1 136 137
1 137 138
1 138 139
1 139 140
1 140 141
1 141 142
1 142 143
1 143 144
1 144 145
1 145 146
1 146 147
1 147 148
1 148 149
1 149 150
1 150 151
1 151 152
1 152 153
1 153 154
1 154 155
2 4 14
2 4 104
2 4 14
2 4 36
2 4 29
2 4 78
2 4 38
2 4 22
2 4 14
2 4 103
2 4 14
2 4 13
2 4 25
2 4 80
2 4 11
2 4 11
2 4 12
2 4 95
2 4 36
2 4 13
2 4 37
2 4 39
2 4 106
2 4 80
2 4 26
2 4 28
2 4 28
2 4 28
2 4 11
2 4 27
2 10 28
2 10 11
2 10 36
2 10 80
2 10 11
2 10 78
2 10 13
2 10 104
2 10 12
2 10 25
2 10 11
2 10 29
2 10 27
2 10 14
2 10 28
2 10 38
2 10 13
2 10 14
2 10 14
2 10 80
2 10 36
2 10 26
2 10 37
2 10 22
2 10 14
2 10 39
2 10 103
2 10 15
2 10 106
2 10 28
2 3 28
2 3 13
2 3 1
2 3 118
2 3 12
2 3 13
2 3 15
2 3 104
2 3 22
2 3 11
2 3 11
2 3 29
2 3 103
2 3 39
2 3 38
2 3 36
2 3 14
2 3 27
2 3 28
2 3 14
2 3 11
2 3 106
2 3 155
2 3 36
2 3 37
2 3 117
2 3 78
2 3 125
2 3 14
2 3 28
2 3 125
2 3 14
2 3 80
2 3 26
2 3 80
2 3 25
2 8 25
2 8 37
2 8 11
2 8 22
2 8 103
2 8 12
2 8 80
2 8 106
2 8 28
2 8 14
2 8 13
2 8 28
2 8 26
2 8 38
2 8 36
2 8 27
2 8 28
2 8 49
2 8 14
2 8 13
2 8 78
2 8 14
2 8 11
2 8 104
2 8 14
2 8 29
2 8 80
2 8 15
2 8 36
2 8 11
2 8 39
2 2 13
2 2 103
2 2 28
2 2 118
2 2 29
2 2 13
2 2 22
2 2 37
2 2 14
2 2 80
2 2 78
2 2 11
2 2 28
2 2 26
2 2 1
2 2 28
2 2 11
2 2 38
2 2 15
2 2 27
2 2 106
2 2 104
2 2 14
2 2 36
2 2 14
2 2 14
2 2 155
2 2 117
2 2 36
2 2 39
2 2 125
2 2 11
2 2 12
2 2 25
2 2 80
2 2 125
2 9 37
2 9 13
2 9 78
2 9 14
2 9 14
2 9 80
2 9 36
2 9 26
2 9 11
2 9 36
2 9 12
2 9 28
2 9 11
2 9 14
2 9 38
2 9 13
2 9 25
2 9 80
2 9 103
2 9 14
2 9 106
2 9 11
2 9 15
2 9 104
2 9 28
2 9 29
2 9 27
2 9 28
2 9 22
2 9 39
2 7 15
2 7 36
2 7 104
2 7 14
2 7 14
2 7 13
2 7 11
2 7 28
2 7 14
2 7 11
2 7 36
2 7 11
2 7 25
2 7 27
2 7 22
2 7 79
2 7 13
2 7 29
2 7 28
2 7 14
2 7 37
2 7 47
2 7 106
2 7 39
2 7 38
2 7 26
2 7 80
2 7 80
2 7 103
2 7 12
2 7 28
2 7 78
2 23 27
2 23 104
2 23 13
2 23 80
2 23 38
2 23 36
2 23 11
2 23 29
2 23 15
2 23 14
2 23 28
2 23 36
2 23 37
2 23 39
2 23 13
2 23 22
2 23 103
2 23 80
2 23 14
2 23 11
2 23 25
2 23 14
2 23 106
2 23 28
2 23 28
2 23 26
2 23 14
2 23 11
2 23 78
2 23 12
2 46 48
2 82 80
2 82 80
2 81 104
2 81 38
2 81 13
2 81 25
2 81 39
2 81 14
2 81 14
2 81 103
2 81 37
2 81 78
2 81 13
2 81 15
2 81 36
2 81 80
2 81 14
2 81 28
2 81 106
2 81 26
2 81 28
2 81 12
2 81 28
2 81 11
2 81 11
2 81 80
2 81 36
2 81 27
2 81 22
2 81 11
2 81 14
2 81 29
2 45 48
2 21 104
2 21 106
2 21 14
2 21 37
2 21 14
2 21 15
2 21 28
2 21 36
2 21 80
2 21 28
2 21 36
2 21 29
2 21 26
2 21 13
2 21 11
2 21 11
2 21 39
2 21 103
2 21 25
2 21 27
2 21 14
2 21 22
2 21 11
2 21 13
2 21 78
2 21 38
2 21 80
2 21 28
2 21 14
2 21 12
2 83 91
2 50 50
2 19 80
2 19 36
2 19 11
2 19 14
2 19 28
2 19 14
2 19 39
2 19 12
2 19 14
2 19 13
2 19 47
2 19 28
2 19 36
2 19 11
2 19 11
2 19 25
2 19 106
2 19 103
2 19 15
2 19 29
2 19 13
2 19 80
2 19 26
2 19 79
2 19 104
2 19 14
2 19 37
2 19 28
2 19 78
2 19 27
2 19 38
2 19 22
2 41 14
2 41 47
2 41 28
2 41 13
2 41 25
2 41 11
2 41 11
2 41 26
2 41 104
2 41 103
2 41 36
2 41 27
2 41 14
2 41 28
2 41 106
2 41 36
2 41 29
2 41 39
2 41 79
2 41 11
2 41 37
2 41 14
2 41 14
2 41 80
2 41 13
2 41 28
2 41 15
2 41 78
2 41 80
2 41 38
2 41 22
2 41 12
2 102 28
2 102 79
2 102 28
2 102 27
2 102 15
2 102 11
2 102 14
2 102 11
2 102 12
2 102 28
2 102 37
2 102 14
2 102 11
2 102 13
2 102 80
2 102 14
2 102 106
2 102 36
2 102 78
2 102 39
2 102 80
2 102 104
2 102 29
2 102 26
2 102 36
2 102 13
2 102 25
2 102 38
2 102 103
2 102 14
2 102 22
2 18 36
2 18 28
2 18 36
2 18 13
2 18 38
2 18 28
2 18 78
2 18 106
2 18 13
2 18 29
2 18 80
2 18 14
2 18 12
2 18 14
2 18 14
2 18 80
2 18 104
2 18 28
2 18 11
2 18 39
2 18 25
2 18 14
2 18 103
2 18 27
2 18 15
2 18 22
2 18 26
2 18 37
2 18 11
2 18 47
2 18 79
2 18 11
2 17 13
2 17 36
2 17 79
2 17 14
2 17 104
2 17 103
2 17 80
2 17 15
2 17 11
2 17 13
2 17 36
2 17 80
2 17 37
2 17 25
2 17 28
2 17 26
2 17 14
2 17 38
2 17 29
2 17 11
2 17 27
2 17 47
2 17 106
2 17 12
2 17 28
2 17 22
2 17 78
2 17 39
2 17 14
2 17 28
2 17 11
2 17 14
2 16 80
2 16 80
2 43 78
2 43 36
2 43 13
2 43 26
2 43 14
2 43 15
2 43 14
2 43 38
2 43 13
2 43 36
2 43 11
2 43 11
2 43 28
2 43 103
2 43 14
2 43 37
2 43 80
2 43 39
2 43 14
2 43 106
2 43 27
2 43 12
2 43 28
2 43 80
2 43 25
2 43 22
2 43 104
2 43 11
2 43 28
2 43 29
2 101 103
2 101 28
2 101 22
2 101 13
2 101 13
2 101 80
2 101 28
2 101 29
2 101 11
2 101 36
2 101 14
2 101 28
2 101 36
2 101 37
2 101 26
2 101 104
2 101 80
2 101 11
2 101 39
2 101 25
2 101 11
2 101 14
2 101 15
2 101 12
2 101 78
2 101 38
2 101 14
2 101 27
2 101 14
2 101 106
2 101 79
2 42 14
2 42 25
2 42 37
2 42 80
2 42 11
2 42 13
2 42 106
2 42 36
2 42 38
2 42 13
2 42 22
2 42 14
2 42 27
2 42 36
2 42 14
2 42 11
2 42 39
2 42 29
2 42 78
2 42 104
2 42 15
2 42 12
2 42 26
2 42 80
2 42 28
2 42 28
2 42 11
2 42 14
2 42 28
2 42 103
2 44 48
2 51 78
2 51 27
2 51 39
2 51 11
2 51 36
2 51 28
2 51 37
2 51 14
2 51 26
2 51 103
2 51 14
2 51 29
2 51 14
2 51 14
2 51 25
2 51 80
2 51 13
2 51 104
2 51 22
2 51 28
2 51 13
2 51 11
2 51 11
2 51 80
2 51 36
2 51 28
2 51 106
2 51 15
2 51 38
2 51 12
2 109 104
2 20 36
2 20 29
2 20 13
2 20 12
2 20 106
2 20 78
2 20 14
2 20 36
2 20 11
2 20 22
2 20 15
2 20 80
2 20 14
2 20 27
2 20 14
2 20 25
2 20 28
2 20 37
2 20 11
2 20 28
2 20 13
2 20 26
2 20 103
2 20 14
2 20 38
2 20 80
2 20 104
2 20 11
2 20 28
2 20 39
2 52 78
2 52 80
2 52 77
2 52 80
2 52 55
2 64 65
2 64 68
2 100 79
2 40 106
2 40 78
2 40 80
2 40 14
2 40 14
2 40 13
2 40 39
2 40 11
2 40 37
2 40 38
2 40 26
2 40 11
2 40 80
2 40 12
2 40 22
2 40 13
2 40 36
2 40 49
2 40 104
2 40 103
2 40 14
2 40 15
2 40 14
2 40 36
2 40 25
2 40 28
2 40 28
2 40 29
2 40 11
2 40 28
2 40 27
3 4 6
3 24 107
3 24 105
3 18 107
3 18 105
3 17 107
3 17 105
3 92 94
3 108 107
3 108 105
3 98 99
3 43 107
3 43 105
3 96 97
