27 105 13 32 105 13 57 19 16 19 41
107
106 21 105
19 106 35 107 86 79 19 105 79 35 107 105 35 107
86 105
13 57 107
106 79 105
106 35 27 107 35 19 107
106 79 57 79 109
106 79 57 79 109
35 107 105 13 32 20 105 20 105 19 105 27 27 105 105 105 11 84 77 20 52 35 35 105 13 107 107 35 107 105 13 57 105 41 14 8 8 8 19 87 105 13 35 27 107 105 13 105 13 108
35 107 105 13 32 18
13 20 105 20 105 19 105 27 27 105 105 105 11 52 105 13 57 105
19 35 79 107 105 13 32 27 105 19 105 20 105 20 105 27 79 105 27 27 105 105 105 13 35 35 107 107 79 105 105 105 105 105 13 105 105 15 14 105 13 108
13 35 107 105 13 32 20 105 20 105 27 105 27 27 108 13 105 19 105 27 27 105 57 105
79 108
33 57 79 57 79 109
79 108
79 108
105 13 105 11 35 27 107 105 13 27 105 13 105 13 105 13 108
79 108
86 86 35 79 107 86 79 105 79 105 79 105 13 19 105 79 105 13 105 79 79 105 79 79 105 35 107 79 105 13 105 13 77 35 79 107
79 108
27 108
105 13 20 105 13 35 107 109 13 109 11 57 109 13 32 77 215 58 79 105 41 18
93 86 93 86 93 86 93 86 105 13 86 108 13 105 13 86 105 13 79 19 105 13 79 86 77 108 13 86 105 13 57 27 108 13 86 79 58 27 86 105 13 105 13 79 105 13 86 27 105 13 32 105 13 86 105 13 86 105 13 86 105 13 86 79 58 27 86 105 11 19 52 105 13 86 105
107 27 105 13 32 105 13 57 33 57 32 86 105 13 86 15 14 27 108
107 27 105 13 32 105 11 57 105 13 86 105 13 86 79 57 79 35 107
80 58 31 15 21 23 27 105 13 32 105 13 109 13 8 109 11 57 109 13 32 105 13 57 35 27 107 105 13 105 13 108
105 11 105 12 57 50 62 47 60 8 2 5 5 2 8 8 41 14 27 108
41 14 31 40 57 27 35 107 105 12 105 13 27 105 13 105 12 105 13 27 105 13 105 11 105 13 27 105 13 105 11 105 13 27 105 13 23 151 105 13 105 13 105
27 105
35 27 107 105 12 105 13 27 105 13 105 12 105 13 27 105 13 105 11 105 13 27 105 13 105 11 105 13 27 105 13 23 151 105 13 27 105 13 105 13 105 13 108
107
35 107
27 79 57 79 108 11 58 79 19 19 105 13 108 11 79 19 105 13 108 11 27 35 107 105 13 27 105 13 79 105 11 105 13 27 105 13 79 105 11 105 13 27 105 13 105 13 27 105 13 105 13 105 13 105
79 57 79 27 105 13 105
105 13 58 27 105 11 105 11 105 11 105 13 58 27 27 35 107 105 13 27 105 13 105 13 27 105 13 105 13 27 105 13 105 13 27 105 13 105 13 105 13 105
19 87 27 86 27 105 13 32 105 13 57 105 11 87 105 13 86 27 79 105
19 19 105
105 11 20 52 79 57 79 109
79 108
79 108
79 108
79 108
19 27 52 27 27 20 52 27 79 108
79 57 79 105 11 57 79 105 11 84 79 105 15
79 105 15 14 79 57 79 105 13 105
19 84 79 57 79 105 79 77 105 107
79 57 77 19 51 77 19 52 79 105 79 105 15
20 79 108
22 19 35 27 107 79 108
11 19 52 79 108
79 108
13 105 41 79 108
11 105 13 27 105 13 79 105 13 105 13 27 105 13 105 13 27 105 13 105 13 105 13 108
79 108
11 44 79 108
11 57 79 35 107 79 108
15 79 108
11 57 79 108
13 105 79 108
13 35 107 105 79 108
35 27 107 79 108
13 105 79 108
79 19 108
19 16 79 108
13 105 79 19 108
11 105 13 105 13 108
79 108
13 57 79 108
13 19 105 79 108
11 44 79 108
79 108
13 57 27 108
79 108
19 84 79 105 15
19 84 80 57 79 105 79 105 79 105 79 77 105 42 79 105 41 84 42 79 57 35 27 107 107
19 84 79 105 15
79 57 79 105 79 105 19 86 19 84 15
105 11 122 22 194 79 57 79 109
19 79 57 79 35 27 107 105 13 27 105 13 105 13 105 13 109
22 19 35 27 107 107
13 105 13 105 13 108
77 19 52 105
11 57 35 27 107 105
11 105 13 27 105 13 105
11 105 13 27 105 13 105
11 105 13 105 13 108
107
13 105 80 57 105 105 77 57 77 105 19 84 15 105 41 27 108
79 108
13 105 13 108 11 58 35 27 108 13 107 22 105 79 105
13 105
86 35 107 86 35 107 86 35 107 86 35 107 86 35 107 86 35 107 86 35 107 86 35 107 86 35 107 86 35 19 21 107 86 35 107 86 35 107
79 57 35 27 79 108 13 107 22 105 105
13 105
35 27 27 108 13 107 22 105 79 105
13 105
44 15 79 105
79 108
105 11 108
105 209 41 79 105 31 15 14 35 27 107 105 13 105 13 108
105 209 41 79 105 79 93 105 13 34 56 35 107
13 107
11 57 79 57 35 27 108 13 107 35 107 27 19 105 79 33 58 27 108
19 79 58 16 108 11 58 108 11 58 35 27 108 13 107 22 105 105 79 105
105 13 57 105 13 33 58 35 27 107 105 13 27 105 13 105 13 108
105
13 105 109
13 105
11 57 19 105 109
13 109 11 62 27 108
13 105 109
13 109 13 109 13 109 11 57 109 13 32 109 13 32 109 13 32 105 41 109
13 109
13 105 13 42 18
13 105 13 32 8 32 109
13 105
13 105 19 105 109
11 105 109
11 105 33 57 109
11 58 108
8 32 93 105 8 32 108
13 105 105 11 57 105 13 9 108
105 11 35 9 107
9 107
9 86 27 105
11 57 114
11 57 20 51 93 9 109
114
13 109 27 105
13 57 27 105 11 57 19 105 11 20 51 19 105 13 114
13 108
13 108
13 9 109
79 109 13 109 13 109 11 57 109 13 32 109 13 32 109 13 32 9 109
41 14 105 40 19 42 57 113
13 42 9 108
13 105 18 20 53 20 53 114
11 58 35 27 114
13 105 13 107
40 105
13 57 114
11 58 27 105 11 58 93 105 13 105 11 58 35 27 114
13 105 13 107
40 57 93 105 13 105 11 57 9 33 57 9 32 8 108
11 58 108
13 9 109
79 108
13 86 105 11 57 114
13 93 51 19 105 13 57 105 13 27 27 105
11 57 35 107 8 114
11 108
13 86 57 105 105 19 87 42 105 13 41 14 57 105 40 108
