1 6 7
1 7 8
1 20 21
1 21 22
1 22 23
1 23 24
1 24 25
1 25 26
1 26 27
1 28 29
1 29 30
1 32 33
1 33 34
1 36 37
1 37 38
1 38 39
1 40 41
1 41 42
1 42 43
1 43 44
1 44 45
1 45 46
1 52 53
1 57 58
1 60 61
1 65 66
1 66 67
1 67 68
1 68 69
1 69 70
1 70 71
1 71 72
1 72 73
1 73 74
1 74 75
1 75 76
1 76 77
1 77 78
1 78 79
1 79 80
1 80 81
1 81 82
1 82 83
1 83 84
1 84 85
1 85 86
1 86 87
1 87 88
1 88 89
1 89 90
1 90 91
1 91 92
1 92 93
1 93 94
1 94 95
1 95 96
1 96 97
1 97 98
1 98 99
1 99 100
1 100 101
1 101 102
1 102 103
1 103 104
1 104 105
1 105 106
1 106 107
1 107 108
1 146 147
1 147 148
1 151 152
1 152 153
1 153 154
1 155 156
1 156 157
1 157 158
1 158 159
1 159 160
1 160 161
1 161 162
1 162 163
1 174 175
1 175 176
1 176 177
1 177 178
1 178 179
1 179 180
1 180 181
1 181 182
1 188 189
1 189 190
1 190 191
1 191 192
1 192 193
1 193 194
1 194 195
1 196 197
1 197 198
1 198 199
1 199 200
1 200 201
1 201 202
1 202 203
1 204 205
1 205 206
1 206 207
1 207 208
1 208 209
1 209 210
1 210 211
1 211 212
1 213 214
1 214 215
1 215 216
1 216 217
1 217 218
1 218 219
1 219 220
1 220 221
2 115 111
2 2 10
2 1 51
2 1 3
2 1 56
2 131 131
2 126 126
2 129 129
2 124 124
2 130 130
2 132 132
2 123 123
2 128 128
2 125 125
2 12 51
2 12 56
2 12 10
2 35 46
2 35 36
2 35 46
2 35 47
2 35 40
2 35 39
2 35 51
2 35 56
2 35 39
2 62 61
2 62 60
2 62 61
2 62 51
2 64 11
2 64 4
2 64 10
2 63 11
2 63 10
2 63 4
2 186 186
2 241 241
2 224 224
2 228 228
2 145 145
2 121 121
2 136 136
2 236 236
2 164 164
2 196 203
2 139 139
2 140 140
2 244 244
2 172 172
2 231 231
2 150 150
2 239 239
2 167 167
2 222 222
2 226 226
2 143 143
2 247 247
2 119 119
2 183 183
2 134 134
2 234 234
2 151 151
2 187 187
2 242 242
2 229 229
2 122 112
2 122 111
2 122 122
2 122 113
2 137 137
2 237 237
2 165 165
2 127 127
2 204 212
2 185 185
2 245 245
2 173 173
2 232 232
2 240 240
2 168 168
2 223 223
2 227 227
2 144 144
2 120 120
2 135 135
2 235 235
2 155 163
2 188 195
2 118 118
2 243 243
2 171 171
2 230 230
2 149 149
2 138 138
2 238 238
2 166 166
2 213 221
2 225 225
2 246 246
2 174 182
2 133 133
2 233 233
2 48 51
2 48 46
2 48 55
2 48 39
2 48 56
2 48 40
2 48 39
2 48 47
2 48 46
2 48 36
2 142 114
2 141 113
2 59 59
2 169 169
2 170 170
2 184 184
2 31 19
2 109 65
2 109 108
2 28 14
2 28 13
2 49 54
2 49 56
2 49 51
2 49 54
2 49 54
2 18 13
2 18 16
2 20 13
2 20 15
3 32 34
3 57 58
3 64 9
3 151 154
3 146 148
3 52 53
3 5 50
3 28 30
3 6 8
3 18 17
3 20 27
4 143 115
4 144 117
4 223 110
4 222 110
4 145 116
