106 108
79 57 79 109
40 105 13 79 105 13 105 13 32 105
79 105 13 105
79 19 108
79 105
13 79 108
13 105
35 107 27 105 27 79 80 105 108
79 105 15
79 105 15
19 19 45 106 11 16 27 105 2 41 27 105 105 11 57 93 109 13 32 105
79 105 13 27 105 13 27 19 36 19 29 72 105 13 19 19 36 19 72 105 13 86 15 14 27 108
79 105 13 27 105 13 27 19 36 19 93 72 19 29 72 19 29 72 105 13 79 105 13 19 36 19 19 108 13 72 19 72 19 72 105 13 32 105 11 16 14 27 108
79 105 13 27 105 13 27 19 36 19 93 72 19 29 72 19 29 72 19 29 72 19 29 72 105 13 79 105 13 19 36 19 19 108 13 72 19 72 19 72 19 27 72 19 72 105 13 32 18 14 27 108
79 105 13 27 105 13 27 19 36 19 93 72 19 29 72 19 29 72 19 29 72 105 13 79 105 13 19 36 19 19 108 13 72 19 72 19 27 72 19 72 105 13 32 18 14 27 108
35 107 27 19 105 27 105 27 105 93 35 107
79 30 79 105
79 105 13 27 105 13 27 19 36 19 29 72 19 29 72 19 29 72 19 93 72 105 13 19 19 36 19 79 72 19 79 72 19 27 72 19 19 108 13 72 105 15 14 27 108
79 105
79 105
13 86 79 79 105 13 79 109
13 79 105
13 27 105 13 8 32 8 58 108
11 79 109
79 109
13 19 19 107
27 108
79 105
79 108
19 45 106 11 16 27 105 41 27 105 105
19 45 106 11 16 27 105 2 41 27 105 105
105 2 41 27 105 105
105 2 41 27 105 105 11 105 11 105 11 57 93 109 13 32 105
19 45 106 11 16 27 105 2 41 27 105 105 11 57 93 105
35 107 108 12 8 2 105 13 32 19 108
108 11 58 27 105 57 105
13 108 11 58 19 105 105
13 105 13 34 105 35 105 13 107 105 105 105 11 105 13 20 53 54 105 13 35 105 13 107 108
19 19 19 19 107 27 105 13 32 27 105 13 32 105 13 105 13 108 13 105 13 27 105 13 32 35 27 107 19 105
13 105 11 84 27 108
13 57 2 87 27 108
13 57 2 87 105 13 86 105 13 86 108
11 87 105 11 87 105 11 87 105 13 86 108
13 86 19 105 11 84 108
11 84 105 11 84 105 11 84 105 11 84 105 11 84 77 84 77 84 77 84 57 27 105 11 27 105 11 27 105 11 122 122 194 129 85 51 19 52 87 91 20 53 105 11 87 105 13 57 105 13 105 13 105 11 84 15 2 42 2 42 2 41 26 85 87 41 84 41 87 84 41
11 57 105 13 57 105 11 16 19 41
79 108 13 108
20 108 79 109 13 18 14 108
19 19 35 107 27 105 105 13 22 105
35 107 105 13 105 13 18
79 108
13 35 27 107 27 105 13 27 79 105 13 27 108
19 35 79 107 105 13 32 105 105 11 20 53 20 55 79 105 13 109
35 79 107 105 13 32 79 58 79 79 19 108
19 20 19 107 35 107 86 86 86 87 86 86 105
35 27 107 108 13 105 105
13 105
79 32 35 105 13 107 79 105
35 107 105 13 32 19 19 108
27 27 105 105 35 105 13 107 108
35 107 105 13 27 105 11 58 106
35 107 27 105 13 105 13 105 13 108
35 107 27 105 13 105 13 105 13 108
13 105
13 108
13 108
13 105
13 108
13 108
13 105
13 108
13 108
13 105
13 108
13 108
13 105
13 108
13 108
13 105
13 108
13 108
13 105
13 108
13 108
13 105
13 108
13 108
13 105
13 108
13 108
13 19 36 105 13 100 108
13 108
13 19 36 105 13 100 108
13 108
13 19 36 105 13 100 108
13 108
13 19 36 19 29 72 105 13 100 108
13 108
13 19 36 19 29 72 19 29 72 105 13 100 108
13 108
13 19 36 19 29 72 105 13 100 108
13 108
13 19 36 19 29 72 105 13 100 108
13 108
13 19 36 19 29 72 105 13 100 108
13 108
13 19 36 19 29 72 105 13 100 105 13 105 35 27 27 105 13 107 105 15 14 105 13 105 35 27 27 105 13 107 105 40 14 35 107
19 79 79 79 79 79 108
111 19 9 105
80 57 77 62 35 107 21 108 13 105 35 107
23 105 80 57 22 108 13 105 35 107
80 57 80 58 35 107 77 58 21 108 13 105 35 107
80 57 35 107 21 108 13 105 35 107
111 19 9 105
20 19 19 106 105
106 19 105
19 22 19 79 80 57 79 79 79 19 105 79 80 57 93 79 77 2 2 2 110 79 105 11 57 79 79 73 79 87 79 105
79 80 57 79 80 57 79 79 79 19 105 79 19 105
79 80 57 79 79 79 19 105 79 19 105
19 22 79 80 57 79 79 79 19 105 79 80 57 93 79 77 2 2 2 110 79 105
19 22 79 80 57 79 79 79 19 105 79 80 57 93 79 77 2 2 2 110 79 105
105 15
105 15
105 15
105 15
79 80 57 79 79 79 19 105 79 19 105
105 15
105 15
105 15
105 15
105 15
79 80 57 79 80 57 79 79 79 19 105 79 19 105
79 80 57 79 80 57 79 79 79 19 105 79 19 105
79 80 57 79 79 79 19 105 79 19 105
79 80 57 79 79 79 19 105 79 19 105
79 80 57 79 79 79 19 105 79 19 105
79 80 57 79 79 79 19 105 79 20 105
20 22 19 79 80 57 79 79 79 19 105 79 80 57 93 79 77 2 2 2 110 79 105 11 57 79 79 19 73 79 105
79 80 57 79 79 79 19 105 79 20 105
79 21 105
21 20 19 23 151 124 213 214 58 20 54 79 105
19 22 79 80 57 79 79 79 19 105 79 19 105 11 19 52 79 80 57 93 79 77 2 2 2 110 19 52 79 80 57 93 79 77 2 2 2 110 58 79 80 57 93 79 77 2 2 2 110 35 107 79 29 105 79 105
19 22 79 80 57 79 79 79 19 105 79 19 105 11 58 79 80 57 93 79 77 2 2 2 110 19 52 79 80 57 93 79 77 2 2 2 110 19 52 79 80 57 93 79 77 2 2 2 110 35 107 79 29 105 79 105
19 22 79 80 57 79 79 79 19 105 79 19 105 11 19 52 79 80 57 93 79 77 2 2 2 110 58 79 80 57 93 79 77 2 2 2 110 19 52 79 80 57 93 79 77 2 2 2 110 35 107 79 29 105 79 105
93 105 11 57 79 21 105
13 79 21 105
13 79 35 27 108 13 107 105
22 19 79 80 57 79 79 79 19 105 79 80 57 93 79 77 2 2 2 110 79 105
19 22 79 80 57 79 79 79 19 105 79 80 57 93 79 77 2 2 2 110 35 79 107 21 105 21 105 21 105 13 105 13 21 35 107
19 22 79 80 57 79 79 79 19 105 79 80 57 93 79 77 2 2 2 110 79 80 57 79 80 57 79 21 105
13 79 21 105
79 21 105
13 8 8 8 79 35 27 108 13 107 105
22 19 19 98 79 84 79 108
13 105 79 108
13 105 79 108
13 105 79 108
13 105 79 108
13 105 79 108
13 105 79 105 79 105 79 105
79 77 19 52 79 105
79 80 57 79 79 79 19 105 79 80 57 93 79 77 2 2 2 110 79 21 105
22 19 79 80 57 79 79 79 19 105 79 80 57 93 79 77 2 2 2 110 79 19 84 79 108
22 19 79 80 57 79 79 79 19 105 79 80 57 93 79 77 2 2 2 110 79 19 84 79 108
22 19 79 80 57 79 79 79 19 105 79 80 57 93 79 77 2 2 2 110 79 19 84 79 108
19 22 79 80 57 79 79 79 19 105 79 80 57 93 79 77 2 2 2 110 79 77 209 84 79 77 91 56 79 19 84 79 21 105
19 22 79 80 57 79 79 79 19 105 79 80 57 93 79 77 2 2 2 110 79 77 209 84 79 77 19 54 79 91 84 79 21 105
22 19 19 79 80 57 79 79 79 19 105 79 80 57 93 79 77 2 2 2 110 58 79 105 79 105 79 105 79 87 57 79 105 79 105 79 105 79 87 79 77 58 79 84 79 80 101 15
19 22 79 80 57 79 79 79 19 105 79 80 57 93 79 77 2 2 2 110 57 79 19 87 79 80 101 15 79 87 41
19 22 79 80 57 79 79 79 19 105 79 80 57 93 79 77 2 2 2 110 32 105 11 57 79 19 87 79 80 101 15 79 87 41
19 22 79 80 57 79 79 79 19 105 79 80 57 93 79 77 2 2 2 110 32 105 11 57 79 19 87 79 80 101 15 79 87 41
19 22 79 80 57 79 79 79 19 105 79 80 57 93 79 77 2 2 2 110 32 105 11 57 79 19 87 79 80 101 15 79 87 41
19 19 22 19 98 79 84 79 108
13 105 79 108
13 105 79 108
13 105 79 108
13 105 79 108
13 105 79 108
13 105 79 105 79 105 79 105
79 77 19 52 79 105
79 80 57 79 79 79 19 105 79 80 57 93 79 77 2 2 2 110 79 21 105
19 22 79 80 57 79 79 79 19 105 79 80 57 93 79 77 2 2 2 110 32 105 11 57 79 19 87 15 79 87 41
19 22 19 79 80 57 79 79 79 19 105 58 79 108
20 22 19 79 80 57 79 79 79 19 105 79 80 57 93 79 77 2 2 2 110 79 105 11 57 79 79 19 73 79 105
19 22 79 80 57 79 79 79 19 105 79 80 57 93 79 77 2 2 2 110 32 105 11 57 79 19 87 79 80 101 15 79 87 41
22 19 79 80 57 79 79 79 19 105 79 80 57 93 79 77 2 2 2 110 79 105
19 19 22 19 98 79 84 79 108
13 105 79 108
13 105 79 108
13 105 79 108
13 105 79 108
13 105 79 108
13 105 79 105 79 105 79 93 65 105 79 93 65 105 79 105 79 105 79 77 19 52 79 105
79 80 57 79 79 79 19 105 79 80 57 93 79 77 2 2 2 110 79 21 105
19 22 19 19 98 79 84 79 108
13 105 79 108
13 105 79 108
13 105 79 108
13 105 79 108
13 105 79 108
13 105 79 105 79 105 79 93 65 105 79 93 65 105 79 77 52 79 105
79 80 57 79 79 79 19 105 79 80 57 93 79 77 2 2 2 110 79 21 105
19 19 22 19 98 79 84 79 108
13 105 79 108
13 105 79 108
13 105 79 108
13 105 79 108
13 105 79 108
13 105 79 105 79 105 79 105 79 105 79 21 105
13 79 35 27 107 105 13 27 105 13 105 13 108 13 105 79 27 105 79 77 19 52 79 105
79 80 57 79 79 79 19 105 79 80 57 93 79 77 2 2 2 110 93 79 77 2 2 2 110 79 21 105
19 19 22 19 98 79 84 79 108
13 105 79 108
13 105 79 108
13 105 79 108
13 105 79 108
13 105 79 108
13 105 79 105 79 105 79 105 79 105 79 21 105
13 79 35 27 107 105 13 27 105 13 105 13 108 13 105 79 27 105 79 77 19 52 79 105
79 80 57 79 79 79 19 105 79 80 57 93 79 77 2 2 2 110 93 79 77 2 2 2 110 79 21 105
22 19 79 80 57 79 79 79 19 105 79 80 57 93 79 77 2 2 2 110 19 101 79 80 101 35 107 79 29 105 79 105
22 19 79 80 57 79 79 79 19 105 79 80 57 93 79 77 2 2 2 110 101 79 80 101 35 107 79 29 105 79 105
19 22 19 79 80 57 79 79 79 19 105 79 80 57 93 79 77 2 2 2 110 79 84 79 108
20 22 19 79 80 57 79 79 79 19 105 79 80 57 93 79 77 2 2 2 110 79 105 11 57 79 79 19 73 79 105
20 22 19 79 80 57 79 79 79 19 105 79 80 57 93 79 77 2 2 2 110 79 105 11 57 79 79 19 73 79 105
20 22 19 79 80 57 79 79 79 19 105 79 80 57 93 79 77 2 2 2 110 79 105 11 57 79 79 19 73 79 105
20 22 19 79 80 57 79 79 79 19 105 79 80 57 93 79 77 2 2 2 110 79 105 11 57 79 79 19 73 79 105
20 22 19 79 80 57 79 79 79 19 105 79 80 57 93 79 77 2 2 2 110 79 105 11 57 79 79 19 73 79 105
20 22 19 79 80 57 79 79 79 19 105 79 80 57 93 79 77 2 2 2 110 79 105 11 57 79 79 19 73 79 105
20 22 19 79 80 57 79 79 79 19 105 79 80 57 93 79 77 2 2 2 110 79 105 11 57 79 79 19 73 79 105
20 22 19 79 80 57 79 79 79 19 105 79 80 57 93 79 77 2 2 2 110 79 105 11 57 79 79 19 73 79 105
19 22 19 79 80 57 79 79 79 19 105 79 80 57 93 79 77 2 2 2 110 79 105 11 57 79 79 19 73 79 105
20 22 19 79 80 57 79 79 79 19 105 79 80 57 93 79 77 2 2 2 110 79 105 11 57 79 79 19 73 79 105
20 22 19 79 80 57 79 79 79 19 105 79 80 57 93 79 77 2 2 2 110 79 105 11 57 79 79 19 73 79 105
20 22 19 79 80 57 79 79 79 19 105 79 80 57 93 79 77 2 2 2 110 79 105 11 57 79 79 19 73 79 105
20 22 19 79 80 57 79 79 79 19 105 79 80 57 93 79 77 2 2 2 110 79 105 11 57 79 79 19 73 79 105
22 19 79 80 57 79 79 79 19 105 79 80 57 93 79 77 2 2 2 110 79 105 11 57 79 79 19 73 79 105
22 19 19 79 80 57 79 79 79 19 105 79 80 57 93 79 77 21 2 2 110 79 80 58 79 87 79 87 79 105 79 105 79 105 79 105 79 105 79 105 79 105 79 105 79 105 79 105 79 105 79 105 79 105 79 77 19 54 79 105 79 105 79 105 79 105 79 105 79 105 79 105 79 105 79 105 79 105 79 105 2 79 77 209 53 79 77 19 56 2 20 56 79 77 19 52 79 80 57 79 79 73 79 105
22 19 79 80 57 79 79 79 19 105 79 80 57 93 79 77 2 2 2 110 79 105
19 22 19 79 80 57 79 79 79 19 105 79 80 57 93 79 77 2 2 2 110 79 105 11 57 79 79 19 73 79 105
19 22 19 79 80 57 79 79 79 19 105 79 80 57 93 79 77 2 2 2 110 79 105 11 57 79 79 19 73 79 105
19 22 19 79 80 57 79 79 79 19 105 79 80 57 93 79 77 2 2 2 110 79 105 11 57 79 79 19 73 79 105
19 22 19 79 80 57 79 79 79 19 105 79 80 57 93 79 77 2 2 2 110 79 105 11 57 79 79 19 73 79 105
19 22 19 79 80 57 79 79 79 19 105 79 80 57 93 79 77 2 2 2 110 79 105 11 57 79 79 19 73 79 105
20 22 19 79 80 57 79 79 79 19 105 79 80 57 93 79 77 2 2 2 110 79 105 11 57 79 79 19 73 79 105
20 22 19 79 80 57 79 79 79 19 105 79 80 57 93 79 77 2 2 2 110 79 105 11 57 79 79 19 73 79 105
