1 7 8
1 8 9
1 9 10
1 10 11
1 13 18
1 18 19
1 19 20
1 20 21
1 21 22
1 22 23
1 23 24
1 24 25
1 25 14
1 14 15
1 15 16
1 16 17
1 27 28
1 28 29
1 32 33
1 34 35
1 37 38
1 38 39
1 39 40
1 40 41
1 42 43
1 44 45
1 46 47
1 47 48
1 49 50
1 50 51
1 52 53
1 54 56
1 56 57
1 57 58
1 58 59
1 59 60
1 60 61
1 61 62
1 62 63
1 63 55
1 64 65
1 65 66
1 66 67
1 68 69
1 74 75
1 75 76
1 76 77
1 77 78
1 78 79
1 83 84
1 84 85
1 86 88
1 88 89
1 89 90
1 90 91
1 91 92
1 92 93
1 93 94
1 94 95
1 95 87
1 96 97
1 98 99
1 99 100
1 101 102
1 102 103
1 103 104
1 105 106
1 106 107
1 107 108
1 109 110
1 110 111
1 113 114
1 114 115
1 115 116
1 117 118
1 118 119
1 119 120
1 120 121
1 121 122
1 122 123
1 129 130
1 130 131
1 131 132
1 135 146
1 146 157
1 157 160
1 160 161
1 161 162
1 162 163
1 163 164
1 164 165
1 165 136
1 136 137
1 137 138
1 138 139
1 139 140
1 140 141
1 141 142
1 142 143
1 143 144
1 144 145
1 145 147
1 147 148
1 148 149
1 149 150
1 150 151
1 151 152
1 152 153
1 153 154
1 154 155
1 155 156
1 156 158
1 158 159
1 172 173
2 167 36
2 167 175
2 167 175
2 135 159
2 135 175
2 135 175
2 135 36
2 135 175
2 113 175
2 113 36
2 113 175
2 113 174
2 113 174
2 113 174
2 113 174
2 113 175
2 169 36
2 169 175
2 169 175
2 169 175
2 64 66
2 133 172
2 133 166
2 133 172
2 133 173
2 133 172
2 134 171
2 134 171
2 134 171
2 134 171
2 168 175
2 168 36
2 168 175
2 168 175
2 112 175
2 112 36
2 112 175
2 112 175
2 86 87
2 101 104
3 117 123
3 27 29
3 13 17
3 5 73
3 5 72
3 105 108
3 74 79
3 129 132
3 113 116
3 2 72
3 2 70
3 2 73
3 42 43
3 46 48
3 32 33
3 64 67
3 49 51
3 44 45
3 34 35
3 109 111
3 54 55
3 37 41
3 12 71
3 12 7
3 52 53
3 68 69
3 98 100
3 101 104
3 83 85
3 96 97
4 7 127
4 29 13
4 17 31
4 123 170
4 3 82
4 11 1
4 7 30
4 7 31
4 7 6
4 7 167
4 7 80
4 26 13
4 81 126
4 7 128
4 108 125
4 7 117
4 111 124
4 132 128
4 7 170
4 79 82
4 71 4
5 11 12
