106 21 105
27 105 13 27 105 11 57 79 108
11 62 19 101 35 79 29 107 27 105 27 93 80 57 27 27 105 27 27 105 79 105
106 21 105
106 108 13 79 35 27 107 105
106 21 105
35 93 29 107 93 105
15 27 105 11 57 107
35 93 29 107 41 27 105 11 57 107
35 93 29 107 41 27 105 11 19 57 101 35 93 107 27 93 93 52 27 35 107 27 105 105 27 105 105 13 105 13 27 79 105 13 27 79 105 13 105 21 105
13 32 105 15 27 105 11 57 101 35 93 29 107 20 105
20 52 19 52 27 105 13 107
106 21 105
107
93 105 11 62 93 105 13 32 27 27 108
13 79 105 11 58 27 79 108
35 93 29 107 93 105
100 91 19 46 58 35 107 105
13 109 13 105 77 21 194 98 77 98 77 77 56 77 98 79 58 35 107 86 93 19 58 105
13 109 13 35 107 105 77 98 77 98 108
93 105
27 27 108
13 105 11 58 93 19 108
27 27 108
13 105 11 58 93 108
35 79 29 107 79 105
106 21 105
93 21 57 105
13 32 19 105 35 29 107 105
9 111 21 105
106 21 105
35 27 107 27 27 105 27 77 105 79 108
13 108 13 105
79 80 57 79 27 108 11 105 41 79 27 41 35 27 107 27 27 105 27 77 105 79 108
13 108 13 105
93 27 105 13 32 105 13 57 105 11 57 19 16 19 16
79 105
13 27 105 13 32 19 57 105 13 57 105 13 105 13 109 13 27 105 11 58 27 105 11 57 41 79 105
13 27 41 35 79 105
13 29 107 27 105 79 105
13 105
79 21 105 13 32 27 105 19 105 35 27 107 27 27 105 79 105
13 108 13 105
79 21 105 13 32 27 105 19 105 35 27 107 27 27 105 79 105
13 108 13 105
35 79 105
13 29 107 79 105
13 105
35 79 105
13 29 107 27 100 79 105
13 105
57 79 19 105 35 27 107 27 27 105 79 105
13 108 13 105
35 107 20 105 105 105 27 105 105 105 27 105 93 105
13 105 105 105 93 105 35 27 107 27 105 27 19 36 27 19 72 105 27 27 105 27 105 13 105 79 27 108
13 105 105 105 27 105 93 105
13 105 105 105 35 107 27 105 93 105
11 105 105 13 105 105 105 105 27 105 93 105
13 105 105 105 27 105 93 105
13 105 105 105 27 105 27 27 108
13 105 105 105 27 105 27 27 108
13 105 105 105 27 105 27 27 108
13 105 105 27 27 108
79 108
11 57 27 27 79 105
13 105 13 105 13 108 13 105 11 57 105 35 107 35 35 107 107 20 36 35 93 105
13 107 35 107 35 27 107 105 19 105 11 19 51 105 41 105 108 13 35 27 107 27 105 27 19 36 27 72 105 27 27 105 27 27 105 27 105 79 27 108
57 79 19 105 35 27 107 27 27 105 79 105
13 108 13 105
93 93 86 35 27 107 27 27 105 79 108 13 105
35 79 29 107 79 105
13 42 79 58 27 35 107 27 105 77 105 105 13 108 35 27 107 27 27 105 79 108 13 105
35 27 107 27 27 105 79 108 13 105
93 105 13 32 79 108
77 19 56 93 77 105
11 57 80 58 79 108
13 27 19 108 13 105 15 100 35 79 108
13 29 107 27 77 105 27 80 57 27 27 105 27 27 105 79 108
13 105
106 21 105
13 105
9 111 21 105
105 11 57 19 41 105 11 105 11 27 93 105
11 57 27 41 93 105
11 57 41 105 11 58 35 27 107 27 105 79 108 13 105
105 11 19 44 16 105 11 35 27 107 27 27 41 105 11 35 27 107 27 27 105 27 105 79 108 13 105
27 108 13 100 93 105 11 58 93 105 35 93 27 107 105 11 57 105 35 107 93 20 105 105 105 35 27 107 27 105 27 36 27 72 105 27 27 105 27 108 13 105 93 27 108
16 105 11 105 11 93 19 57 93 79 57 93 79 105 11 57 107
11 57 35 107 77 77 54 2 2 2 93 108 13 105 93 105
11 93 105
11 54 169 170 93 108 13 105 93 105
93 105
93 105
93 22 105
93 105
105 11 105 11 105 11 19 19 44 16 105 11 105 11 79 57 79 77 91 191 91 191 46 62 47 60 91 46 62 105
11 122 91 192 47 60 77 160 108 11 91 46 62 77 160 108 11 91 46 62 79 105 79 105 79 108 11 108 11 22 47 101 79 77 77 160 22 161 191 84 79 77 91 46 62 79 91 84 41 91 79 77 192 79 77 46 62 79 91 79 77 192 41 84 35 93 107 27 27 105 79 108 13 105
105 11 19 57 42 105 11 105 11 80 19 57 93 105 13 19 109 11 57 109 13 32 79 105
11 57 105
35 27 107 27 79 105 79 108 13 105
105 11 19 57 16 105 11 105 11 79 105 11 57 107
11 57 35 107 77 77 22 91 161 108 11 170 93 108 13 105 107
20 56 22 122 194 77 122 161 108 11 105
13 27 108 13 100 93 105 11 58 93 105 35 93 27 107 105 11 57 105 35 107 93 20 105 105 105 35 27 107 27 105 27 36 27 19 72 105 27 27 105 27 108 13 105 93 27 108
79 108
13 79 105 13 32 35 79 108
13 29 107 27 79 105 27 79 105 79 108
13 105
35 79 108
13 29 107 79 108
13 105
93 105 11 19 62 27 35 107 93 105 13 19 8 19 109 11 57 109 13 32 77 51 105 11 58 35 107 105 27 105 105 105 13 105 27 77 80 57 105 11 58 35 107 105 27 105 105 13 27 80 57 27 35 107 105 79 105 27 105 77 105 27 105 105 105 13 41 105 11 58 35 107 105 27 105 105 105 13 105 105 11 62 79 108
27 105 13 27 105 11 19 19 57 27 105 11 56 93 105 13 32 80 176 87 79 108
15 27 105 11 57 27 105 11 56 35 79 108
13 29 107 27 105 79 108
13 105
106 21 105
86 19 86 19 87 19 87 21 105
13 32 35 107
105 108
108
11 57 107
41 87 35 79 29 107 79 105
106 21 105
106 21 105
106 21 105
106 21 105
106 21 105
108
13 105 13 32 35 79 108
13 29 107 79 108
13 105
79 108
79 108
27 105 13 79 21 105
79 105
79 108
11 54 27 105 11 57 79 108
79 79 108
11 170 108
79 108
79 105
15 27 105 79 21 105
13 32 79 108
15 27 105 11 57 27 105 11 35 107 27 105 105 27 105 105 13 105 15 27 105 11 57 27 105 13 108
13 32 79 21 105
13 27 109 13 32 57 27 105 11 57 27 109 13 32 57 42 27 105 11 57 27 109 13 32 27 105 11 57 27 105 79 79 108
11 108
79 108
79 105
79 79 108
11 108
79 108
79 108
42 27 41 27 105 11 57 27 105 11 20 56 20 35 107 27 105 105 27 105 105 13 105 15 27 105 11 57 27 105 13 108
13 27 109 13 32 57 27 105 11 57 27 109 13 32 57 41 27 105 11 57 35 93 35 107 79 108
13 32 79 21 105
13 105 27 105 105 13 107 105 11 57 79 105
35 93 27 107 105 11 57 105 93 108
13 32 27 105 27 105 11 19 57 27 105 13 108
13 27 109 13 32 57 27 105 11 57 27 109 13 32 57 42 27 105 11 57 27 109 13 32 27 109 13 32 79 27 109 13 32 108
108 11 79 108
11 54 79 79 108
11 170 108
79 108
13 105 27 105 105 13 86 35 79 107 105 11 57 105 35 107 35 35 107 107 20 36 35 93 105
106 21 105
79 108
79 108
106 21 105
19 65 35 35 107 27 105 105 27 105 105 13 107 105 13 32 27 105 19 105 21 105 105 35 93 35 107 105 27 105 105 13 107 105 11 57 105 35 107 105 13 20 36 23 105 11 105 11 19 51 121 148 36 23 150 9 121 183 124 108 13 72 9 105
19 108 35 65 107 105 13 105 12 124 19 35 27 107 105 13 32 27 105 27 35 107 27 105 105 27 105 105 13 27 35 107 27 105 105 105 13 105 19 105 21 105 35 107 27 105 105 27 105 105 13 35 107 27 105 105 27 105 105 27 105 105 13 105 12 105 11 121 148 35 107 27 105 105 27 105 105 13 35 107 105 105 27 105 105 13 35 107 105 105 105 13 105 11 121 148 27 35 107 27 105 105 105 13 105 124 105 105 35 105 13 107 105 105 20 36 35 35 107 107 19 105 11 19 51 105 105 169 36 212 172 108 13 72 105
41 105 105 105 105 11 27 20 52 35 35 105 13 107 107 105 13 57 35 107 105 105 105 13 41 27 57 105 18 14 41 14 8 57 105 40 8 57 105 27 18
19 65 86 19 65 86 19 65 108 11 41 20 35 35 107 93 105 27 105 79 105 27 105 105 13 107 105 11 57 105 35 35 107 27 105 79 105 27 105 105 13 107 105 13 32 27 105 105 105 105 35 93 35 107 79 105 27 105 105 13 107 105 11 57 105 35 107 105 13 20 36 105 11 19 51 105 105
19 65 86 19 65 19 65 108 11 41 20 27 79 27 105 11 57 27 41 79 27 105 11 57 41 79 27 105 11 57 27 41 79 27 105 11 57 27 41 79 27 105 11 57 27 41 79 27 105 11 57 27 41 79 27 105 11 57 27 35 107 105 13 32 27 105 105 105 105 35 105 13 107 35 35 27 107 107 105 105 105 105 105 11 27 20 52 35 35 105 13 107 107 105 13 57 35 107 105 105 105 13 41 27 18 14 27 35 107 27 105 105 13 105 105 13 108 27 18
