1 6 7
1 20 21
1 28 29
1 31 32
1 37 38
1 38 39
1 39 40
1 40 41
1 41 42
1 42 43
1 43 44
1 44 45
1 45 46
1 46 47
1 47 48
1 48 49
1 49 50
1 50 51
1 51 52
1 52 53
1 53 54
1 54 55
1 55 56
1 56 57
1 57 58
1 58 59
1 59 60
1 60 61
1 61 62
1 62 63
1 63 64
1 64 65
1 79 80
2 2 17
2 73 74
2 70 74
2 1 25
2 1 27
2 1 8
2 69 74
2 85 25
2 85 27
2 85 37
2 85 8
2 85 65
2 85 24
2 71 74
2 30 17
2 30 18
2 33 25
2 33 32
2 33 31
2 33 32
2 72 74
2 81 34
2 16 34
2 12 34
2 9 34
2 3 34
2 11 34
2 66 34
2 78 34
2 82 34
2 36 34
2 68 34
2 76 34
2 67 34
2 83 34
2 35 34
2 75 34
2 23 25
2 23 22
2 23 26
2 23 27
2 23 21
2 23 20
2 19 34
2 13 34
2 10 34
2 14 34
2 84 34
2 77 34
3 28 29
3 30 15
3 6 7
3 79 80
3 5 4
