106 105
106 105
19 35 107 27 105 13 105 13 105 13 108
19 109 13 27 105 11 57 27 108
79 108
13 108
79 108
15 14 79 108
13 105 79 108
79 108
13 19 109
35 107 27 105 13 105 13 105 13 108
35 107 27 105 105
79 108
79 27 109 13 32 108 11 57 79 27 79 108
79 108
79 108
79 108
13 105 13 105 41
79 27 105 13 32 105 13 57 105 11 58 27 108
13 27 105 13 105 41
79 108
27 105 13 27 105 13 105 11 57 58 15 108
35 29 107 27 105 105
35 107 27 105 105
13 105 13 105 41
106 27 108
13 105 13 105 13 108
105
105
13 105 13 108
13 105
11 58 35 107 27 105 13 105 13 27 105 13 105 13 108
27 27 107
105
13 105
13 105 13 57 35 107 27 105 13 105
79 27 105 13 32 105 13 57 105 11 58 27 108
79 58 35 27 107 40 79 109
79 108
79 27 105 13 32 105 13 57 105 11 58 27 108
