1 51 52
1 55 56
1 63 64
1 68 69
1 91 92
1 94 95
1 96 99
1 99 100
1 100 101
1 101 102
1 102 103
1 103 104
1 104 105
1 105 106
1 106 97
1 97 98
1 114 119
1 119 120
1 120 121
1 121 122
1 122 123
1 123 124
1 124 125
1 125 126
1 126 115
1 115 116
1 116 117
1 117 118
2 113 50
2 113 79
2 113 1
2 113 62
2 113 61
2 3 44
2 2 1
2 2 62
2 2 50
2 83 62
2 83 50
2 83 58
2 49 48
2 82 50
2 82 62
2 47 50
2 47 44
2 47 62
2 42 62
2 42 50
2 41 58
2 66 40
2 70 62
2 70 68
2 70 69
2 70 69
2 72 45
2 72 44
2 71 45
2 71 44
2 11 58
2 76 58
2 18 58
2 84 58
2 73 58
2 7 58
2 87 58
2 34 58
2 74 58
2 13 58
2 53 58
2 31 58
2 21 58
2 90 58
2 9 58
2 88 58
2 109 58
2 36 58
2 75 58
2 38 58
2 16 58
2 29 58
2 110 58
2 23 58
2 12 58
2 19 58
2 93 58
2 5 58
2 25 58
2 35 58
2 14 58
2 89 58
2 46 58
2 77 58
2 28 58
2 32 58
2 85 58
2 10 58
2 112 58
2 27 58
2 17 58
2 86 58
2 111 58
2 24 58
2 39 58
2 30 58
2 20 58
2 4 58
2 81 62
2 81 50
2 59 56
2 59 57
2 59 55
2 59 65
2 59 50
2 59 62
2 67 67
2 96 107
2 54 55
2 54 56
2 54 57
2 54 50
2 54 58
2 54 62
2 8 58
2 108 58
2 26 58
2 80 58
2 6 58
2 15 58
2 78 58
2 33 58
2 22 58
2 37 58
3 114 118
3 51 52
3 72 43
3 94 95
3 91 92
3 81 60
3 96 98
3 63 64
