35 27 107 79 108
11 62 79 108
13 57 35 107 19 79 105
11 54 79 79 105
13 79 113
11 57 27 20 108 13 79 105 13 105 11 57 27 79 108 13 105 27 105 79 108
11 57 27 79 105 79 57 79 105
11 62 27 79 108
13 105 79 57 79 105
11 62 27 79 108
13 105 79 57 79 105
11 62 27 79 108
13 105 79 105
9 79 9 79 105
11 19 56 19 35 57 27 107 22 105 9 79 105
11 62 27 9 79 19 105
13 105 11 58 9 79 108
13 57 35 107 19 19 9 79 105
11 54 9 79 9 79 105
13 9 79 113
19 19 35 27 107 35 107 27 105 13 79 105 13 105 13 108 13 105 27 79 105 27 79 105 27 105 79 105
11 62 27 79 19 105
13 105 11 58 79 105
11 56 79 108
13 57 35 107 19 19 79 105
11 54 79 79 105
13 79 113
91 20 53 35 27 107 35 107 27 105 13 79 108
11 57 79 105 13 105 13 108 13 105 27 79 105 27 79 105 79 57 27 79 105 11 58 79 79 108
13 79 79 19 113
79 79 79 19 19 19 109
93 35 107 27 105 13 105 13 105 13 108
106
79 105
106
13 41 35 105 13 107 105 13 32 19 105 27 105 27 105 13 57 27 105 13 19 65 41 14 41 44
9 79 9 113
13 20 110
9 79 9 113
13 20 110
9 79 9 113
13 9 79 9 113
13 110
35 9 79 9 9 79 9 114
13 9 9 107 20 9 3 105 35 9 79 9 9 79 9 114
13 112 21 110 35 20 20 9 3 107
11 112 110 20 9 3 107
13 57 9 79 9 113
11 20 9 3 107
11 20 9 3 107
11 20 9 3 107
11 110 20 110 20 110 35 9 79 9 9 79 9 114
13 9 107 35 20 20 112 9 105 20 3 105 20 3 105 20 113 13 110 11 3 105 35 9 79 9 9 79 9 114
13 9 107 35 20 20 3 3 107 20 3 105 105 27 9 105 20 113 13 110 11 3 105 9 79 9 9 79 9 114
13 110 13 27 27 9 79 9 9 79 9 114
13 110 13 9 9 9 105 11 105 13 91 20 3 3 53 20 9 105 105 93 9 105 20 20 9 3 107
11 20 20 9 3 107
11 3 3 3 3 105 91 20 3 3 53 105 35 9 9 107
13 110
9 105 35 9 79 9 9 79 9 114
13 9 9 107 35 20 20 9 3 3 107 20 20 9 3 3 105 110 27 9 9 105 20 113 13 110 11 9 3 105 27 27 9 79 9 9 79 9 114
13 110 13 9 9 9 105 11 3 105 13 91 20 3 3 53 20 9 9 105 9 9 105 93 9 9 105 20 20 9 3 107
11 20 20 9 3 107
11 9 3 3 3 3 105 91 20 3 3 53 110 35 9 9 107
9 9 105 9 79 9 35 9 79 9 9 79 9 114
13 112 113
35 20 20 9 3 3 107 20 20 9 3 3 105 20 20 9 3 3 105 9 79 9 113
13 9 9 105 9 79 9 113
13 20 113 13 110 11 110 9 79 9 113
9 79 9 35 9 79 9 9 79 9 114
13 20 110 9 79 9 113
13 9 79 9 110 9 79 9 113
13 20 110 9 79 9 113
13 20 110 9 79 9 113
13 20 110 9 79 9 113
13 35 9 9 107
110 35 9 79 9 9 79 9 114
13 9 107 35 20 20 9 3 3 107 20 9 3 105 9 105 27 9 105 20 113 13 110 11 3 105 27 27 9 79 9 9 79 9 114
13 110 13 9 9 9 105 11 3 105 13 91 20 3 3 53 20 9 105 105 93 9 105 20 20 9 3 107
11 20 20 9 3 107
13 21 112
11 3 3 3 3 105 91 20 3 3 53 105 35 9 9 107
9 105 9 79 9 35 9 79 9 9 79 9 114
13 112 113
113
9 79 9 113
13 110
13 110 13 21 3 9 84 9 79 9 113
19 27 105 11 57 35 27 107 108 13 105 79 79 109
13 105
