1 1 2
1 2 3
1 7 12
1 12 13
1 13 14
1 14 15
1 15 16
1 16 17
1 17 18
1 18 19
1 19 8
1 8 9
1 9 10
1 10 11
1 20 21
1 21 22
1 22 23
1 23 24
1 24 25
1 25 26
1 27 28
1 28 29
1 29 30
1 30 31
1 31 32
1 32 33
1 34 35
1 35 36
1 38 39
1 40 41
1 45 46
1 47 54
1 54 55
1 55 56
1 56 57
1 57 58
1 58 59
1 59 60
1 60 61
1 61 48
1 48 49
1 49 50
1 50 51
1 51 52
1 52 53
1 62 73
1 73 76
1 76 77
1 77 78
1 78 79
1 79 80
1 80 81
1 81 82
1 82 63
1 63 64
1 64 65
1 65 66
1 66 67
1 67 68
1 68 69
1 69 70
1 70 71
1 71 72
1 72 74
1 74 75
1 85 96
1 96 107
1 107 118
1 118 123
1 123 124
1 124 125
1 125 126
1 126 127
1 127 86
1 86 87
1 87 88
1 88 89
1 89 90
1 90 91
1 91 92
1 92 93
1 93 94
1 94 95
1 95 97
1 97 98
1 98 99
1 99 100
1 100 101
1 101 102
1 102 103
1 103 104
1 104 105
1 105 106
1 106 108
1 108 109
1 109 110
1 110 111
1 111 112
1 112 113
1 113 114
1 114 115
1 115 116
1 116 117
1 117 119
1 119 120
1 120 121
1 121 122
1 128 129
1 129 130
1 130 131
1 131 132
1 132 133
2 134 134
2 47 53
2 47 42
2 47 44
2 47 84
2 47 53
2 47 44
2 45 46
2 45 46
2 62 68
2 62 84
2 62 42
2 62 75
2 62 44
2 62 44
2 85 122
2 37 43
2 83 83
2 40 41
3 6 5
3 1 3
3 7 11
3 34 36
3 20 26
3 40 41
3 38 39
3 128 133
3 27 33
4 5 4
