1 1 2
1 4 5
1 5 6
1 15 16
1 16 17
1 17 18
1 18 19
1 19 20
1 20 21
1 23 24
1 24 25
1 25 26
1 27 28
1 28 29
1 29 30
1 31 32
1 32 33
1 34 35
1 35 36
1 39 42
1 42 43
1 43 44
1 44 45
1 45 46
1 46 47
1 47 48
1 48 49
1 49 40
1 40 41
1 50 51
1 54 65
1 65 76
1 76 80
1 80 81
1 81 82
1 82 83
1 83 84
1 84 85
1 85 55
1 55 56
1 56 57
1 57 58
1 58 59
1 59 60
1 60 61
1 61 62
1 62 63
1 63 64
1 64 66
1 66 67
1 67 68
1 68 69
1 69 70
1 70 71
1 71 72
1 72 73
1 73 74
1 74 75
1 75 77
1 77 78
1 78 79
1 86 87
1 87 88
1 89 92
1 92 93
1 93 95
1 97 99
1 99 100
1 100 101
1 101 102
1 102 103
1 103 104
1 104 105
1 105 106
1 106 98
1 107 118
1 118 119
1 119 120
1 120 121
1 121 122
1 122 123
1 123 124
1 124 125
1 125 108
1 108 109
1 109 110
1 110 111
1 111 112
1 112 113
1 113 114
1 114 115
1 115 116
1 116 117
2 54 79
2 54 52
2 13 50
2 13 51
2 37 51
2 37 50
2 97 98
2 89 94
2 89 90
2 89 95
2 22 51
2 22 50
2 14 50
2 14 51
2 15 21
2 15 19
2 31 33
2 34 36
2 39 50
2 39 51
2 39 40
2 38 53
2 23 26
2 107 116
3 54 127
3 10 11
3 86 88
3 3 127
3 4 7
3 4 6
3 96 126
3 8 12
3 9 12
3 9 11
3 89 91
3 1 2
3 39 41
3 107 117
3 27 30
