79 108 13 109 13 27 35 107 79 108
13 105 13 105 13 105 13 109 109 35 27 107 79 105
19 106 21 105
20 19 106 27 108
13 58 105
35 29 107 79 105
19 35 29 107 22 108
27 27 108 79 105
108 12 79 78 149 23 50 60 15 79 85 105 13 27 105 11 57 27 27 108 79 105
105
23 35 27 107 19 22 108
35 27 107 19 22 108
108
79 108
79 108
13 105
11 58 15 79 108
13 105 11 57 79 108
13 105 79 108
13 21 105 41 79 108
13 105 79 108
79 108
19 52 79 108
13 58 15 79 108
13 105 11 57 79 108
13 105 79 108
27 35 27 107 105 13 27 105 13 105 13 108 27 35 27 107 105 13 105 13 108 79 77 209 84 79 77 79 34 52 108
13 105 79 105
13 22 105 79 105
79 105
79 108
13 105 11 57 79 108
13 105 15
79 108
13 105 11 57 79 108
13 105 15
93 35 107 79 108
79 108
58 93 35 107 79 108
13 107 105 79 108
13 35 27 35 27 107 105 13 105 13 108 13 107 105
13 108
13 77 105
11 105 13 105 13 108 13 77 108
79 108
13 105
15 19 52 35 79 108
13 108
13 77 105
19 19 79 105 79 105 105
11 58 16 14 27 35 27 107 105 13 105 13 108 41 93 79 105 11 105 79 21 105 79 105 79 35 107 79 105 11 105 13 105 13 108
13 21 110 13 110 13 110 13 20 9 9 3 108 13 110 15 65 105 11 58 19 105 13 27 110 13 34 3 209 65 20 20 110 13 113 11 212 212 34 3 209 65 20 20 110 13 113 11 212 34 3 209 65 20 20 110 13 113 11 136 136 9 77 3 136 3 3 53 209 105 11 57 105 11 57 105 13 9 9 107
35 107 105 13 19 34 53 15 65 105 11 58 105 11 57 105 11 57 105 13 107
19 19 106 21 105
13 32 86 79 79 105 35 107
86 79 79 105 108 13 27 35 107 108 13 105 13 27 105 13 105 13 109 13 86 27 109 11 84 77 57 79 107
107
35 107 86 79 79 105 79 79 105 21 105
13 32 100 93 105
13 21 105 13 105 93 79 105 79 23 105 21 105
13 32 86 79 105 79 93 105 79 105 79 35 107
105 79 35 107
105 21 105
13 32 86 79 35 107
27 105
105 21 105
13 32 86 79 35 107
105 21 105
13 32 86 79 35 107
105 21 105
13 32 86 79 35 107
105 21 105
13 32 86 79 35 107
105 21 105
13 32 86 79 35 107
13 32 109 13 105 11 98 105 11 98 105
105 35 107
27 105
13 32 57 20 105 15 35 93 79 107
13 27 108 13 86 21 105
13 32 86 79 105 105
13 21 105 13 27 105 11 57 105
79 79 105 91 91 56 91 84 21 105
13 32 86 21 105
13 32 86 79 79 105 21 105
27 35 27 107 108
11 105 13 105 13 108 108
11 57 15 14 27 35 27 107 105 13 105 13 108 19 35 29 107 22 108
21 21 19 19 35 27 107 77 45 15 79 108 13 109 13 27 27 109 109 79 108
13 107 105 79 108
13 105 13 105 13 108 13 107 105
11 57 79 108
11 58 108
13 105 42 79 108
13 105 108
79 108
19 79 108
13 105 79 19 105
11 58 79 108
11 57 79 108
13 79 105
13 21 105 13 108 13 105 15 79 108
11 57 79 108
79 108
13 105
108
19 19 19 52 79 108
11 109 109 106 41 58 79 108
11 57 79 108
11 57 79 108
11 58 79 108
79 108
13 80 57 79 108
13 105
108
13 105 79 105
35 27 107 79 105
11 58 15 79 108
13 57 79 108
27 35 27 107 79 108
13 105 13 105 13 108 79 108
79 108
79 108 13 109 13 79 108
11 57 79 108
27 109 27 79 108
13 21 105 13 86 108 12 85 77 216 84 35 29 107 19 22 108
19 93 57 93 105 11 16 105 13 35 29 107 22 105
