1 5 6
1 13 14
1 14 15
1 15 16
1 16 17
1 21 32
1 32 34
1 34 35
1 35 36
1 36 37
1 37 38
1 38 39
1 39 40
1 40 22
1 22 23
1 23 24
1 24 25
1 25 26
1 26 27
1 27 28
1 28 29
1 29 30
1 30 31
1 31 33
1 50 51
1 51 52
1 52 53
1 55 66
1 66 77
1 77 88
1 88 99
1 99 110
1 110 114
1 114 115
1 115 116
1 116 56
1 56 57
1 57 58
1 58 59
1 59 60
1 60 61
1 61 62
1 62 63
1 63 64
1 64 65
1 65 67
1 67 68
1 68 69
1 69 70
1 70 71
1 71 72
1 72 73
1 73 74
1 74 75
1 75 76
1 76 78
1 78 79
1 79 80
1 80 81
1 81 82
1 82 83
1 83 84
1 84 85
1 85 86
1 86 87
1 87 89
1 89 90
1 90 91
1 91 92
1 92 93
1 93 94
1 94 95
1 95 96
1 96 97
1 97 98
1 98 100
1 100 101
1 101 102
1 102 103
1 103 104
1 104 105
1 105 106
1 106 107
1 107 108
1 108 109
1 109 111
1 111 112
1 112 113
1 124 127
1 127 128
1 128 129
1 129 130
1 130 131
1 131 132
1 132 133
1 133 134
1 134 125
1 125 126
1 135 136
1 136 137
1 138 139
1 139 140
1 168 179
1 179 181
1 181 182
1 182 183
1 183 184
1 184 185
1 185 186
1 186 187
1 187 169
1 169 170
1 170 171
1 171 172
1 172 173
1 173 174
1 174 175
1 175 176
1 176 177
1 177 178
1 178 180
1 196 197
1 197 198
1 198 199
1 199 200
1 200 201
1 201 202
1 202 194
1 194 195
2 143 195
2 138 140
2 156 157
2 117 41
2 155 41
2 142 163
2 142 164
2 142 165
2 142 203
2 142 163
2 142 166
2 142 163
2 142 41
3 5 6
3 13 193
3 13 190
3 13 189
3 13 17
3 143 196
3 117 205
3 117 7
3 117 207
3 117 196
3 124 189
3 124 126
3 155 189
3 155 205
3 155 7
3 155 207
3 155 196
3 142 7
3 142 207
3 142 205
3 142 196
3 44 205
3 44 7
3 44 207
3 44 196
3 54 189
3 19 189
3 160 190
3 161 205
3 161 7
3 161 207
3 161 196
3 55 189
3 55 191
3 55 107
3 145 205
3 145 7
3 145 207
3 145 196
3 146 205
3 146 7
3 146 207
3 146 196
3 151 205
3 151 7
3 151 207
3 151 196
3 149 205
3 149 7
3 149 207
3 149 196
3 141 7
3 141 207
3 141 205
3 141 196
3 118 205
3 118 7
3 118 207
3 118 196
3 118 189
3 118 191
3 118 192
3 118 204
3 118 188
3 45 205
3 45 7
3 45 207
3 45 196
3 119 190
3 121 189
3 152 205
3 152 7
3 152 207
3 152 196
3 123 205
3 123 7
3 123 207
3 123 196
3 123 189
3 123 191
3 123 192
3 123 204
3 123 188
3 158 205
3 158 7
3 158 207
3 158 196
3 158 192
3 21 189
3 21 205
3 21 7
3 21 207
3 21 196
3 21 191
3 21 192
3 21 204
3 21 188
3 21 33
3 153 205
3 153 7
3 153 207
3 153 196
3 150 205
3 150 7
3 150 207
3 150 196
3 135 137
3 49 205
3 49 7
3 49 207
3 49 196
3 49 189
3 49 191
3 49 192
3 49 204
3 49 188
3 154 205
3 154 7
3 154 207
3 154 196
3 122 205
3 122 7
3 122 207
3 122 196
3 122 189
3 122 191
3 122 192
3 122 204
3 122 188
3 168 189
3 168 205
3 168 7
3 168 207
3 168 196
3 168 191
3 168 192
3 168 204
3 168 188
3 168 180
3 48 205
3 48 7
3 48 207
3 48 196
3 46 189
3 167 205
3 167 7
3 167 207
3 167 196
3 47 205
3 47 7
3 47 207
3 47 196
3 47 189
3 47 191
3 47 192
3 47 204
3 47 188
3 20 205
3 20 7
3 20 207
3 20 196
3 43 205
3 43 7
3 43 207
3 43 196
3 4 9
3 159 205
3 159 7
3 159 207
3 159 196
3 3 9
3 50 53
3 1 9
3 147 205
3 147 7
3 147 207
3 147 196
3 147 189
3 144 7
3 144 207
3 144 205
3 144 196
3 148 205
3 148 7
3 148 207
3 148 196
3 2 9
3 8 12
4 188 155
4 137 120
4 190 54
4 33 161
4 190 18
4 205 206
4 137 54
4 137 155
4 180 161
4 190 120
4 137 161
4 137 18
4 10 11
4 190 161
4 207 206
4 162 161
4 9 11
4 192 54
4 190 155
4 113 42
5 6 4
