1 1 2
1 2 3
1 3 4
1 4 5
1 5 6
1 6 7
1 7 8
1 8 9
1 18 19
1 19 20
1 23 24
1 27 30
1 30 31
1 31 32
1 32 33
1 33 34
1 34 35
1 35 36
1 36 37
1 37 28
1 28 29
1 42 43
1 43 44
1 44 45
1 45 46
1 46 47
1 47 48
1 48 49
1 50 61
1 61 72
1 72 83
1 83 93
1 93 94
1 94 95
1 95 96
1 96 97
1 97 51
1 51 52
1 52 53
1 53 54
1 54 55
1 55 56
1 56 57
1 57 58
1 58 59
1 59 60
1 60 62
1 62 63
1 63 64
1 64 65
1 65 66
1 66 67
1 67 68
1 68 69
1 69 70
1 70 71
1 71 73
1 73 74
1 74 75
1 75 76
1 76 77
1 77 78
1 78 79
1 79 80
1 80 81
1 81 82
1 82 84
1 84 85
1 85 86
1 86 87
1 87 88
1 88 89
1 89 90
1 90 91
1 91 92
1 98 99
1 99 100
1 100 101
1 101 102
1 102 103
1 103 104
1 104 105
1 105 106
1 110 115
1 115 116
1 116 117
1 117 118
1 118 119
1 119 120
1 120 121
1 121 122
1 122 111
1 111 112
1 112 113
1 113 114
1 123 124
1 124 125
1 125 126
1 126 127
1 127 128
1 130 131
1 132 133
1 135 136
1 137 148
1 148 159
1 159 170
1 170 181
1 181 185
1 185 186
1 186 187
1 187 188
1 188 138
1 138 139
1 139 140
1 140 141
1 141 142
1 142 143
1 143 144
1 144 145
1 145 146
1 146 147
1 147 149
1 149 150
1 150 151
1 151 152
1 152 153
1 153 154
1 154 155
1 155 156
1 156 157
1 157 158
1 158 160
1 160 161
1 161 162
1 162 163
1 163 164
1 164 165
1 165 166
1 166 167
1 167 168
1 168 169
1 169 171
1 171 172
1 172 173
1 173 174
1 174 175
1 175 176
1 176 177
1 177 178
1 178 179
1 179 180
1 180 182
1 182 183
1 183 184
1 189 190
2 12 17
2 12 11
2 12 16
2 39 38
2 13 16
2 13 17
2 135 136
2 135 136
2 137 184
2 14 16
2 129 134
2 22 25
2 132 133
2 27 21
2 50 92
2 15 11
2 15 17
2 15 16
2 40 26
2 40 41
2 1 17
2 1 16
2 1 11
2 10 17
2 10 11
2 10 16
3 108 107
3 18 20
3 23 24
3 42 49
3 110 114
3 123 128
3 132 133
3 130 131
3 27 29
3 189 190
3 98 106
3 1 9
4 107 109
