1 1 2
1 2 3
1 3 4
1 4 5
1 5 6
1 7 8
1 8 9
1 9 10
1 11 12
1 12 13
1 13 14
1 14 15
1 16 17
1 17 18
1 18 19
1 19 20
1 23 34
1 34 38
1 38 39
1 39 40
1 40 41
1 41 42
1 42 43
1 43 44
1 44 24
1 24 25
1 25 26
1 26 27
1 27 28
1 28 29
1 29 30
1 30 31
1 31 32
1 32 33
1 33 35
1 35 36
1 36 37
1 46 47
1 47 48
1 48 49
1 50 51
1 51 52
1 52 53
1 54 55
1 55 56
1 56 57
1 62 63
1 64 65
1 68 69
1 70 71
1 72 73
1 74 75
1 76 77
1 78 79
1 79 80
1 82 85
1 85 86
1 86 87
1 87 88
1 88 89
1 89 90
1 90 91
1 91 92
1 92 83
1 83 84
1 94 95
1 96 97
1 97 98
1 98 99
1 100 101
1 103 104
1 105 116
1 116 122
1 122 123
1 123 124
1 124 125
1 125 126
1 126 127
1 127 128
1 128 106
1 106 107
1 107 108
1 108 109
1 109 110
1 110 111
1 111 112
1 112 113
1 113 114
1 114 115
1 115 117
1 117 118
1 118 119
1 119 120
1 120 121
1 133 134
1 135 136
1 136 137
1 137 138
1 139 150
1 150 151
1 151 152
1 152 153
1 153 154
1 154 155
1 155 156
1 156 157
1 157 140
1 140 141
1 141 142
1 142 143
1 143 144
1 144 145
1 145 146
1 146 147
1 147 148
1 148 149
1 158 159
1 159 160
1 161 172
1 172 179
1 179 180
1 180 181
1 181 182
1 182 183
1 183 184
1 184 185
1 185 162
1 162 163
1 163 164
1 164 165
1 165 166
1 166 167
1 167 168
1 168 169
1 169 170
1 170 171
1 171 173
1 173 174
1 174 175
1 175 176
1 176 177
1 177 178
1 198 199
1 199 200
1 201 202
1 203 204
1 206 217
1 217 220
1 220 221
1 221 222
1 222 223
1 223 224
1 224 225
1 225 226
1 226 207
1 207 208
1 208 209
1 209 210
1 210 211
1 211 212
1 212 213
1 213 214
1 214 215
1 215 216
1 216 218
1 218 219
1 233 234
1 234 235
1 236 237
1 237 238
1 238 239
1 244 245
1 245 246
1 247 248
1 249 250
1 250 251
1 255 256
1 257 258
1 263 264
1 264 265
1 267 268
1 268 269
1 270 271
1 271 272
1 275 276
1 293 294
1 294 295
1 296 297
1 299 300
1 301 306
1 306 307
1 307 308
1 308 309
1 309 310
1 310 311
1 311 312
1 312 313
1 313 302
1 302 303
1 303 304
1 304 305
1 316 317
1 317 318
1 318 319
1 319 320
1 321 326
1 326 327
1 327 328
1 328 329
1 329 330
1 330 331
1 331 332
1 332 333
1 333 322
1 322 323
1 323 324
1 324 325
1 336 337
1 337 338
1 338 339
1 339 340
1 341 342
1 342 343
1 348 349
1 351 352
1 352 353
1 353 354
1 355 356
1 367 368
1 368 369
1 369 370
1 376 377
1 379 387
1 387 388
1 388 389
1 389 390
1 390 391
1 391 392
1 392 393
1 393 394
1 394 380
1 380 381
1 381 382
1 382 383
1 383 384
1 384 385
1 385 386
1 412 413
1 413 414
1 414 415
1 417 418
1 423 424
1 424 425
1 426 427
1 427 428
1 432 433
1 434 435
1 435 436
1 448 449
1 449 450
1 450 451
1 451 452
1 453 454
1 454 455
1 469 470
1 471 472
1 474 475
1 476 480
1 480 481
1 481 482
1 482 483
1 483 484
1 484 485
1 485 486
1 486 487
1 487 477
1 477 478
1 478 479
1 490 491
1 491 492
1 492 493
1 493 494
1 499 500
1 501 502
1 503 504
2 446 444
2 446 395
2 446 460
2 446 466
2 446 459
2 446 461
2 446 456
2 446 434
2 446 463
2 446 436
2 446 437
2 281 398
2 282 398
2 129 103
2 431 440
2 431 440
2 431 395
2 431 437
2 431 436
2 431 434
2 431 395
2 408 406
2 233 416
2 287 398
2 411 416
2 447 462
2 288 398
2 421 434
2 421 395
2 421 440
2 421 440
2 421 395
2 421 437
2 421 436
2 421 416
2 410 416
2 274 372
2 45 437
2 45 436
2 45 434
2 45 395
2 45 395
2 161 373
2 291 434
2 291 437
2 291 395
2 291 436
2 291 395
2 448 452
2 448 457
2 448 458
2 448 458
2 448 459
2 367 372
2 367 370
2 196 436
2 196 434
2 196 395
2 196 437
2 196 395
2 197 395
2 197 434
2 197 437
2 197 395
2 197 436
2 376 377
2 453 455
2 453 458
2 453 461
2 453 459
2 453 458
2 453 456
2 453 457
2 453 465
2 409 416
2 283 398
2 61 434
2 61 420
2 61 419
2 61 395
2 61 437
2 61 396
2 61 436
2 61 395
2 22 434
2 22 395
2 22 436
2 22 437
2 22 395
2 227 434
2 227 437
2 227 395
2 227 436
2 227 395
2 193 436
2 193 434
2 193 395
2 193 395
2 193 437
2 132 373
2 190 395
2 190 437
2 190 395
2 190 434
2 190 436
2 229 436
2 229 434
2 229 437
2 229 395
2 229 395
2 21 437
2 21 395
2 21 434
2 21 395
2 21 436
2 191 434
2 191 437
2 191 395
2 191 395
2 191 436
2 130 373
2 228 434
2 228 436
2 228 437
2 228 395
2 228 395
2 93 436
2 93 419
2 93 420
2 93 395
2 93 396
2 93 437
2 93 395
2 93 434
2 60 395
2 60 437
2 60 419
2 60 420
2 60 436
2 60 395
2 60 434
2 60 396
2 194 437
2 194 395
2 194 434
2 194 436
2 194 395
2 7 10
2 277 398
2 195 395
2 195 437
2 195 436
2 195 395
2 195 434
2 192 436
2 192 437
2 192 395
2 192 434
2 192 395
2 78 79
2 131 373
2 445 464
2 445 463
2 445 464
2 445 464
2 58 437
2 284 398
2 278 398
2 189 371
2 407 406
2 105 396
2 105 395
2 105 436
2 105 420
2 105 419
2 105 395
2 105 434
2 105 121
2 105 437
2 82 416
2 82 103
2 67 437
2 360 443
2 360 443
2 517 513
2 517 516
2 517 516
2 512 510
2 512 509
2 512 510
2 404 402
2 404 401
2 404 402
2 508 505
2 508 506
2 508 506
2 442 442
2 432 433
2 432 433
3 446 461
3 446 463
3 281 280
3 281 398
3 316 320
3 282 280
3 282 398
3 129 104
3 336 340
3 408 405
3 233 235
3 287 286
3 287 398
3 430 429
3 288 286
3 288 398
3 412 415
3 417 418
3 230 364
3 230 365
3 206 219
3 45 437
3 45 441
3 45 438
3 45 439
3 45 515
3 161 178
3 495 498
3 488 361
3 291 438
3 291 439
3 291 515
3 205 364
3 205 365
3 23 375
3 23 37
3 196 437
3 196 441
3 196 438
3 196 439
3 196 515
3 301 363
3 301 305
3 321 362
3 321 366
3 321 325
3 203 204
3 197 438
3 197 439
3 197 515
3 467 473
3 453 461
3 489 497
3 66 515
3 496 497
3 293 295
3 289 515
3 289 292
3 16 20
3 262 266
3 243 254
3 133 134
3 187 375
3 46 49
3 345 346
3 290 515
3 290 292
3 499 500
3 74 75
3 314 315
3 348 349
3 283 398
3 61 102
3 469 470
3 158 160
3 273 375
3 299 300
3 22 438
3 22 439
3 22 437
3 22 441
3 22 515
3 22 59
3 357 359
3 247 248
3 476 479
3 227 438
3 227 439
3 227 437
3 227 441
3 227 515
3 227 232
3 347 350
3 193 438
3 193 439
3 193 437
3 193 441
3 193 515
3 193 231
3 490 494
3 132 188
3 11 15
3 241 254
3 198 200
3 190 438
3 190 439
3 190 437
3 190 441
3 190 515
3 190 231
3 253 254
3 70 71
3 279 397
3 229 438
3 229 439
3 229 437
3 229 441
3 229 515
3 229 231
3 423 429
3 423 425
3 468 473
3 81 515
3 135 138
3 1 6
3 296 297
3 50 53
3 201 202
3 191 438
3 191 439
3 191 437
3 191 441
3 191 515
3 191 231
3 501 502
3 378 374
3 76 77
3 130 188
3 62 63
3 471 472
3 96 99
3 351 354
3 358 359
3 249 251
3 255 256
3 399 400
3 228 438
3 228 439
3 228 437
3 228 441
3 228 515
3 228 232
3 267 269
3 474 475
3 261 266
3 242 254
3 285 397
3 186 374
3 344 346
3 93 102
3 72 73
3 426 429
3 426 428
3 334 335
3 60 102
3 94 95
3 194 438
3 194 439
3 194 437
3 194 441
3 194 515
3 194 231
3 139 149
3 355 356
3 244 246
3 54 57
3 277 398
3 195 438
3 195 439
3 195 437
3 195 441
3 195 515
3 195 232
3 259 260
3 192 438
3 192 439
3 192 437
3 192 441
3 192 515
3 192 231
3 503 504
3 379 386
3 78 80
3 275 276
3 131 188
3 64 65
3 100 101
3 240 254
3 341 343
3 263 265
3 445 463
3 252 254
3 257 258
3 58 437
3 68 69
3 422 429
3 270 272
3 284 398
3 236 239
3 278 398
3 298 515
3 82 104
3 82 84
3 67 437
3 517 514
3 512 511
3 404 403
3 508 507
