35 27 107 35 79 105
13 27 105 13 107 79 105
13 35 107 79 105
13 105 13 105 27 105 105 13 108 13 27 105 35 107 27 105 79 105
13 105 13 105 105 13 108 13 27 105 19 105 79 105
13 21 105 13 108
35 79 105
13 27 105 13 107 105 11 57 105 11 58 79 105
35 79 108
13 107 105 13 19 105 105 13 105 105 13 105 105 13 105 35 107
79 79 105 13 105 13 105 13 79 78 23 50 58 105 11 57 35 79 105
13 29 107 19 27 105 79 105
13 105 13 21 41 35 79 105
13 29 107 79 78 27 105 79 79 21 105 13 79 79 105 13 105 13 105 13 105 79 105
13 105 13 21 105 11 105
79 21 105
13 32 105 13 105 13 19 57 105 11 57 41 108 11 41 19 79 21 105
13 32 105 13 105 13 57 105 11 57 41 108 11 35 79 105
13 29 107 79 79 27 105 79 108
11 27 105 27 105 27 105 79 21 105
79 21 105
79 105
79 32 105 12 79 79 79 108
13 105 13 79 78 79 79 79 108
13 108
13 57 105 11 62 79 105
13 21 105 13 79 105
13 21 105 13 105 13 105 13 79 79 21 105 13 79 79 79 108
13 108
13 105 13 79 79 21 105 13 79 79 79 108
13 108
13 105 13 79 79 21 105 13 79 108
13 79 79 21 105 13 105
13 108
13 105 13 77 21 52 105 13 105 11 54 42 79 79 108
42 77 21 52 79 79 21 105 13 105 13 105 13 105 11 54 42 35 27 107 36 72 27 105 27 27 105 27 105 27 105 79 105
13 21 105 13 108
13 19 58 16 79 79 21 105 13 105 13 77 19 19 45 42 79 108
13 79 79 21 105 13 105
13 79 105
13 21 105 13 79 79 105 13 79 105
13 21 105 13 79 105
13 79 108
11 108
77 19 21 51 16 79 108
35 79 105
13 29 107 79 108
12 27 105 79 105
13 105 13 21 105 11 105
35 79 79 29 107 27 21 105 79 108
13 19 105 11 27 105 79 108
13 19 105 11 27 105 79 108
13 19 105 11 27 105 79 79 20 105
35 79 79 29 107 27 21 105 79 108
13 19 105 11 27 105 79 108
13 19 105 11 27 105 79 108
13 19 105 11 27 105 79 79 20 105
79 79 108
19 105
79 27 105
79 27 105
35 79 108
13 29 107 27 105 79 20 105
35 27 107 27 19 105 79 108
13 21 105 13 27 105 19 32 27 105 79 20 105
79 105
57 79 108
35 79 108
13 29 107 35 19 107 27 105 79 20 105
35 79 108
13 29 107 35 19 107 27 105 79 20 105
35 79 108
13 29 107 35 19 107 27 105 79 20 105
35 79 108
13 29 107 35 19 107 27 105 79 20 105
35 79 108
13 29 107 35 19 107 27 105 79 20 105
79 27 105
13 32 57 105 13 57 105 13 105 11 58 41 35 79 108
13 29 107 79 105
79 105
79 105
13 105 35 79 108
13 105 13 29 107 91 20 54 79 105
13 19 105
13 109 13 21 21 19 52 79 108
79 108
13 79 21 105
13 19 27 108
79 105
13 32 21 105 79 105
13 32 79 21 105
79 27 105
35 79 105
13 29 107 79 20 105
79 108
13 79 79 108
13 58 15 35 79 105
13 29 107 27 105 13 27 105 79 21 105
35 79 105
13 29 107 79 21 105
13 21 105 11 105
13 27 105 13 32 105 13 57 105 11 57 19 41 19 58 15 35 105
13 29 107 19 27 105 20 105
106
42 105
13 21 105 11 52 105
13 105 13 105 13 86 79 27 27 105 13 105 11 20 56 35 107 19 105 13 105 27 105 105 13 21 105
13 32 105 105
13 105 13 21 105 13 35 107 105
13 21 105 13 79 105 35 107 105
13 105 13 21 105 13 105 27 105 105 13 36 105
13 105 13 72 79 105
13 105 21 52 105
13 105 13 105 11 58 15 105
35 107 27 105 19 19 19 52 19 41 19 105 105 13 27 108 51 15 21 52 108
13 105 13 105 13 86 35 91 105
13 105 13 107
36 105
20 52 27 105 13 32 27 105 13 32 86 105
13 108 13 105
13 105
13 27 27 108 35 107 27 105 105
13 105 27 105 105
13 105 105 13 108 20 21 21 52 27 105 11 57 105 11 19 52 15 27 105 11 58 27 105
15 105 13 86 35 91 105
13 105 13 107
36 105
9 111 35 107 27 27 105 27 27 105 35 107 27 105 108 13 20 105 11 105 105 13 27 105 27 27 105 79 27 105
79 105
79 105
79 105
35 27 107 35 27 107 108 79 105
13 21 105 11 105
35 79 105
13 29 107 79 108
12 27 105 79 105
13 105 13 21 105 11 105
79 108
12 19 108
13 105 13 79 108
13 21 105 13 79 108
13 79 79 79 108
12 19 108
13 105 13 79 108
13 21 105 13 79 79 79 108
13 21 105 13 105
13 105 13 35 27 107 36 72 27 105 27 27 105 27 105 27 105 79 105
13 21 105 13 108
12 108
12 50 58 15 79 21 105
13 32 105 13 105 13 105 13 105 11 19 54 15 79 105
13 32 105 13 105 13 105 13 79 79 79 108
13 21 105 13 105
13 79 108
13 21 105 13 79 108
13 79 79 79 108
35 79 105
13 29 107 79 21 105
13 32 105 13 105 13 105 13 27 105 79 105
77 19 21 51 16 79 108
13 105 13 108
11 52 79 108
13 79 105
13 21 105 13 105 13 105 13 27 105 11 57 79 108
11 62 77 52 79 108
13 79 108
11 108
105
13 79 108
13 27 105 35 107 79 105
12 108
13 105 13 21 105 13 105 27 105 105 13 35 107 105 79 108
12 105 105 13 72 79 105
13 105 13 21 105 13 105
13 105 105
35 107 108
12 27 105 79 19 105
12 50 57 79 108
12 79 108
13 79 79 108
35 79 105
13 107
19 36 35 107 27 105 79 108
12 105 105 13 72 79 108
79 105
79 105
13 105 13 21 105 13 79 105 13 105 13 105 78 105 19 105
106
79 105
79 105
79 105
79 105
79 105
79 77 77 77 78 79 8 110
77 19 21 51 16 79 79 78 19 79 108
77 19 21 51 16 35 79 105
35 79 108
13 29 107 79 77 27 105 79 77 27 105 79 77 27 105 79 105
13 21 105 11 105
35 79 79 29 107 79 105
13 22 105 11 105
77 21 19 44 41 35 79 29 107 91 27 105 79 105
13 105 11 105
77 21 52 35 79 79 79 79 108
77 44 42 79 35 29 107 79 105
13 19 105
13 109 13 79 21 105
13 22 109 11 22 22 46 58 22 41 46 58 22 41 46 58 22 79 105
13 109 109 79 108
13 79 79 79 79 79 108
13 108
13 108
79 108
13 79 79 79 79 79 79 79 77 79 77 79 77 108
13 113
13 21 42 79 35 29 107 79 105
41 35 79 108
13 29 107 27 105 79 105
13 21 42 79 108
13 79 79 21 19 36 39 79 108
13 21 105 13 20 113
42 79 108
13 35 107
27 108
42 79 105
79 77 77 77 78 79 8 110
79 77 77 77 78 79 8 110
79 105
32 105
13 22 105 11 105
13 105 13 22 105 11 105
106 105
13 19 105
13 27 109 11 19 52 35 79 29 107 27 27 105 79 105
108 12 79 77 58 79 79 58 79 27 86 79 79 79 79 105
79 105
79 77 209 84 108 12 181 23 50 60 23 108 12 181 181 108 79 79 105
35 79 79 29 107 79 79 27 105 79 105
79 79 105
79 79 105
79 79 105
79 79 105
35 79 105
13 29 107 27 19 105 79 105
13 105 13 21 105 11 105
35 79 105
13 29 107 79 105
79 108
11 58 79 8 32 86 105
41 35 107 78 27 105 79 19 105
79 79 105
79 79 105
13 29 107 79 78 27 105 105
108 13 35 107 79 105
13 19 27 105 11 105 19 105 11 27 105 19 105 11 27 105 19 105 11 27 105 79 105
35 107 79 105
13 19 27 105 11 105 32 77 27 105 77 27 105 77 27 105 79 105
79 108
41 19 105
79 105
79 105
35 107 79 105
13 21 105 13 35 107 79 108
13 105 13 109 13 105 93 105 79 105 13 105 105 13 105 79 19 105
13 21 105 13 79 105 13 109 13 105 19 105
108 13 79 78 105 79 105 11 84 35 79 105
13 29 107 27 21 105 19 105 11 27 105 19 105 11 27 105 19 105 11 27 105 79 105
13 105 13 21 105 11 105
108 13 79 78 105 79 105 11 84 35 79 105
13 29 107 27 21 105 19 105 11 27 105 19 105 11 27 105 19 105 11 27 105 79 105
13 105 13 21 105 11 105
79 79 108
77 19 21 51 16 79 78 79 79 79 108
35 79 79 29 107 35 79 78 107 27 105 35 107 79 108
13 105 27 105 79 79 21 105 13 105 105 13 27 105 79 79 21 105 13 27 105 79 79 21 105 13 27 105 79 79 21 105 13 27 105 79 105
79 108
79 79 79 108
79 79 79 108
35 27 107 27 105 79 19 105
106 79 108
106 107
79 108
79 79 79 108
79 79 79 108
35 27 107 27 105 79 19 105
106 79 108
106 107
79 108
79 108
77 19 21 52 79 78 23 50 58 41 79 78 79 79 79 79 108
35 107 19 105
79 79 105
35 79 29 107 27 23 105 79 105
13 21 105 11 105
79 79 105
35 107 79 19 105
35 107 19 52 41 19 79 79 79 108
35 79 29 107 32 78 27 105 79 105
13 21 105 11 105
9 9 77 21 19 27 27 27 27 19 19 44 42 77 98 35 79 105
11 9 113
41 77 98 35 79 105
13 29 107 21 105 79 79 105 11 105 79 79 105 11 105 79 79 105 11 105 79 105
13 105 13 105 11 105
13 29 107 21 105 79 79 105 11 105 79 79 105 11 105 79 79 42 79 79 105 13 105 13 105 13 79 78 108
11 91 52 79 108
13 105
13 109 13 109 11 57 109 13 32 109 13 32 105 13 105 11 57 109 13 32 105 12 5 79 78 50 58 108
11 91 52 79 79 105 13 105 13 58 27 105 13 108
11 91 27 19 19 27 27 52 35 107 27 27 105 13 105 105 108 13 36 79 79 72 79 79 72 79 79 72 108 13 105 105 108 13 36 79 79 72 79 79 72 79 79 72 108 13 105 105 105 13 41 35 107 79 21 105
13 105 105 108 13 36 79 79 72 79 79 72 79 79 72 108 13 105 105 108 13 36 79 79 72 79 79 72 79 79 72 108 13 105 105 105 13 9 79 79 79 79 79 79 79 79 79 79 79 105
13 21 105 13 105 13 108
79 105
105 11 21 52 35 107 19 27 105 27 105 27 105 27 27 105 105
79 57 105
79 57 105
11 58 79 19 105
19 86 79 57 105
35 107 19 27 105 27 105 27 105 27 27 105 105
9 9 77 21 19 27 27 27 27 19 19 44 42 77 98 35 79 105
13 21 105 13 105 13 9 113
41 77 98 35 79 105
13 29 107 21 105 79 79 105 11 105 79 79 105 11 105 79 79 105 11 105 79 105
13 105 13 105 11 105
13 29 107 21 105 79 79 105 11 105 79 79 105 11 105 79 79 42 79 77 27 27 27 19 27 27 19 58 79 21 105
13 32 105 13 109 13 105 13 105 13 27 105 11 57 79 79 21 105 13 105 13 35 107 105 105 108 13 36 79 79 72 79 79 72 79 79 72 108 13 105 105 108 13 36 79 79 72 79 79 72 79 79 72 108 13 105 105 105 13 79 79 79 79 79 108
12 79 79 79 79 79 79 79 105
13 21 105 13 105 13 9 113
42 79 77 52 79 108
12 79 79 79 79 108
13 58 16 35 107 79 79 21 105 13 105 13 105 79 79 21 105 13 105 13 105 105 13 105 13 35 107 105 105 108 13 36 79 79 72 79 79 72 79 79 72 108 13 105 105 108 13 36 79 79 72 79 79 72 79 79 72 108 13 105 105 105 13 79 79 79 79 79 108
12 79 79 79 79 79 79 79 105
79 105
105 11 21 52 35 107 19 27 105 27 105 27 105 27 27 105 105
79 57 105
79 57 105
11 58 79 19 105
19 86 79 57 105
35 107 19 27 105 27 105 27 105 27 27 105 105
35 79 105
13 29 107 27 19 105 79 79 21 105 13 79 21 105
13 32 105 13 105 13 105 79 105
79 108
79 108
35 107 105 11 21 52 19 105
79 108
35 79 79 29 107 79 105
12 27 105 79 20 105
13 27 105 19 105
35 107 79 108
11 27 105 79 108
11 27 105 79 108
11 27 105 79 19 105
79 78 23 50 58 15 35 79 105
13 29 107 79 78 27 105 79 20 105
79 105
79 105
78 105 19 105
98 93 91 93 105
27 105 105 105 105 13 35 29 107 27 105 105
27 105 105 105 110 13 35 29 107 27 105 105
27 105 105 105 110 13 35 29 107 27 105 105
35 107 27 105 169 212 105 27 105 27 105 27 105 21 105 13 105 27 105 110 13 21 105 13 105 27 105 105 13 105 110 21 105 13 105 13 105 27 105 105 105 3 52 105 13 35 29 107 27 105 22 105 105
27 105 105 105 3 19 52 105 13 35 29 107 27 105 105
27 105 105 105 110 13 35 29 107 27 105 105
27 77 19 21 51 16 35 79 79 107
79 79 108
13 79 79 105 13 21 105 13 105 13 58 16 27 105 11 57 16 35 107 105 27 105 79 79 105 13 21 105 13 105 105 13 79 32 105 12 79 79 79 79 108
13 58 16 79 79 105 13 21 105 13 105 13 35 35 107 105 105 105 105 13 107 105 35 35 107 105 105 105 105 13 107 105 11 57 35 35 107 105 105 105 105 13 107 105 79 79 79 79 108
13 79 105 13 21 105 13 105 13 58 15 105 11 57 15 35 107 105 27 105 79 105 13 21 105 13 105 105 13 20 36 35 107 105 11 58 105 35 107 35 35 107 105 105 105 105 13 107 105 11 19 51 19 105 41 105 105 105 35 107 105 35 107 79 105 13 21 105 13 108 13 105 79 105 13 21 105 13 105 79 79 108
13 58 15 105 13 21 105 13 105 13 35 35 107 105 105 105 105 13 107 105 35 107 105 27 105 105 105 13 35 107 105 15
13 105 13 21 105 13 105 13 35 35 107 105 105 105 105 13 107 105 35 107 105 27 105 105 105 13 35 107 105 41 15
11 19 52 35 35 107 27 105 105 105 13 108 13 27 107 105
11 19 52 35 107 27 105 105 105 13 108 13 35 27 107 27 105 105
105 13 93 19 19 19 27 110 13 100 35 107
105 13 27 105 13 32 20 105 15
78 79 79 108
79 105
13 41 79 105 13 105 11 19 57 79 79 79 108
13 8 8 8 41 79 105 13 105 11 57 79 79 79 108
13 41 8 79 105 13 105 13 79 105 13 105 13 79 21 105 13 79 79 21 105 13 105
13 105 13 77 19 19 52 79 79 79 108
13 105 13 105 11 54 79 108
15 35 27 107 36 72 27 105 27 27 105 27 105 27 105 79 108
79 21 105 13 108
79 79 21 105 13 105
13 79 21 105 13 108
13 105 13 79 21 105 13 79 79 21 105 13 105 13 105 11 108
13 105 13 79 79 21 105 13 105 13 105 12 79 79 108
13 57 105 11 62 79 21 105 13 79 21 105 13 105 13 105 13 79 79 79 108
11 58 15 79 79 79 108
11 21 19 21 27 19 52 79 79 79 108
13 79 79 79 108
108 27 108 13 105 13 22 105 13 35 107 105 13 35 107 27 105 8 32 105 13 105 105 13 108 105 108 13 108 13 108 13 108 13 19 105 27 105 105 27 108 13 105 13 105 105 13 108 35 27 107 105 13 32 105 13 105 105 27 108 41 14 105 40 14 27 108 105 15
105 105 105 105 105 41 14 105 13 108 15
84 86 86 105 13 35 107 19 108 13 105 11 108 13 105 11 108 13 105 11 8 3 110
86 35 27 107 27 105 79 105 13 19 105
79 108
13 105
13 27 105 13 32 105 13 57 105 11 57 19 41 19 16
13 105 105 13 107 35 107 27 105 105 105 13 108 105 13 32 35 105 13 107 35 35 27 107 107 35 107 105 13 57 105 41 105 13 35 107 27 105 105 105 13 108 35 107 27 105 105 105 13 108 105 41 14 41 14 8 8 41 14 8 8 41 14 41 14 105 105 8 41 105 40 18 14 8 105 18
13 105 13 105 27 105 105 13 107 27 105 27 105 79 108 13 105
91 19 27 20 53 79 21 105 13 35 35 107 105 27 105 79 21 105 13 27 105 13 105 105 13 107 79 27 105 13 32 105 35 79 107 105 13 21 105 13 35 107 105 105 79 105 13 105 13 105 105 13 105 13 105 13 19 105
13 105
13 27 105 13 32 105 13 57 105 11 57 19 41 19 58 21 105
106
106 105
105 13 27 105 11 57 108 12 79 108
105
106 35 107 21 105
105
13 19 105
13 27 109 11 58 79 107
106
13 27 105 13 32 105 13 19 57 105 11 57 19 41 19 58 15 105
79 107
106
9 9 110 108 13 110 13 19 105 13 27 109 11 27 58 35 107 105 27 41 35 107 105 27 105 105 13 35 107 27 105 105 108 13 19 36 72 19 72 19 72 19 72 19 72 27 108 13 105 21 105 13 105 105 13 21 105 13 35 107 105 27 105 105 105 13 35 107 105 11 57 105 108
35 9 107 105 11 57 105 35 35 107 105 93 105 9 105 105 13 107 105 11 57 105 16 14 105 19 16
35 29 107 27 105 35 29 107 35 29 107 105 13 105 13 19 105 13 91 19 27 20 54 105
79 19 108
79 19 108
35 79 105
13 29 107 22 105 79 77 27 105 79 77 27 105 79 77 27 105 79 105
79 19 108
35 79 105
13 29 107 22 105 77 27 105 77 27 105 77 27 105 79 105
13 105
106 79 108
35 29 107 27 19 105 11 20 51 105 13 19 105 13 19 27 109 11 58 15 105 11 105 27 105 91 54 41 27 105 11 105 27 105 11 105 27 105 11 105 27 105 11 105 27 105 11 105 27 105 91 54 105
91 19 51 79 27 105
13 32 19 91 20 105 79 79 105 79 79 105 79 19 86 15
105 79 105 79 105 41 1 91 51 105
13 32 91 105 15 27 105
13 32 58 15 105 11 57 23 105 15
35 107 27 27 105 105 13 19 105
12 50 62 105 9 105 19 105 11 9 105 19 105 11 9 105 19 105 11 27 105 20 105 11 27 105 20 105 11 27 105 19 105 11 212 212 20 105 11 212 136 20 105 11 136 35 107 27 105 105 105 13 108 13 105 22 108
12 105 105 19 105 11 9 105 19 105 11 105 19 105 11 27 105 20 105 11 27 105 20 105 11 27 105 19 105 11 212 212 105 11 212 169 105 11 169 35 107 27 105 105 105 13 108 13 105 22 108
13 105 79 57 105 79 105 19 86 15
11 19 52 35 107 27 27 105 21 105 13 27 105 27 105 27 105 27 105 27 105 91 20 54 105
79 77 19 51 79 79 105 13 27 105 13 32 19 79 77 20 105 79 79 105 15
58 15 108 13 79 105 79 79 105 79 105 13 27 105 13 32 77 19 19 52 105 11 84 20 105 79 79 105 79 105 79 105 41 1 77 51 105 15
105 108 13 35 107 27 105 108 13 19 36 19 72 19 72 19 72 19 72 19 72 27 108 13 105 27 105 105 13 35 107 105 27 105 105 105 13 35 107 105 11 57 105 108
79 108
106 79 108
106 79 57 19 105
79 19 108
79 19 57 79 33 58 42 79 32 79 79 79 79 108
13 86 79 79 79 79 21 105 13 105 79 79 105 13 108
11 58 79 105
41 79 79 105 13 108
105 13 27 105 11 27 57 105 13 32 79 79 105 27 105 11 19 57 79 108
79 79 57 79 79 105
13 57 79 105 13 108
86 107 19 86 79 27 79 105 13 41 14 105 86 15
86 107 19 86 86 79 105 13 41 14 105 86 15
79 79 105 79 105 79 57 105
13 105 105 79 79 105 13 105 27 105 105 105 13 107 105 11 57 105 36 19 108
13 86 79 105 13 21 105 13 105 13 86 79 105 13 27 105 11 57 108 13 105 13 86 79 105 13 21 105 13 86 79 105 13 21 105 13 86 79 105 13 21 105 13 86 79 105 13 21 105 13 86 79 105 11 87 35 107
30 79 105 11 20 51 35 27 107 27 20 105 19 105
79 57 58 80 58 79 105 79 105 31 15 14 31 40
30 79 105 11 58 35 27 107 19 105
79 105 79 105 11 57 79 105 79 105 19 107
35 107 27 105 105 13 105 105 13 105
35 79 107 105 79 105
77 19 21 51 16 79 21 105
79 105 11 108
108 13 79 78 105 35 79 105
13 29 107 27 21 105 19 105 11 27 105 19 105 11 27 105 19 105 11 27 105 79 20 105
108 13 79 78 105 35 79 105
13 29 107 20 105 11 27 105 20 105 11 27 105 27 19 105 27 21 105 27 27 105 79 20 105
15 35 107 105
35 79 108
13 29 107 79 20 105
79 105
13 29 107 79 105
13 79 108
13 105 13 105 13 27 105 79 20 105
13 79 108
13 21 105 13 105 13 105 12 23 50 58 35 79 108
13 29 107 79 105
12 27 105 79 105
13 79 108
13 105 13 105 13 27 105 79 105
13 79 108
13 21 105 13 105 13 27 105 79 20 41 35 79 108
77 19 21 19 19 44 19 44 44 42 79 84 41 79 84 41 79 19 84 41 79 84 41 79 84 41 79 84 41 79 41 79 84 41 79 84 41 79 19 84 108
105 13 35 107 79 105
35 79 108
13 29 107 79 108
13 79 21 105
13 108
13 27 105 79 20 105
77 19 21 51 16 79 57 79 33 58 41 79 32 105 11 57 16 79 79 79 32 108
79 105 11 108
13 105
13 105
35 79 105
13 29 107 79 105
105 13 35 35 107 79 21 105
13 105 27 105 79 105 27 105 105 13 108 13 27 107 105
105 13 35 35 107 79 21 105
13 105 27 105 79 105 27 105 105 13 108 13 27 107 105
13 27 105 13 32 105 13 57 105 11 57 19 41 19 16
13 105 105 13 107 105 13 32 35 105 13 107 35 35 27 107 107 35 107 105 13 57 105 41 105 105 41 14 41 14 105 41 105 40 107
13 105 13 105 27 105 105 13 107 27 105 27 105 79 108 13 105
91 19 27 20 53 79 21 105 13 35 35 107 105 27 105 79 21 105 13 27 105 13 105 105 13 107 79 27 105 13 32 105 35 79 107 105 13 21 105 13 35 107 105 105 79 105 13 105 13 105 105 13 105 13 105 13 19 105
13 27 105 13 32 105 13 57 105 11 57 19 41 19 16
13 105 105 13 107 105 13 32 35 105 13 107 35 35 27 107 107 35 107 105 13 57 105 41 105 13 105 41 14 41 14 105 41 105 40 18 14 105 18
13 105 13 105 27 105 105 13 107 27 105 27 105 79 108 13 105
91 19 27 20 53 79 21 105 13 35 35 107 105 27 105 79 21 105 13 27 105 13 105 105 13 107 79 27 105 13 32 105 35 79 107 105 13 21 105 13 35 107 105 105 79 105 13 105 13 105 105 13 105 13 105 13 19 105
13 27 105 13 32 105 13 57 105 11 57 19 41 19 16
13 105 13 105 27 105 105 13 107 27 105 79 108 13 105
11 58 15 35 105 13 29 107 105 91 20 54 105 13 105
13 105 105 13 107 105 13 32 19 105 105 19 105 27 105 27 27 105 27 27 105 27 35 107 27 105 105 105 13 105 27 105 105 35 105 13 107 35 107 105 105 105 105 13 105 35 107 27 105 105 27 105 105 105 13 105 105 110 11 22 108 11 36 9 19 105 11 62 105 105 11 108 11 105 11 19 41 105 35 107 105 105 105 105 105 13 105 105 11 105 105 105 105 41 14 41 20 16 20 16 14 19 105 35 107 27 105 20 51 20 16 19 16
105 13 27 105 91 20 53 79 21 105 13 35 35 107 105 27 105 79 21 105 13 27 27 105 13 105 105 13 19 107 79 27 105 13 32 105 35 79 107 105 13 21 105 13 35 107 105 105 79 105 13 105 13 105 105 13 105 13 105 13 19 105
