1 2 7
1 7 8
1 8 9
1 9 10
1 10 11
1 11 12
1 12 13
1 13 14
1 14 3
1 3 4
1 4 5
1 5 6
1 16 17
1 21 22
1 22 23
1 23 24
1 24 25
1 28 36
1 36 37
1 37 38
1 38 39
1 39 40
1 40 41
1 41 42
1 42 43
1 43 29
1 29 30
1 30 31
1 31 32
1 32 33
1 33 34
1 34 35
1 53 54
1 54 55
1 55 56
1 56 57
1 57 58
1 58 59
1 68 69
1 69 70
1 72 73
1 74 78
1 78 79
1 79 80
1 80 81
1 81 82
1 82 83
1 83 84
1 84 85
1 85 75
1 75 76
1 76 77
1 89 90
1 90 91
1 91 92
1 93 94
1 94 95
1 95 96
1 96 97
1 97 98
2 2 1
2 16 17
2 16 17
3 47 46
3 21 25
3 68 70
3 74 46
3 74 77
3 72 73
3 2 6
3 53 59
3 28 35
3 87 67
3 93 98
3 89 92
4 70 15
4 86 51
4 48 60
4 19 45
4 71 49
4 92 62
4 86 61
4 88 50
4 71 65
4 46 18
4 86 66
4 88 44
4 26 45
4 98 27
4 71 52
4 86 20
4 70 62
4 70 64
4 71 63
4 48 45
