13 58 35 23 107 35 35 107 27 105 13 105 12 23 180 105 13 105 13 107 105 13 32 20 105 20 105 105 105 13 32 35 35 107 107 105 13 57 105 11 57 105 11 105 13 108 11 41 14 105 105 2 16 14 2 27 105 13 108 2 41
21 19 21 105
13 105 13 105 13 105 13 27 35 107
105 13 27 35 107
105 105 13 105 42 21 105
13 52 32 105 13 32 108 13 35 27 107 105
13 52 107
11 84 77 58 35 107 27 105 13 22 105 13 21 105 13 105 13 27 35 107
105 105 13 105 15 77 203 22 53 35 107 204 204 108 13 105 13 27 105 13 204 205 108 13 105 13 27 105 13 105 13 35 107 21 105
13 108
13 105 13 105 13 105 13 27 35 107
105 13 27 35 107
105 105 13 105 41 20 53 35 107 204 108 13 105 13 27 105 13 105 13 41 35 107 108 13 105 13 27 105 13 105 13 41 21 105
13 52 35 107 21 105
106 21 105
9 79 8 105
13 58 35 23 107 35 35 107 27 105 13 105 12 23 180 105 13 105 13 107 105 13 8 32 8 20 105 20 105 105 105 13 8 32 8 35 35 107 107 19 105 13 57 27 105 11 57 209 27 105 13 34 20 52 9 79 8 19 65 108 11 19 65 19 65 19 65 19 65 108 11 19 65 19 65 35 19 65 108 12 107 110
19 19 19 19 106 105
109 11 44 19 16 35 107 29 105 105
19 19 19 19 19 106 105
106 21 105
105
13 32 86 79 86 105
13 105
13 35 107 29 105 13 27 105 13 27 21 105 13 105 13 105
109 11 44 19 16 35 107 29 105 105
19 19 19 19 106 105
19 21 105
13 32 105 13 105 13 57 57 105 11 57 105 11 58 27 105
19 107
41 57 27 105 11 58 100 27 93 105
94 57 57 100 27 93 105
79 105
41 21 105
13 52 32 105 13 32 108 13 35 27 107 105
13 105 11 57 105
13 32 79 79 57 79 79 105
79 86 79 86 105
15 21 105
13 105 11 57 19 107
105
13 32 21 105
13 32 105 13 105 13 21 105
106 21 105
19 106 21 105
15 35 107 29 105 105
106
19 109 11 44 16 35 107 29 105 105
19 106 21 105
21 21 106 105
19 19 19 19 106 105
19 106 21 105
21 105
13 105 11 57 105
15 79 105 11 57 79 105 13 32 105
13 21 105 13 105
11 108 13 105
11 108 13 108
13 108 13 35 27 107 105
19 106 105
21 106 21 105
106
19 106 105
19 21 21 19 19 106 105
19 106 21 105
21 21 106 21 105
35 107 79 79 29 105 79 79 105
58 79 79 19 86 79 79 35 79 79 107
86 95 58 79 79 79 32 105
35 107 79 29 105 79 105
58 35 107 79 29 105 79 105
77 44 106 15 79 105
35 107 79 29 105 79 105
19 19 19 91 53 93 35 107 27 105 13 77 105 13 27 105 13 77 105 13 27 105 13 77 105 13 105 13 105 77 58 79 79 79 79 32 105
42 77 20 52 79 79 57 79 79 21 105
13 32 79 32 105 42 77 20 52 79 57 79 32 77 52 2 105 42 2 41 77 20 52 79 79 58 79 35 79 107
86 79 79 35 107 29 105 105
106 15 77 52 79 79 79 32 105
41 77 19 52 79 79 79 32 105
41 77 19 52 79 79 79 32 105
41 77 19 52 79 79 79 32 105
41 77 52 79 79 79 32 105
41 77 19 52 79 79 57 77 52 79 79 77 84 79 79 105
41 77 19 52 79 79 57 79 79 105
79 79 32 105
58 35 107 79 29 105 79 105
108 13 79 52 79 30 80 57 79 105 41 14 41 31 79 105 11 91 19 53 93 35 107 27 105 13 105 13 105 13 105 45 105
58 35 107 79 29 105 79 105
57 79 79 79 20 79 79 79 79 79 77 105 13 32 77 79 79 79 79 79 77 105 13 32 78 105
13 57 79 79 79 35 79 79 79 107
86 79 79 79 79 32 19 137 133 105
35 107 79 79 29 105 79 79 105
79 79 65 79 21 105
13 105 11 57 109 15 79 21 105
13 105 11 57 79 79 20 79 79 79 77 105 13 32 77 105
79 108
109 41 79 21 105
13 105 11 57 35 107 79 29 105 27 35 107 79 79 79 77 105 13 32 77 108 13 105 13 27 105 13 79 79 79 77 105 13 32 77 108 13 105 13 27 105 13 79 79 79 77 105 13 32 78 108 13 105 13 105 13 105 79 105
