57 27 105 11 57 35 27 107 22 105 108 13 105 105
20 19 19 19 106 21 105
105
19 79 108 13 108
79 27 108
13 27 105 11 57 2 19 36 108 13 72 19 53 79 27 27 105
79 108
13 105 79 105
15 108 11 41 79 105
13 105 13 79 105
13 105 13 105 13 22 105 79 105
19 79 108
19 19 19 36 72 79 108
79 108
93 30 93 58 27 105 13 32 19 27 105 13 100 31 93 105 105 105
19 35 27 107 105 13 105 94 58 19 101 105 13 105 13 29 105 13 105 11 58 100 105
13 108
105 13 105 13 35 107 105 20 105
13 35 27 107 105 13 105 13 27 105 13 105 35 27 107 27 105 27 35 107 108
