1 4 5
1 42 43
1 43 44
1 44 45
1 45 46
1 46 47
1 60 61
1 61 62
1 62 63
1 63 59
1 74 75
1 76 77
1 77 78
1 79 80
1 90 91
1 91 92
1 92 93
1 93 94
1 94 95
1 95 96
1 96 97
1 97 98
1 116 117
1 117 118
1 118 119
1 119 120
1 120 121
1 124 125
1 125 126
1 126 127
1 146 147
1 147 148
1 148 149
1 149 150
1 152 153
1 159 160
1 160 161
1 177 178
1 179 180
1 188 189
1 195 196
1 196 197
1 197 198
1 199 200
1 200 201
1 201 202
1 211 212
1 212 213
1 213 214
1 214 215
1 215 216
1 216 217
1 217 206
1 206 207
1 207 208
1 208 209
1 209 210
2 8 175
2 8 193
2 8 189
2 8 193
2 8 170
2 8 145
2 8 188
2 8 190
2 8 194
2 8 187
2 8 84
2 8 139
2 8 194
2 8 202
2 8 211
2 8 202
2 8 198
2 8 192
2 8 216
2 8 210
2 8 203
2 8 199
2 8 195
2 8 205
2 42 174
2 42 170
2 42 175
2 90 115
2 90 64
2 90 175
2 90 174
2 90 170
2 90 114
2 90 165
2 90 131
2 99 64
2 99 170
2 99 175
2 99 55
2 99 174
2 49 170
2 49 174
2 49 175
2 9 84
2 9 175
2 9 170
2 100 64
2 100 174
2 100 84
2 100 55
2 100 21
2 100 170
2 100 175
2 48 170
2 48 174
2 48 175
2 159 192
2 159 202
2 159 211
2 159 193
2 159 193
2 159 199
2 159 203
2 159 195
2 159 188
2 159 194
2 159 194
2 159 210
2 159 198
2 159 189
2 159 191
2 159 216
2 159 170
2 159 205
2 159 202
2 159 190
2 159 187
2 1 205
2 57 64
2 57 174
2 57 170
2 57 175
2 57 55
2 56 64
2 56 174
2 56 175
2 56 55
2 56 170
2 89 84
2 89 64
2 89 165
2 89 55
2 89 21
2 89 131
2 89 114
2 89 170
2 89 175
2 89 115
2 89 174
2 23 170
2 23 2
2 204 205
2 32 131
2 32 175
2 32 174
2 32 114
2 32 121
2 32 115
2 32 170
2 31 3
2 31 2
2 31 170
2 82 170
2 82 84
2 82 175
2 83 84
2 83 170
2 83 175
2 113 115
2 113 170
2 113 131
2 113 114
2 111 114
2 111 170
2 111 115
2 111 131
2 112 170
2 163 170
2 163 131
2 163 115
2 163 114
2 19 55
2 19 174
2 19 114
2 19 115
2 19 170
2 19 121
2 19 131
2 19 175
2 19 64
2 18 3
2 18 175
2 18 2
2 18 64
2 18 174
2 18 55
2 18 54
2 18 170
2 38 170
2 38 115
2 38 114
2 38 175
2 38 174
2 38 121
2 38 131
2 34 175
2 34 84
2 34 170
2 35 170
2 35 175
2 35 174
2 35 84
2 33 170
2 33 174
2 33 175
2 30 170
2 30 84
2 30 175
2 29 115
2 29 114
2 29 170
2 29 121
2 29 131
2 28 25
2 27 175
2 27 84
2 27 170
2 51 172
2 51 175
2 51 172
2 51 174
2 51 172
2 51 170
2 58 170
2 58 175
2 58 54
2 58 55
2 58 64
2 58 174
2 137 170
2 128 130
2 128 125
2 128 127
2 128 124
2 36 170
2 36 174
2 36 175
2 15 175
2 15 64
2 15 174
2 15 170
2 106 114
2 106 170
2 106 131
2 106 115
2 106 105
2 4 175
2 4 170
2 4 84
2 39 170
2 39 174
2 39 175
2 164 170
2 164 115
2 164 114
2 164 131
2 157 85
2 157 172
2 157 170
2 157 84
2 157 172
2 157 175
2 157 172
2 138 170
2 17 175
2 17 170
2 17 64
2 17 174
2 162 192
2 162 189
2 162 13
2 162 76
2 162 78
2 162 194
2 162 80
2 162 180
2 162 145
2 162 11
2 162 195
2 162 202
2 162 199
2 162 84
2 162 175
2 162 194
2 162 191
2 162 203
2 162 170
2 162 10
2 162 14
2 162 193
2 162 202
2 162 176
2 162 198
2 162 187
2 162 179
2 162 211
2 162 205
2 162 210
2 162 188
2 162 216
2 162 169
2 162 76
2 162 193
2 162 171
2 162 181
2 162 190
2 162 12
2 162 79
2 162 182
2 162 174
2 108 181
2 108 176
2 132 80
2 132 84
2 132 172
2 132 11
2 132 172
2 132 179
2 132 79
2 132 85
2 132 76
2 132 14
2 132 170
2 132 78
2 132 180
2 132 181
2 132 174
2 132 12
2 132 175
2 132 171
2 132 169
2 132 172
2 132 182
2 132 13
2 132 76
2 132 176
2 132 10
2 24 175
2 24 84
2 24 170
2 166 172
2 166 172
2 166 172
2 155 170
2 155 173
2 154 173
2 154 170
2 67 174
2 67 64
2 67 55
2 67 170
2 67 175
2 184 194
2 184 198
2 184 192
2 184 202
2 184 170
2 184 191
2 184 216
2 184 202
2 184 190
2 184 189
2 184 187
2 184 193
2 184 210
2 184 193
2 184 199
2 184 188
2 184 195
2 184 211
2 184 194
2 184 203
2 184 205
2 71 170
2 135 127
2 135 124
2 135 125
2 135 130
2 103 170
2 26 170
2 109 181
2 109 176
2 110 170
2 110 114
2 110 131
2 110 115
2 16 174
2 16 175
2 16 64
2 16 170
2 69 170
2 133 170
2 65 84
2 65 55
2 65 75
2 65 64
2 65 54
2 65 174
2 65 59
2 65 175
2 65 170
2 65 60
2 65 60
2 65 60
2 65 66
2 65 74
2 65 85
2 134 10
2 134 179
2 134 11
2 134 12
2 134 78
2 134 13
2 134 79
2 134 14
2 134 180
2 134 175
2 134 182
2 134 177
2 134 169
2 134 170
2 134 181
2 134 171
2 134 76
2 134 76
2 134 80
2 134 178
2 134 174
2 156 175
2 156 170
2 156 84
2 68 55
2 68 64
2 68 174
2 68 175
2 68 170
2 140 171
2 140 136
2 140 169
2 140 14
2 140 176
2 140 79
2 140 13
2 140 11
2 140 76
2 140 181
2 140 80
2 140 180
2 140 78
2 140 170
2 140 182
2 140 76
2 140 175
2 140 179
2 140 12
2 140 10
2 104 170
2 104 114
2 104 131
2 104 115
2 52 170
2 52 175
2 52 84
2 146 151
2 146 153
2 70 170
2 37 170
2 37 175
2 37 174
2 107 175
2 107 174
2 107 170
2 102 170
2 141 84
2 141 175
2 141 170
2 143 175
2 143 170
2 143 187
2 142 170
2 144 175
2 144 84
2 144 170
2 144 187
2 22 170
2 101 73
2 88 64
2 88 175
2 88 170
2 88 174
2 88 55
2 7 175
2 7 84
2 7 170
2 6 170
2 6 175
2 6 84
2 50 50
2 41 175
2 41 170
2 41 174
2 158 170
2 53 64
2 53 174
2 53 55
2 53 175
2 53 54
2 53 170
3 8 86
3 42 47
3 90 98
3 49 40
3 9 86
3 48 40
3 159 161
3 89 87
3 32 168
3 32 116
3 32 122
3 32 131
3 32 129
3 113 122
3 163 122
3 19 168
3 19 116
3 19 122
3 19 131
3 19 129
3 19 20
3 38 123
3 38 40
3 38 168
3 38 122
3 38 131
3 38 129
3 38 116
3 29 168
3 29 123
3 29 116
3 29 122
3 29 131
3 29 129
3 36 40
3 183 185
3 4 5
3 39 40
3 164 122
3 162 168
3 108 168
3 67 72
3 71 72
3 109 168
3 110 122
3 110 131
3 110 129
3 134 168
3 68 72
3 140 136
3 140 168
3 104 122
3 104 131
3 104 129
3 146 152
3 146 150
3 167 168
3 37 40
3 141 86
3 143 81
3 143 86
3 142 86
3 144 86
3 7 86
3 158 186
