1 9 15
1 15 16
1 16 17
1 17 18
1 18 19
1 19 20
1 20 21
1 21 22
1 22 10
1 10 11
1 11 12
1 12 13
1 13 14
1 25 26
1 31 38
1 38 39
1 39 40
1 40 41
1 41 42
1 42 43
1 43 44
1 44 45
1 45 32
1 32 33
1 33 34
1 34 35
1 35 36
1 36 37
1 50 51
1 56 57
1 57 58
1 64 66
1 66 67
1 67 68
1 68 69
1 69 70
1 70 71
1 71 72
1 72 73
1 73 65
1 74 85
1 85 86
1 86 87
1 87 88
1 88 89
1 89 90
1 90 91
1 91 92
1 92 75
1 75 76
1 76 77
1 77 78
1 78 79
1 79 80
1 80 81
1 81 82
1 82 83
1 83 84
1 93 94
1 94 95
1 95 96
1 96 97
1 103 107
1 107 108
1 108 109
1 109 110
1 110 111
1 111 112
1 112 113
1 113 114
1 114 104
1 104 105
1 105 106
1 115 126
1 126 128
1 128 129
1 129 130
1 130 131
1 131 132
1 132 133
1 133 134
1 134 116
1 116 117
1 117 118
1 118 119
1 119 120
1 120 121
1 121 122
1 122 123
1 123 124
1 124 125
1 125 127
1 135 136
1 145 146
1 146 147
1 148 149
1 149 150
1 153 154
1 154 155
1 155 156
1 156 157
1 157 158
1 158 159
1 160 161
1 161 162
1 163 164
1 164 165
1 165 166
1 166 167
1 167 168
1 168 169
1 170 172
1 172 173
1 173 174
1 174 175
1 175 176
1 176 177
1 177 178
1 178 179
1 179 171
1 181 182
1 182 183
1 183 184
1 184 185
1 185 186
1 187 188
1 188 189
1 189 190
1 190 191
1 191 192
1 192 193
1 193 194
1 194 195
1 198 199
1 199 200
1 200 201
1 202 203
1 203 204
1 204 205
1 205 206
1 206 207
1 208 209
1 216 217
1 217 218
1 218 219
1 219 220
1 220 221
1 221 222
1 224 231
1 231 232
1 232 233
1 233 234
1 234 235
1 235 236
1 236 237
1 237 238
1 238 225
1 225 226
1 226 227
1 227 228
1 228 229
1 229 230
1 244 245
1 245 246
1 246 247
1 247 248
1 248 249
1 249 250
1 252 253
1 253 254
1 254 255
1 255 256
1 257 258
1 260 261
1 261 262
1 264 265
1 265 266
1 267 268
1 270 271
1 273 274
1 274 275
1 275 276
1 277 278
1 283 284
1 284 285
1 285 286
1 286 287
1 287 288
1 288 289
1 289 290
1 290 291
2 270 293
2 270 293
2 270 293
2 270 281
2 270 271
2 135 136
2 139 5
2 140 5
2 29 3
2 99 294
2 143 5
2 31 37
2 115 127
2 196 1
2 4 3
2 4 1
2 280 293
2 280 293
2 280 281
2 280 293
2 2 292
2 2 292
2 6 292
2 6 292
2 6 5
2 259 1
2 152 1
2 180 197
2 180 197
2 257 1
2 151 30
2 283 291
2 283 276
2 283 273
2 283 291
2 279 263
2 279 281
2 279 266
2 279 263
2 223 292
2 223 292
2 243 292
2 243 292
2 251 292
2 251 292
2 282 272
2 282 272
2 212 3
3 74 84
3 9 14
3 270 269
3 267 268
3 277 278
3 240 138
3 240 137
3 160 162
3 244 250
3 252 256
3 170 171
3 202 207
3 181 186
3 187 195
3 153 159
3 163 169
3 241 138
3 241 137
3 216 222
3 198 201
3 196 50
3 242 142
3 280 269
3 144 7
3 215 98
3 239 100
3 145 147
3 259 25
3 214 62
3 148 150
3 257 258
3 260 262
3 208 209
3 283 273
3 279 264
3 103 102
3 103 106
3 64 65
3 224 230
3 56 58
4 65 60
4 150 28
4 171 48
4 195 28
4 213 74
4 210 74
4 250 28
4 50 115
4 24 115
4 137 143
4 51 115
4 65 28
4 162 47
4 147 49
4 186 28
4 102 46
4 25 115
4 93 141
4 62 9
4 61 115
4 222 28
4 84 59
4 97 59
4 101 31
4 258 74
4 100 54
4 97 8
4 138 28
4 93 55
4 262 53
4 169 28
4 159 28
4 211 115
4 26 115
4 256 23
4 142 28
5 93 63
5 101 103
5 24 27
5 102 103
5 100 103
5 50 52
5 25 27
