27 27 108 57 79 57 27 79 27 105 11 19 51 79 209 105 13 35 108 13 105 13 108 13 107 93 105 13 27 105 13 105 13 35 35 108 13 107 93 105 13 79 105 13 93 105 13 27 105 13 105 13 105 13 107 105 11 57 105 35 35 108 13 107 93 105 13 79 105 13 93 105 13 27 105 13 105 13 105 13 107 79 93 20 105 105 105 108 13 35 107 35 108 13 105 13 108 13 107 93 105 13 27 105 13 105 13 35 107 105 11 58 105 35 35 108 13 107 93 105 13 79 105 13 105 13 107 105 11 58 105 109
77 44 15 27 27 108 79 108
19 57 105 11 57 105 11 57 16 105 13 34 53 105 19 41 65 105 11 57 105 209 41 105 11 57 105
19 27 105 11 57 79 108 12 108
35 108 13 105 13 108 13 107 93 105 13 27 105 13 93 105 13 27 105 13 93 105 13 27 105 13 105 13 35 107 105 11 58 15 105 13 34 19 54 65 105 11 57 105 209 41
77 44 15 79 108
13 105 105 19 105
21 19 19 106 27 27 108 105
21 19 19 106 105
13 32 105 21 105
13 32 105 21 105
13 32 21 105 35 107
105 105
13 86 79 79 105 13 79 105 13 35 29 107 105
21 105
105
13 21 105 21 105
13 86 21 105
13 86 21 105
13 86 21 105
13 86 21 105
13 86 21 105
20 19 19 27 27 108 106 105
35 29 107 105
27 19 105 19 105
15 105
19 27 35 27 107 105 13 27 105 13 105 13 105 13 108 44 15 51 105
19 19 19 19 106 105
27 27 108 79 33 57 79 19 105
13 32 105 13 105 108 13 27 8 8 110 21 108 13 105 41
21 19 19 27 27 108 106 105
13 32 19 105 21 105
13 32 21 105
13 105
13 21 105
13 27 109 13 105 11 58 27 105
13 32 105 13 57 105 11 62 105 21 105
21 105
105
13 21 105 105
13 27 105 11 84 77 58 27 105 11 87 108
13 80 57 105
13 86 21 105
13 32 105 21 105
13 32 105 21 105
21 19 21 27 27 108 106 105
19 19 106 105
27 27 108 106 35 107 86 107
21 19 19 106 105
27 19 105 105
15 105
27 35 27 107 105 13 27 105 13 105 13 105 13 108 44 15 19 51 35 107 21 105 21 105 21 35 107
21 21 19 19 19 106 105
21 21 19 19 19 106 105
19 19 19 106 105
35 79 109 13 32 107 105 11 57 79 109 13 32 86 79 107
79 109 13 32 107
15 35 29 107 105 13 27 35 27 107 105 13 105 13 108 27 105 19 105
20 19 19 106 27 27 108 105
19 106 105
13 108 13 105 41 35 29 107 105
27 27 108 35 29 107 105
44 15 57 108
108
11 105 105
108
13 109 11 44 106 11 16 79 105
41 35 107 21 105 21 105 21 35 107
105 21 35 107
105 105 13 105 41 108
13 32 105
41 33 57 35 29 107 27 108
108
21 20 19 19 19 106 27 27 108 105
105 108
108
13 86 79 77 77 105
79 105
21 105
13 32 86 79 105 11 58 79 79 105 79 105
21 105
13 105
13 105
13 109 11 58 35 29 107 27 27 105 105
21 105
105
13 21 105 108 35 107 105
13 109 13 105 21 105
13 32 105 21 105
13 32 105 21 105
13 32 105 21 105
13 32 35 107
109 11 44 106 11 16 108 13 27 105 11 57 35 29 107 27 27 105 19 105
41 21 105
13 19 108 13 105 41 35 29 107 19 105
41 105
41 35 29 107 105
23 105 15 35 29 107 27 105 105
20 27 27 108 106 19 105
35 29 107 80 57 27 80 105 20 105
27 27 108 35 29 107 80 57 27 80 105 19 105
27 27 108 35 29 107 80 57 27 80 105 19 105
19 19 27 35 27 107 105 13 27 105 13 105 13 105 13 108 79 57 79 105 11 57 79 105 45 15 52 79 32 105
41 14 105 41 77 51 79 77 105
84 77 51 79 77 105
84 41 35 107 105
13 32 105
11 57 107
41 79 105
13 57 77 51 84 77 51 84 79 105
79 19 105
79 79 105
79 79 79 105
79 105
21 20 19 19 19 106 27 27 108 108 13 27 105 11 58 21 105
13 109 13 79 105 35 107 86 79 21 105
13 105 79 21 105
13 105 79 105 79 105 79 21 105
13 35 107
105 35 107
86 79 79 77 79 77 105
27 109 11 79 105
79 35 107
105
79 105
13 108 13 105 105
105 13 27 108 27 109 11 52 105
15 105
105
13 105 35 107
86 35 27 107 79 105
21 105
13 105
13 35 107 86 105
19 27 27 108 105
13 27 77 108 79 57 77 51 79 77 105
35 29 107 27 105 105
11 19 52 27 105 105
27 27 108 106 21 105
27 27 108 108
106 21 105
11 19 52 27 105 105
21 19 27 27 108 106 105
77 44 15 79 32 79 32 79 32 105
79 108
13 108
35 79 29 107 79 105
27 35 27 107 79 79 32 105 13 27 105 13 79 79 32 105 13 105 13 108 35 79 29 107 108
79 79 32 108
11 19 52 27 79 79 32 105 79 19 105
79 108
79 108
79 108
13 57 79 108
13 109 11 53 15 35 79 29 107 79 108
13 109 13 32 105
13 108
108
11 19 52 27 105 79 105
35 79 29 107 27 79 108
13 109 13 32 27 109 13 105 13 105 27 79 108
13 109 13 32 27 109 13 105 13 105 79 105
79 108
13 57 79 108
13 109 11 53 15 35 79 29 107 79 108
13 109 13 32 105
13 108
108
11 19 52 27 105 79 105
35 79 29 107 19 77 44 58 15 79 108
13 105 79 19 105
13 57 79 108
13 109 11 54 79 108
13 109 13 32 41 79 108
13 57 79 108
13 109 11 54 79 108
13 109 13 32 41 27 105
13 105 27 105
13 105 27 105
19 105 11 21 52 79 35 79 107 86 79 79 79 21 105
79 108
13 57 79 108
13 109 11 58 15 35 79 29 107 79 108
13 109 13 32 79 32 108
108
11 19 52 27 105 79 105
35 79 29 107 79 108
13 109 13 32 105
13 108
108
11 19 52 35 107
27 105
13 35 27 107 105 13 27 105 13 79 108
108
13 105 13 105 13 27 105 79 105
19 79 108
13 105 13 35 107 105 13 32 20 105 105 13 108
35 79 29 107 79 108
13 109 13 32 27 105
11 105 27 105
11 105 79 19 105
35 79 29 107 27 79 108
13 105
13 79 108
13 109 13 32 105 11 105
13 105
11 105 27 19 105 79 19 105
35 79 29 107 35 107 27 79 108
13 105 105 79 19 105
105 11 21 52 35 79 29 107 79 105
35 79 29 107 79 105
109 108
105 11 21 52 27 27 108 35 79 29 107 79 105
105 11 21 52 79 108
77 44 15 79 108
35 79 29 107 79 108
13 109 13 32 105
13 35 27 107 105 13 27 105 13 79 108
108
13 105 13 105 13 108
108
11 19 52 27 105 79 105
19 19 58 35 79 107
19 8 32 105 11 58 27 27 108 15 27 27 108 109 79 108
79 108
11 51 79 108
13 32 79 108
11 105
79 108
41 35 107 79 105
11 57 79 108
41 79 108
13 32 19 105
79 108
11 51 79 108
13 32 79 108
11 105
79 108
105 11 45 15 79 108
79 108
79 108
79 108
79 108
35 79 29 107 79 108
13 109 13 32 105
13 35 27 107 105 13 27 105 13 79 108
108
13 105 13 105 13 108
108
11 19 52 27 105 79 105
58 35 79 19 107
35 79 29 107 27 108
13 79 108
11 65 65 105 27 108
13 79 108
11 65 65 105 79 105
79 21 105
13 32 105 11 45 15 35 79 29 107 79 105
105 13 32 105 11 79 108
79 108
13 108
35 79 29 107 79 105
13 72 108 13 27 35 27 107 105 13 105 13 108 35 107 105 13 32 20 105 105 13 35 108 13 105 13 108 13 107 93 105 13 105
13 58 108 13 35 27 107 19 19 108
13 21 105 13 79 105
13 105 19 105 19 108 13 42 24 50 60 24 149 85 27 35 27 107 78 105 13 105 13 108 19 108 13 41 19 108 13 41 35 29 107 27 105 41
79 58 35 35 107
107 86 79 105 106
19 24 24 23 19 27 27 108 108 13 27 109 12 50 58 2 58 27 27 108 108 13 27 109 12 85 27 35 27 107 35 27 107 35 78 107 105 13 105 13 105 13 108 27 35 27 107 78 105 13 105 13 108 78 50 58 108 13 108 13 27 105 11 57 105 11 57 35 27 107 105
19 27 35 27 107 105 13 105 13 105 13 108 86 105 13 93 58 35 107
100 27 105 11 57 27 105 13 32 105 13 58 108
19 108 13 27 105 11 57 35 107 105 13 32 20 105 105 11 105 105 13 35 108 13 27 107 35 107 35 107 20 36 2 105 11 19 52 105 105 105 8 18 105 169 105 41 19 41
13 105 105 108
13 21 105 13 36 79 105
13 72 108 13 79 105
13 105 105 108 13 18 50 60 149 85 27 35 27 107 78 105 13 105 13 108 108 13 41 108 13 42
27 35 27 107 105 13 105 13 58 27 108 79 58 35 35 107
107 86 79 105 106
79 108
106 77 44 15 79 79 108
27 105 13 32 57 105 13 58 27 18
27 27 108 79 105
19 79 105
13 79 105
13 19 105 13 79 77 108
79 27 35 27 107 79 108
11 105 13 105 13 108 79 108
11 58 27 27 108 79 108
15 14 105 79 108
19 41 27 105 11 57 21 79 105
13 105 13 35 107 105 13 32 20 105 105 13 79 108
19 27 105 11 19 51 209 105 13 35 19 209 105 13 108 13 107 27 108 13 105 13 105 13 27 35 27 107 105 13 105 13 108 35 107 105 13 32 21 105 27 27 105 105 13 108 13 105 105 8 18 14 105 41 14 105 8 41 14 105 8 41 14 105 8 41
19 19 19 27 27 27 35 107 105 13 32 19 105 19 105 19 105 27 105 27 27 105 27 27 105 27 35 27 107 105 13 105 13 105 35 105 13 107 35 108 13 107 105 13 105 13 105 13 105 35 27 107 105 13 105 13 105 105 35 107 20 36 105 11 52 105 35 108 13 107 105 13 105 13 105 13 105 13 105 105 105 105 13 35 107 105 11 52 105 105 105 2 16 19 105 41 14 105 2 41 134 105 41
105 101 41 14 105 2 41 14 105 105 2 41
