1 16 17
1 17 18
1 18 19
1 19 20
1 20 21
2 16 21
2 16 24
2 16 18
2 34 33
2 25 11
2 25 4
2 25 4
2 25 5
2 31 37
2 31 33
2 31 38
2 31 36
2 12 11
2 12 5
2 6 5
2 6 11
2 3 1
2 3 2
2 3 2
2 3 1
2 9 5
2 9 11
2 7 5
2 7 11
2 26 29
2 26 37
2 26 38
2 26 33
2 26 36
2 10 5
2 10 11
2 8 11
2 8 5
2 28 29
2 28 37
2 28 38
2 28 36
2 28 33
2 44 37
2 44 38
2 44 36
2 44 33
2 35 35
2 32 36
2 32 38
2 32 37
2 32 33
3 16 24
3 16 40
3 22 42
3 22 40
3 22 41
3 13 14
3 13 15
3 13 23
3 31 40
3 31 43
3 31 39
3 27 40
3 27 43
3 27 39
3 26 40
3 26 43
3 26 39
3 26 30
3 28 40
3 28 43
3 28 39
3 28 30
