19 19 19 35 27 107 105 13 27 105 13 105 13 105 13 35 107 105 13 105 13 35 107 20 36 105 11 19 51 35 19 107 27 105 13 34 62 34 36 86 34 36 86 34 36 86 34 36 86 20 84 2 34 53 19 77 108 11 84 105 16 65 27 105 13 34 19 52 79 19 65 108 11 70 79 19 65 72 79 19 65 108 11 70 79 19 65 72 77 79 63 170 84 2 209 41 14 8 2 105 41 14 41 2 41
19 35 107 105 13 21 105 21 105 105 13 35 107 108 13 105 18 14 8 8 8 105 41 14 8 8 8 105 41 14 41 14 41
26 23 19 19 107
19 27 105 13 32 105 13 105 13 57 105 11 58 27 27 8 2 19 53 105 13 18 35 108 13 107 209 105 13 105 13 105 13 209 209 41
105
79 79 108
79 108
79 108
108
108
109
79 79 108
19 19 105
35 27 107 108 13 105 105
35 27 108 13 107 22 105 105
19 19 20 19 19 106 100 35 107
100 27 105
13 32 105 13 105 13 57 105 11 58 27 108
105
13 108 13 35 105 13 108 13 107 93 105 13 105 13 105 13 105 13 35 107 105 13 57 34 2 53 35 105
13 105 13 108 13 107 27 105 13 105 13 35 107 105 11 57 105 35 105
80 57 79 79 79 19 105 80 57 19 87 19 108
42 27 105 13 32 35 27 107 105 13 27 105 13 105 13 105 84 86 86 105 13 35 107 19 108 13 105 11 19 108 13 105 11 19 108 13 105 11 8 2 110
86 35 27 107 79 105 13 19 105
20 19 19 21 19 108
108
35 107 108
79 108
19 35 35 79 27 105 13 107 107 105 13 32 79 27 105 13 105 86 108
13 93 30 19 101 31 57 35 27 107 27 77 105 27 79 105 93 108 13 105
79 79 79 108
79 105
19 86 79 93 52 19 35 107 27 105 35 107 105 105
106 79 58 93 27 108 105
106 27 79 105 27 79 105 15
105 13 32 27 108
13 35 105 13 107 35 121 8 112
8 8 8 8 41 105 13 57 57 57 105
13 19 105
13 108 13 105
13 107
13 29 105 107
13 27 105 13 108
19 86 79 105 107
