1 1 2
1 2 3
1 3 4
1 4 5
1 5 6
1 6 7
1 11 12
1 12 13
1 24 25
1 25 26
1 26 27
1 27 28
1 28 29
1 29 30
1 30 31
1 49 50
2 41 19
2 24 31
2 18 50
2 18 43
2 18 48
2 18 46
2 18 52
2 18 49
2 18 49
2 18 45
2 18 46
2 18 47
2 18 44
2 18 43
2 18 51
2 18 42
2 18 46
2 18 49
2 14 19
2 16 19
2 17 19
2 8 10
2 40 34
2 40 37
3 24 25
3 14 19
3 16 22
3 16 19
3 1 7
3 17 19
3 17 20
3 17 21
3 11 13
3 8 10
3 8 9
3 40 35
3 40 33
3 40 38
3 40 36
3 40 32
3 39 33
3 15 23
