1 11 12
1 12 13
1 13 14
1 22 23
1 23 24
1 24 25
1 29 30
1 41 42
1 42 43
1 44 45
1 45 46
1 48 49
1 51 52
1 52 53
1 53 54
1 54 55
1 57 58
1 58 59
1 59 60
1 60 61
1 61 62
1 62 63
1 63 64
1 64 65
1 67 68
1 68 69
1 69 70
1 70 71
2 38 37
2 38 5
2 38 5
2 38 5
2 38 5
2 72 2
2 72 32
2 72 8
2 72 8
2 72 29
2 72 30
2 72 31
2 72 18
2 72 28
2 72 28
2 57 37
2 57 5
2 57 5
2 57 5
2 57 5
2 21 23
2 21 22
2 21 25
2 21 23
2 6 5
2 6 5
2 6 5
2 6 5
2 7 32
2 7 31
2 7 29
2 7 30
2 7 28
2 7 18
2 7 28
2 7 8
2 7 8
2 33 5
2 33 5
2 33 5
2 33 5
2 9 5
2 9 5
2 9 5
2 9 5
2 34 5
2 34 5
2 34 5
2 34 5
2 19 20
2 19 20
2 19 20
2 1 4
2 1 3
2 35 28
2 35 29
2 35 28
2 35 30
2 50 37
2 11 14
2 11 14
2 11 14
2 15 5
2 15 5
2 15 37
2 15 5
2 15 5
2 17 29
2 17 30
2 17 28
2 17 28
2 16 8
2 16 31
2 16 8
2 16 29
2 16 32
2 16 30
2 16 28
2 16 28
2 16 18
2 66 29
2 66 28
2 66 28
2 66 30
2 40 5
2 40 5
2 40 5
2 40 5
2 40 37
2 27 30
2 27 29
2 26 29
2 26 30
2 10 5
2 10 5
2 10 5
2 10 5
3 72 67
3 51 55
3 57 60
3 48 49
3 50 47
3 50 56
3 36 56
3 44 46
3 41 43
4 65 57
4 71 39
