19 77 44 27 27 108 15 105 13 79 27 105 11 108
86 86 87 84 84 86 20 84 86 86 86 87 87 84 87 86 86 79 79 35 27 107 105
11 57 19 58 9 80 58 58 57 19 57 20 3 51 27 35 107 27 105 13 3 105 13 27 105 13 105 13 108 20 20 19 3 108 11 61 27 35 107 27 105 13 3 105 13 105 13 108 19 16 19 41 19 41 19 41 9 77 212 3 108 11 35 20 19 3 112 105 11 19 51 27 27 108 105 19 41 14 27 27 108 19 41 105 11 9 84 9 86 9 80 58 9 77 9 84 9 77 9 77 51 9 77 213 139 9 77 169 209 9 77 140 212 9 84 35 9 77 3 107
86 77 79 57 77 79 77 170 213 77 171 77 169 209 77 140 212 79 79 79 79 77 79 77 137 105 11 62 79 77 169 84 79 77 52 79 79 105
20 27 19 35 107 105 13 32 57 109 13 109 13 109 11 57 109 13 32 109 13 32 109 13 32 105 41 14 27 35 107 27 105 13 105 13 105 13 108 35 108 13 107 18 20 105 20 105 19 105 57 27 105 11 58 105 19 105 105 13 57 105 105 105 105 11 52 105 13 108
32 105
32 105
79 105 79 105 13 32 57 105 11 57 105 79 105 13 32 57 105 11 57 105 79 19 105
32 105
32 105
19 35 107
79 108
13 105
21 36 35 79 107 105 13 32 20 105 20 105 105 105 13 79 108
79 79 108
79 79 108
79 79 108
11 58 16 27 105 13 32 105 13 57 105 11 52 19 41
32 105
21 36 23 23 35 9 79 107 105 13 32 20 105 20 105 19 105 108 12 105 105 11 105 13 20 52 19 105 11 62 121 180 41 108 12 149 105 105 23 50 62 23 182 23 150 183 108 13 18 23 108 13 41 14 41
32 105
13 107 105 13 32 20 105 20 105 19 105 27 105 19 105 79 108
11 105 105 105 13 108 12 79 108
11 79 108
11 55 105 105 11 20 52 105 13 108
79 108
44 15 79 108
11 57 79 19 105 13 27 109 11 57 79 27 24 22 79 105 13 110 107
11 57 79 19 105 13 27 109 11 57 35 107
86 79 27 24 22 79 105 13 110 41 14 31 40
19 86 19 79 57 80 58 80 58 80 57 35 79 107 35 79 107 105 11 57 79 19 86 86 19 87 19 87 19 87 19 87 19 86 86 31 18 27 35 107 27 105 13 79 105 13 27 105 13 79 105 13 105 13 108 79 41 35 79 107 105 41 14 31 40
79 57 79 105 11 58 35 107
32 105
32 105
19 19 77 44 27 27 108 15 79 108
79 108
27 105 13 32 105 13 57 105 11 57 105 11 57 19 16 19 41
105 11 21 52 105
106 108
19 19 105 11 21 52 57 105 11 20 52 2 19 52 2 58 57 105
19 79 105
13 35 79 105
13 105 13 29 107 105
79 105
13 35 79 105
13 29 107 105
19 35 27 107 91 20 53 19 36 19 27 72 27 72 35 27 107 27 105 27 105 27 105 19 105
19 19 52 19 52 57 105 13 57 105 13 86 105
13 105 13 108
105 11 45 15 107
105
13 19 105 106 79 27 109
105
13 35 105
13 29 107 79 19 105
35 29 107 105
21 19 19 79 58 35 105
13 107 86 35 105
13 29 107 22 105 105
13 108
13 35 105
13 107 21 105 13 105
13 105 13 27 105 13 105 13 105 13 105
13 105 13 86 79 105 13 27 19 36 19 93 72 105 13 79 19 36 19 105
13 21 105 11 108 13 72 105 79 105 13 27 19 36 19 93 72 105 13 79 19 36 19 19 108 13 72 105 79 105 13 27 19 36 19 29 72 105 13 79 19 36 19 27 72 105 35 107 86 87 35 29 107 105
79 108
13 29 107 105
79 105
79 105
105
35 29 107 105
106 57 27 105 11 87 108
