1 25 26
1 27 28
1 28 29
1 29 30
1 37 38
1 38 39
1 39 40
1 42 43
1 43 44
1 44 45
1 51 52
1 52 53
1 53 54
1 55 56
1 56 57
1 57 58
1 59 60
1 60 61
1 61 62
1 64 65
1 65 66
1 66 67
1 68 69
1 78 79
1 79 80
1 82 83
1 84 85
1 86 87
1 87 88
1 89 90
1 93 94
1 95 96
1 97 98
1 99 100
1 102 103
1 103 104
1 104 105
1 118 119
1 126 127
1 127 128
2 31 133
2 31 147
2 31 142
2 31 136
2 31 148
2 31 145
2 31 135
2 31 135
2 31 137
2 31 134
2 75 134
2 75 142
2 75 135
2 75 136
2 75 124
2 75 146
2 75 133
2 75 137
2 75 145
2 75 135
2 75 147
2 75 148
2 23 124
2 23 135
2 23 134
2 23 135
2 23 137
2 23 145
2 23 129
2 23 147
2 23 146
2 23 142
2 23 133
2 23 148
2 23 136
2 72 142
2 72 135
2 72 145
2 72 124
2 72 147
2 72 137
2 72 135
2 72 146
2 72 148
2 72 134
2 72 133
2 72 136
2 121 147
2 121 133
2 121 134
2 121 135
2 121 142
2 121 136
2 121 148
2 121 135
2 121 137
2 121 145
2 121 146
2 13 147
2 13 136
2 13 135
2 13 142
2 13 146
2 13 134
2 13 137
2 13 148
2 13 145
2 13 135
2 13 133
2 16 147
2 16 136
2 16 133
2 16 145
2 16 124
2 16 142
2 16 137
2 16 134
2 16 146
2 16 135
2 16 148
2 16 135
2 21 134
2 21 113
2 21 148
2 21 142
2 21 137
2 21 136
2 21 145
2 21 146
2 21 135
2 21 135
2 21 133
2 21 147
2 2 134
2 2 135
2 2 136
2 2 146
2 2 148
2 2 147
2 2 129
2 2 137
2 2 145
2 2 135
2 2 133
2 2 142
2 32 134
2 32 137
2 32 148
2 32 145
2 32 133
2 32 135
2 32 147
2 32 146
2 32 135
2 32 142
2 32 136
2 36 145
2 36 137
2 36 147
2 36 136
2 36 133
2 36 142
2 36 124
2 36 135
2 36 146
2 36 148
2 36 135
2 36 134
2 5 145
2 5 124
2 5 142
2 5 135
2 5 137
2 5 133
2 5 136
2 5 148
2 5 147
2 5 146
2 5 135
2 5 134
2 11 142
2 11 148
2 11 133
2 11 135
2 11 134
2 11 145
2 11 146
2 11 135
2 11 124
2 11 147
2 11 136
2 11 137
2 18 137
2 18 136
2 18 135
2 18 133
2 18 148
2 18 142
2 18 145
2 18 135
2 18 147
2 18 146
2 18 134
2 20 145
2 20 146
2 20 148
2 20 124
2 20 134
2 20 133
2 20 147
2 20 137
2 20 135
2 20 136
2 20 129
2 20 142
2 20 135
2 126 128
2 125 130
2 8 124
2 77 124
2 17 123
2 17 137
2 17 123
2 17 145
2 17 147
2 17 136
2 17 148
2 17 135
2 17 146
2 17 123
2 17 135
2 17 134
2 17 133
2 9 124
2 120 124
2 6 124
2 24 124
2 12 123
2 12 135
2 12 137
2 12 145
2 12 147
2 12 135
2 12 123
2 12 134
2 12 133
2 12 146
2 12 148
2 12 136
2 12 123
2 122 124
2 4 129
2 107 124
2 35 124
2 74 124
2 19 129
2 115 124
2 141 136
2 141 147
2 141 134
2 141 148
2 141 146
2 141 135
2 141 140
2 141 137
2 141 139
2 141 138
2 141 133
2 141 145
2 141 135
2 71 124
2 111 124
2 117 124
2 15 124
2 106 124
2 106 129
2 116 129
2 116 124
2 144 133
2 144 134
2 144 142
2 143 133
2 143 142
2 143 134
2 41 129
2 63 129
2 47 129
2 49 129
2 46 129
2 50 129
2 48 129
2 7 124
2 114 123
2 114 148
2 114 136
2 114 146
2 114 134
2 114 135
2 114 137
2 114 147
2 114 135
2 114 133
2 114 123
2 114 123
2 114 145
2 110 146
2 110 134
2 110 136
2 110 135
2 110 145
2 110 133
2 110 123
2 110 123
2 110 135
2 110 148
2 110 137
2 110 147
2 110 123
2 14 123
2 14 123
2 14 146
2 14 147
2 14 123
2 14 145
2 14 135
2 14 133
2 14 148
2 14 136
2 14 134
2 14 137
2 14 135
2 101 124
2 73 137
2 73 123
2 73 123
2 73 135
2 73 123
2 73 147
2 73 134
2 73 146
2 73 145
2 73 135
2 73 133
2 73 136
2 73 148
2 91 124
2 34 136
2 34 137
2 34 145
2 34 146
2 34 123
2 34 148
2 34 123
2 34 133
2 34 135
2 34 134
2 34 123
2 34 147
2 34 135
2 92 124
2 70 135
2 70 136
2 70 137
2 70 135
2 70 145
2 70 146
2 70 123
2 70 133
2 70 123
2 70 147
2 70 148
2 70 134
2 70 123
2 109 124
3 32 33
3 68 69
3 118 119
3 84 85
3 99 100
3 95 96
3 89 90
3 86 88
3 82 83
3 93 94
3 102 105
3 76 81
3 42 45
3 64 67
3 55 58
3 97 98
3 59 62
3 51 54
3 27 30
3 108 112
3 37 40
3 25 26
3 131 132
3 78 80
4 33 31
4 10 121
4 54 21
4 58 21
4 45 21
4 67 21
4 22 2
4 40 21
4 3 2
4 69 75
4 62 21
4 1 5
