35 79 79 29 107 27 79 79 79 78 105 79 105
106
58 15 79 79 209 105 13 32 35 79 79 29 107 27 105 79 105
19 79 105
106
79 19 105
79 19 105
79 19 105
79 19 105
79 79 105 13 32 35 79 79 29 107 27 78 105 22 105 79 105
106
79 105 13 109 13 79 105 13 109 13 79 105 13 109 13 19 105 11 62 105 11 62 105 11 61 27 58 79 105
106
79 105 13 109 13 105 11 62 79 105
79 105
106
79 105 13 109 13 79 105 13 109 13 19 105 11 62 105 11 61 27 58 79 105
106
79 105
106
106
58 15 79 79 209 105 13 32 35 79 79 29 107 27 105 79 105
106
79 79 105 13 109 13 79 79 105 13 109 13 19 105 11 62 105 11 61 27 58 79 105
27 35 27 107 108 13 105 79 108
13 105
79 105
79 57 79 79 58 79 80 57 79 79 79 79 105 13 109 13 105
79 79 79 79 105 13 109 13 105
79 100 35 79 79 29 107 79 105
19 87 106
19 19 87 106
86 79 42 20 52 35 29 107 105
79 105 13 109 13 105 11 62 79 105
79 57 35 79 79 79 79 79 78 107
106
105 13 32 35 107
79 86 79 86 35 79 108
13 29 107 27 105 79 108
13 105
19 57 105 13 57 105 13 33 58 79 21 105 13 35 107
105 13 32 35 107
79 86 79 86 35 79 108
13 29 107 27 105 79 108
13 105
19 57 105 13 57 105 13 33 58 79 21 105 13 35 107
19 57 105 13 57 105 13 33 58 79 21 105 13 35 107
19 57 105 13 57 105 13 33 58 79 21 105 13 35 107
19 57 105 13 57 105 13 33 58 79 21 105 13 35 107
19 57 105 13 57 105 13 33 58 79 21 105 13 35 107
8 32 35 107
105 13 109 13 86 105 13 109 13 86 35 79 108
13 29 107 27 105 79 108
13 105
105 13 32 35 107
79 86 79 86 35 79 108
13 29 107 27 105 79 108
13 105
105 13 32 35 107
79 79 86 79 79 86 35 79 108
13 29 107 27 105 79 108
13 105
19 57 105 13 57 105 13 33 58 79 21 105 13 35 107
105 13 32 35 107
79 86 79 86 35 79 108
13 29 107 27 105 79 108
13 105
79 79 105 13 32 35 79 108
13 29 107 27 105 79 105
79 105 13 109 13 79 105 13 109 13 19 105 11 62 105 11 61 27 58 79 105
19 79 105
106
79 105 13 109 13 105 11 62 79 105
79 105
106
79 79 105 13 32 79 108
19 79 84 79 108
35 107
58 79 79 86 79 79 86 35 79 105
13 29 107 27 105 79 105
13 29 107 27 105 27 78 105 105
79 79 105 13 32 35 79 105
13 29 107 27 105 79 105
79 79 105 13 32 35 79 105
13 29 107 27 78 105 79 105
79 108
13 105 13 32 35 79 105
13 29 107 27 105 22 105 79 105
79 79 105 13 32 35 79 105
13 29 107 27 105 79 20 105
79 105 13 109 13 105 11 62 79 86 79 108
79 27 86 79 108
79 79 105 13 32 35 79 105
13 29 107 27 105 79 105
79 79 105 13 32 35 79 105
13 29 107 27 105 79 105
35 79 105
13 29 107 22 105 79 20 105
19 79 79 79 79 52 79 79 105 13 32 35 79 105
13 29 107 27 105 22 105 79 20 105
79 108
58 15 79 108
11 57 93 79 79 79 79 209 105 13 32 79 27 105 11 57 35 107
27 86 78 85 35 79 105
13 29 107 27 105 27 78 105 79 105
19 79 57 79 79 86 79 108
79 57 79 79 105 79 79 79 79 105 79 79 105
79 79 108
79 105
79 105 13 109 13 105 11 62 79 105
79 57 35 79 105
13 29 107 79 79 105 105 105
35 107 27 105 105
79 105 13 109 13 105 11 62 79 105
79 57 79 79 79 86 35 79 105
79 57 79 79 86 79 108
79 57 79 105
79 79 105 13 32 35 27 35 27 107 105
13 105 13 105 13 108 13 107 79 105
79 19 84 79 108
106
106 19 27 80 57 35 27 107 108
27 35 27 107 105 13 105 13 108 27 35 27 107 9 105 13 105 13 108 27 27 27 35 107 105 13 32 19 105 19 105 19 105 27 105 27 27 105 27 35 27 107 105 13 105 13 105 57 27 9 105 27 35 27 107 9 105 13 105 13 108 57 35 105 13 107 110 13 109 11 58 105 13 35 107 105 11 19 52 105 13 18 109 13 32 35 108 13 107 105 13 105 13 105 13 105 35 27 107 109
27 35 27 107 105 13 105 13 108 109
19 19 77 44 93 35 107
58 15 105 13 27 105 11 57 27 105 11 57 79 27 19 105 11 105
41 27 105 11 57 27 108
13 32 79 105 13 105
35 107 27 105 79 80 57 27 105 79 79 105
13 32 105 13 57 105 11 57 2 80 105
108
35 27 107 22 105 108 13 105 79 105
13 105 13 35 27 107 105
13 27 105 13 32 105 13 57 79 27 105 11 105
19 19 19 79 79 105 13 32 79 109 13 109 13 109 11 57 109 13 32 109 13 32 109 13 109 11 57 109 13 32 109 13 32 105 41 14 15 77 105 77 105 80 105 80 105 80 57 77 105 79 105 57 79 105 13 108
35 107 35 35 105 13 107 107 105 11 19 51 134 105 41 105 105 13 35 107
79 58 93 18 79 105 13 57 105 11 58 93 41 105 11 108
19 79 105 13 27 108 13 57 105 11 62 27 105 11 58 27 105 13 108 13 57 105 13 8 57 105 11 58 79 105 13 27 79 105 13 105 11 58 79 27 105 13 32 105 13 108
19 105 13 105
19 79 105 13 32 20 105 27 27 105 27 27 105 19 105 27 105 18 14 8 8 8 27 35 27 107 105 13 105 13 105 13 108
80 58 79 105 79 105 80 58 107
57 35 105 13 107 105 13 18 79 19 36 19 72 19 105
106
106
79 105 13 107
79 105 13 57 35 79 107
79 105 13 107
79 105 13 57 35 79 107
