93 30 93 58 27 105 13 32 19 27 105 13 100 31 27 27 108 93 105 105 105
19 27 35 27 107 105 13 105 13 105 13 108 105
13 27 35 27 107 105 13 105 13 108 108
106
13 32 86 79 105 13 93 27 105 11 57 18 105
19 106 21 105
36 19 27 72 108 105
13 86 79 105 11 20 52 35 29 107 105
100 27 105 13 32 93 105 13 86 93 19 86 93 27 19 108
79 79 79 19 19 19 109
93 35 27 107 105 13 105 13 108
106
79 105
106
35 105 13 107 105 13 32 18
13 41 35 105 13 107 105 13 32 19 105 27 105 27 105 13 57 27 105 13 19 65 41 14 41 44
13 57 9 41 35 110 13 107 105 13 32 19 9 105 27 9 105 13 57 27 105 13 19 65 110 11 110 13 35 121 20 9 8 8 112
23 19 108 13 79 79 109
13 105 13 108 13 57 23 78 50 59 15 105 23 105 11 57 23 50 61 23 180 41 181 23 108 41 14 41
9 79 9 9 80 3 57 15 19 20 20 19 20 20 19 20 20 9 79 9 9 79 9 110
13 30 108
13 9 79 9 9 9 105 31 57 9 80 3 57 9 80 3 57 8 32 9 105 9 105 58 35 93 91 9 79 9 9 79 9 20 3 9 9 9 108
13 9 9 9 107
58 110
11 93 110
11 3 3 51 57 105 9 79 9 9 9 105
42 9 79 9 9 79 9 110
13 9 80 3 57 9 80 3 57 8 32 8 108
13 105 13 108
13 9 105 27 9 105 9 79 9 9 79 9 110 13 113
13 9 79 9 9 86 27 35 27 112 9 79 9 110 13 110 13 113 35 112
13 57 27 9 105 27 27 9 9 105 9 79 9 57 9 79 9 9 108
105 105 11 20 3 3 52 19 105 27 35 27 112 9 79 9 110 13 110 13 113 91 9 79 9 9 79 9 20 3 9 9 9 108
9 80 3 57 9 79 9 9 79 9 110
13 9 78 6 23 50 57 20 9 3 105
9 78 6 9 6 105
35 9 79 9 9 9 107
9 9 58 9 79 9 30 9 79 9 9 80 3 57 31 9 79 9 30 9 79 9 20 9 9 86 31 113
113
108
79 30 79 79 57 105 91 79 79 79 79 19 19 108 13 19 113
105 13 57 27 105 11 57 35 35 105 13 107
19 27 27 9 79 105 11 57 27 27 108 19 9 79 27 105 11 57 108 13 58 29 27 19 36 19 29 72 105 13 19 19 36 19 9 79 72 105 13 8 32 8 58 9 79 79 105 13 27 19 36 105 13 9 79 79 19 36 105 13 32 105 13 27 19 36 19 29 72 105 13 19 36 19 9 79 72 105 13 8 32 8 93 105 11 57 27 27 108 9 79 79 9 79 109
35 93 107
105
9 79 105
15 9 79 27 105 11 57 27 27 108 35 27 107 9 79 108 13 105 9 79 79 109
13 105
9 79 9 35 9 79 9 9 79 9 114
9 79 9 113
13 9 79 9 113
13 110
35 9 79 9 9 79 9 114
13 9 9 107 20 9 3 105 35 9 79 9 9 79 9 114
13 112 21 110 35 20 20 9 3 107
11 112 110 20 9 3 107
11 20 9 3 107
11 20 9 3 107
11 20 9 3 107
13 21 112
11 110 20 110 20 110 35 9 79 9 9 79 9 114
13 9 107 35 20 20 112 9 105 20 3 105 20 3 105 20 3 105 35 9 79 9 9 79 9 114
13 9 107 35 20 20 3 3 107 20 3 105 105 27 9 105 20 3 105 9 79 9 9 79 9 114
13 110 13 27 27 9 79 9 9 79 9 114
13 110 13 9 9 9 105 11 105 13 91 20 3 3 54 105 35 9 9 107
9 105 35 9 79 9 9 79 9 114
13 9 9 107 35 20 20 9 3 3 107 20 20 9 3 3 105 110 27 9 9 105 20 9 3 105 27 27 9 79 9 9 79 9 114
13 110 13 9 9 9 105 11 3 105 13 91 20 3 3 54 9 9 105 35 9 9 107
9 9 105 9 79 9 35 9 79 9 9 79 9 114
13 112 113
113
35 20 20 9 3 3 107 20 20 9 3 3 105 20 20 9 3 3 105 9 79 9 113
13 9 9 105 9 79 9 113
13 20 110 9 79 9 113
13 20 110 9 79 9 113
13 9 79 9 110 9 79 9 113
13 20 110 9 79 9 113
13 20 110 9 79 9 113
13 20 110 9 79 9 113
13 35 9 9 107
110 35 9 79 9 9 79 9 114
9 79 9 113
13 9 107 35 20 20 3 3 107 20 3 105 105 27 9 9 105 20 3 105 27 27 9 79 9 9 79 9 114
13 110 13 9 9 9 105 11 105 13 91 20 3 3 54 105 35 9 9 107
9 105 9 79 9 35 9 79 9 9 79 9 114
13 112 113
13 110
13 110 13 21 3 9 84 9 79 9 113
13 20 110
9 79 9 113
13 20 110
106 27 27 105 11 58 27 105 11 58 27 105 11 57 8 79 105 13 109 13 105 11 58 79 105 35 107
27 27 105
27 105
79 19 108
15 27 105 11 57 35 27 107 108 13 105 79 79 109
13 105
79 105 13 79 108
19 35 107 27 27 105 19 79 79 109
13 105 13 93 105 13 35 35 79 108
19 79 57 79 105 13 58 35 79 108
35 27 107 79 19 109
27 108 13 105 79 19 109
35 27 107 91 19 56 27 105 79 19 109
79 79 57 79 79 79 105 13 108
