80 57 79 57 79 105 80 57 79 27 105 13 32 23 105 15
19 52 21 52 27 105 11 59 79 105
19 106 35 107
35 27 107 22 105 109 11 93 27 27 105
11 52 29 105 13 105 105
19 16 93 27 27 105
11 52 29 105 13 105 21 105
106 35 105
13 32 86 93 27 27 105
11 105
13 32 86 19 86 19 86 107
93 27 27 105
11 105
13 32 105 13 80 57 107
79 105
79 105
105
13 108 13 27 19 109 11 57 57 27 19 105 11 57 19 87 93 86 19 86 19 86 57 105 13 105 13 27 105 11 57 93 86 108
13 107
86 93 27 27 105
11 105
13 32 86 79 79 105
93 27 27 105
11 105
13 86 93 27 27 105
11 105
58 93 27 108 80 58 19 87 107
77 93 27 27 105
11 52 93 27 108 79 19 79 32 105
11 52 93 27 108 107
15 77 93 27 27 105
11 52 93 27 108 93 86 105 13 58 19 79 79 32 105
41 27 105 13 32 8 41 77 93 27 27 105
11 52 93 86 79 79 105
13 93 27 27 105
11 105
41 77 93 27 27 105
106 35 107
13 35 107 19 35 105 13 107 20 36 105 11 54 105 11 62 19 105 41 14 8 57 105 40 57 105 18 14 41 14 41 14 41 14 41 14 41
93 35 107 27 105 13 105 13 105 13 108 35 107 105 13 33 58 35 107 40 8 32 27 105 27 27 105 27 27 105 105 105 11 20 51 35 35 107 27 105 13 105 13 105 13 107 40 14 105 40 14 93 35 107 27 105 13 105 13 105 13 108 35 107 40 14 93 35 107 27 105 13 105 13 105 13 108 35 107 40 14 93 35 107 27 105 13 105 13 105 13 108 35 107 40 93 35 107 27 105 13 105 13 105 13 108 108
19 93 105 13 109 11 58 18 105 13 105 13 33 58 35 107 40 8 32 105 105 27 105 27 27 105 105 105 11 44 105 41 14 93 35 107 27 105 13 105 13 105 13 108 35 107 40 14 105 40 14 93 35 107 27 105 13 105 13 105 13 108 35 107 40 14 93 35 107 27 105 13 105 13 105 13 108 35 107 40 27 105 13 57 35 107 105 8 42 14 41 44
27 105 13 105 11 57 27 19 105 11 61 19 57 79 105
19 54 15 209 79 109 11 54 79 109 13 32 105
13 108
13 79 105
13 108
11 57 105 11 62 79 105
13 20 105 11 209 105 13 35 107 27 105 13 79 108
13 105 13 27 105 13 105 13 27 105 13 105 13 27 105 13 105 13 105 13 35 27 108 13 107 22 105 79 105
79 108
20 52 105 11 58 79 108
30 80 57 35 19 107
108 13 18
19 19 109 11 93 27 27 105
11 52 107
16 93 27 27 105
11 52 105
13 58 2 41 27 79 105
11 58 2 105 105
19 106 27 105
13 32 109 13 105 11 105 11 54 2 212 213 105
13 58 15 2 41 27 19 105 11 35 107
13 105 13 27 105 13 105 13 107 105 19 35 107 93 19 105 57 105 35 27 27 108 13 107 27 35 107 93 27 27 110
11 9 105
13 105 13 27 105 13 105
13 105 13 105 13 105 27 105 27 35 107 27 105 13 105 13 105 13 105 13 108 13 105 27 105 22 105 19 108
79 105
13 32 105
13 57 35 29 107 27 105 19 105
19 19 109 11 93 27 27 105
11 52 79 105
13 109 13 108
13 58 35 107 93 27 27 105
11 105 93 27 27 105
11 105 105 16 35 27 27 108 13 107 22 105 105
13 93 27 27 105
11 105 13 27 105 27 105 27 105 27 105 105
79 105
79 105
79 77 105
35 27 107 27 27 105 27 105 79 105 13 22 105
57 22 105 93 35 107 27 105 13 105 13 27 105 13 105 13 105 13 105 13 108 79 105
106 79 109 35 107
13 105 13 109 13 109 11 57 109 13 32 105 13 57 79 108
79 27 105
20 52 105 11 58 32 105 13 109 13 57 105 11 62 79 108
13 105 105
19 52 44 15 27 105 13 107
13 9 105 93 35 107 27 105 13 105 13 105 13 108 9 9 105
13 105 105
19 19 65 79 105 11 58 93 27 108 79 19 105 11 57 93 27 108 19 79 105 11 58 20 53 93 27 108 18 93 27 108 41 93 27 108 23 108 209 41 105
105 13 109 13 109 11 57 109 13 32 79 105 11 57 77 108 13 18 19 41
13 57 93 35 107 27 105 13 79 105 13 105 13 108 105 11 105 105 105 11 59 19 105 11 57 93 35 107 27 105 13 79 105 13 105 13 108 105 15 93 35 107 27 105 13 79 105 13 105 13 108 41 93 35 107 27 105 13 79 105 13 105 13 108 41
79 79 79 19 19 19 109
93 35 107 27 105 13 105 13 105 13 108
106
79 105
106
13 41 35 105 13 107 105 13 32 19 105 27 105 27 105 13 57 27 105 13 19 65 41 14 41 44
23 19 108 13 79 79 109
13 105 13 108 13 57 23 78 50 60 105 23 105 11 57 23 50 62 181 23 108 41 14 41 23 180 41 15
9 79 9 113
13 20 110
9 79 9 113
13 20 110
9 79 9 113
13 9 79 9 113
13 110
35 9 79 9 9 79 9 114
13 9 9 107 20 9 3 105 35 9 79 9 9 79 9 114
13 112 21 110 35 20 20 9 3 107
11 112 110 20 9 3 107
13 57 9 79 9 113
11 20 9 3 107
11 20 9 3 107
11 20 9 3 107
11 110 20 110 20 110 35 9 79 9 9 79 9 114
13 9 107 35 20 20 112 9 105 20 3 105 20 3 105 20 113 13 110 11 3 105 35 9 79 9 9 79 9 114
13 9 107 35 20 20 3 3 107 20 3 105 105 27 9 105 20 113 13 110 11 3 105 9 79 9 9 79 9 114
13 110 13 27 27 9 79 9 9 79 9 114
13 110 13 9 9 9 105 11 105 13 91 20 3 3 54 105 35 9 9 107
9 105 35 9 79 9 9 79 9 114
13 9 9 107 35 20 20 9 3 3 107 20 20 9 3 3 105 110 27 9 9 105 20 113 13 110 11 9 3 105 27 27 9 79 9 9 79 9 114
13 110
13 110 13 9 9 9 105 11 3 105 13 91 20 3 3 54 9 9 105 35 9 9 107
9 9 105 9 79 9 35 9 79 9 9 79 9 114
13 112 113
35 20 20 9 3 3 107 20 20 9 3 3 105 20 20 9 3 3 105 9 79 9 113
13 9 9 105 9 79 9 113
13 20 113 13 110 11 110 9 79 9 113
13 20 110 9 79 9 113
13 9 79 9 110 9 79 9 113
13 20 110 9 79 9 113
13 20 110 9 79 9 113
9 79 9 35 9 79 9 9 79 9 114
13 20 110 9 79 9 113
13 35 9 9 107
110 35 9 79 9 9 79 9 114
13 9 107 35 20 20 3 3 107 20 3 105 105 27 9 9 105 20 113 13 110 11 3 105 27 27 9 79 9 9 79 9 114
13 110 13 9 9 9 105 11 105 13 91 20 3 3 54 105 35 9 9 107
9 105 9 79 9 35 9 79 9 9 79 9 114
13 112 113
13 21 112
113
9 79 9 113
13 110
13 110 13 21 3 9 84 9 79 9 113
19 27 105 11 57 35 27 107 108 13 105 79 79 109
13 105
