1 5 16
1 16 27
1 27 35
1 35 36
1 36 37
1 37 38
1 38 39
1 39 40
1 40 6
1 6 7
1 7 8
1 8 9
1 9 10
1 10 11
1 11 12
1 12 13
1 13 14
1 14 15
1 15 17
1 17 18
1 18 19
1 19 20
1 20 21
1 21 22
1 22 23
1 23 24
1 24 25
1 25 26
1 26 28
1 28 29
1 29 30
1 30 31
1 31 32
1 32 33
1 33 34
1 41 52
1 52 55
1 55 56
1 56 57
1 57 58
1 58 59
1 59 60
1 60 61
1 61 42
1 42 43
1 43 44
1 44 45
1 45 46
1 46 47
1 47 48
1 48 49
1 49 50
1 50 51
1 51 53
1 53 54
1 64 65
1 65 66
1 68 69
1 69 70
1 71 72
1 72 73
1 73 74
1 74 75
1 75 76
1 77 78
2 62 62
2 62 62
2 64 66
2 68 70
2 71 71
2 77 78
3 41 54
3 5 34
3 67 3
3 71 76
4 54 2
4 34 63
4 54 1
4 34 1
5 62 4
