106 27 27 108 27 105
19 106 19 105
79 105 27 27 108 79 108 13 35 27 107 105 105
44 27 27 108 15 19 52 107
21 19 19 19 105 11 44 15 27 27 108 105
105
13 32 84 79 21 105 79 19 105 79 27 105 41 105
13 32 77 58 105
13 32 84 79 21 105 27 35 27 107 105
13 32 77 105 13 27 105 13 105
13 32 77 105 13 105 13 108 105
13 32 77 105
13 32 77 105
42 105
13 32 77 52 105
13 32 77 58 105
13 32 84 79 21 105 41 105
13 32 77 52 105
13 32 84 79 105 41 105
13 32 77 58 105
13 32 84 79 21 105 79 105 105
13 32 84 79 105 105
105
13 32 77 108
13 86 27 35 27 107 105
13 32 77 105 13 27 105 13 105
13 32 84 79 21 105 79 105 27 35 27 107 105
13 32 77 105 13 105 13 108 105
13 32 77 105
13 32 77 105
105
42 105
13 32 77 52 105
13 32 84 79 21 105 79 105 79 21 105 41 27 27 108 35 29 107 105
13 32 77 105 13 27 105 13 105
13 32 77 105 13 105 13 108 105
13 32 77 105
13 32 77 105
41 105
13 32 77 52 105
19 106 27 27 108 105
13 32 86 79 105 79 105 79 21 105 21 105
13 32 86 79 105 21 105
13 32 86 79 105 21 105
13 32 86 79 105 21 105
13 32 86 79 19 105 21 105
13 32 86 79 105 35 27 107 105
13 105 13 27 105 13 105 13 108 13 86 105
13 79 108 13 86 107
11 57 27 27 108 27 105
13 105
13 27 105 11 58 105
13 32 27 27 109 13 86 105
13 32 79 27 105 11 57 35 29 107 105
27 105
13 32 105 13 86 79 58 105
15 107
19 105
21 105
100 21 105
13 32 86 79 105 21 105
19 106 27 27 108 79 105 11 58 79 79 105 79 105 11 58 27 27 108 35 27 107 19 105
19 19 106 27 27 108 105
79 108
13 79 79 105
13 57 27 35 27 107 105 13 27 105 13 79 105 13 105 13 105 13 108 79 108
79 108
77 20 51 77 20 52 79 108
13 108
13 105 11 58 79 108
19 19 79 79 105 79 108
13 108
35 79 108
13 107 105 105 105 35 79 108
13 105 13 107 27 19 105 27 19 105 57 79 77 44 105 27 19 105 79 108
13 108 13 35 27 107 105 79 105
79 108
13 105 11 58 79 108
