1 3 4
1 5 14
1 14 15
1 15 16
1 16 17
1 17 18
1 18 19
1 19 20
1 20 21
1 21 6
1 6 7
1 7 8
1 8 9
1 9 10
1 10 11
1 11 12
1 12 13
1 23 25
1 25 26
1 26 27
1 27 28
1 28 29
1 29 30
1 30 31
1 31 32
1 32 24
1 37 38
1 38 39
1 39 40
1 40 41
1 41 42
1 42 43
1 48 49
1 49 50
1 50 51
1 51 52
1 52 53
1 54 55
1 55 56
1 57 58
1 58 59
1 59 60
1 77 78
1 79 80
1 82 93
1 93 104
1 104 115
1 115 120
1 120 121
1 121 122
1 122 123
1 123 124
1 124 83
1 83 84
1 84 85
1 85 86
1 86 87
1 87 88
1 88 89
1 89 90
1 90 91
1 91 92
1 92 94
1 94 95
1 95 96
1 96 97
1 97 98
1 98 99
1 99 100
1 100 101
1 101 102
1 102 103
1 103 105
1 105 106
1 106 107
1 107 108
1 108 109
1 109 110
1 110 111
1 111 112
1 112 113
1 113 114
1 114 116
1 116 117
1 117 118
1 118 119
1 125 126
1 126 127
1 127 128
1 128 129
1 129 130
2 2 75
2 2 74
2 2 75
2 2 73
2 2 34
2 2 75
2 2 33
2 2 35
2 2 34
2 2 73
2 2 35
2 5 75
2 5 33
2 5 34
2 5 35
2 5 75
2 5 35
2 5 73
2 5 47
2 5 34
2 5 75
2 5 74
2 5 73
2 5 75
2 36 75
2 36 34
2 36 35
2 36 35
2 36 33
2 36 75
2 36 75
2 36 73
2 36 73
2 36 74
2 36 34
2 36 75
2 23 73
2 23 34
2 23 34
2 23 35
2 23 75
2 23 33
2 23 74
2 23 1
2 23 75
2 23 73
2 23 75
2 23 1
2 23 35
2 23 75
2 61 64
2 44 75
2 44 75
2 44 35
2 44 35
2 44 73
2 44 75
2 44 34
2 44 73
2 44 33
2 44 75
2 44 74
2 44 34
2 62 64
2 63 34
2 63 75
2 63 75
2 63 73
2 63 75
2 63 75
2 63 33
2 63 35
2 63 34
2 63 74
2 63 73
2 63 35
2 82 119
2 76 81
2 22 47
2 48 57
2 79 80
2 46 34
2 46 74
2 46 75
2 46 75
2 46 73
2 46 35
2 46 75
2 46 73
2 46 35
2 46 75
2 46 33
2 46 34
2 65 66
2 45 73
2 45 35
2 45 75
2 45 33
2 45 34
2 45 75
2 45 35
2 45 73
2 45 34
2 45 75
2 45 74
2 45 75
3 5 13
3 54 56
3 125 130
3 23 24
3 48 60
3 48 53
3 70 72
3 70 71
3 79 80
3 77 78
3 3 4
3 37 43
3 67 69
3 68 69
