108
11 57 35 29 107 27 105 105 13 105 105
27 105 13 105 13 32 57 27 35 107 27 105 13 105 13 105 13 105 13 108 79 105
27 27 108 79 19 108 13 108
19 27 27 108 79 108
13 105 11 57 79 27 108
79 108
13 19 105 79 108
13 105 79 108
13 105 79 108
13 79 108
13 79 108
13 105 15
19 27 27 108 27 105 11 108 13 105 11 57 27 27 108 79 108
79 105
79 57 79 105 11 58 79 79 105 79 105 15 14 27 27 108 41
19 19 77 127 108 12 79 105 11 203 121 149 27 35 107 27 105 13 105 13 27 105 13 105 13 105 13 108 19 21 79 105 13 109 13 109 11 57 109 13 32 27 35 107 27 105 13 105 13 105 13 108 79 105 13 57 27 35 107 27 105 13 105 12 105 13 27 105 13 105 12 105 13 27 105 13 105 11 105 13 27 105 13 105 11 105 13 27 105 13 105 13 108 105 11 105 12 27 35 107 27 105 13 50 62 2 105 13 27 105 13 47 60 2 105 13 105 13 108 50 62 47 60 8 8 2 42 2 41 2 41 18 2 8 41
79 105 13 57 27 35 107 27 105 13 105 13 105 13 105 13 108 105 11 16 27 27 108 19 41
79 105 11 58 79 57 79 105 79 105 79 105 79 79 79 105 15
22 19 19 106 27 27 108 27 105
13 32 27 105 13 86 79 105 35 107 86 79 105 79 105 79 105 79 105 15
13 32 86 27 105
13 32 86 35 19 20 107 86 27 105
13 32 86 27 105
13 32 100 35 27 107 108
27 27 108 107
19 19 27 35 107 27 105 13 105 12 105 13 27 105 13 105 12 105 13 27 105 13 105 11 105 13 27 105 13 79 105 13 27 105 13 105 11 105 13 105 13 108 79 105 11 58 79 105 11 58 79 58 108 13 107
20 19 27 35 107 27 105 13 105 13 27 105 13 105 13 105 13 108 57 27 22 105 11 84 27 20 105 11 108 13 86 27 105 11 108 13 86 27 105 11 108 13 86 79 86 27 105 11 108 13 86 27 35 107 27 105 13 77 105 13 105 13 108 27 35 107 27 105 13 79 105 13 105 13 108 27 35 107 27 105 13 79 105 13 105 13 108 27 35 107 27 105 13 79 105 13 105 13 108 27 35 107 27 105 13 79 105 13 105 13 108 108 13 107
105
106
13 105 11 105 79 19 105 79 105 11 57 105 11 58 108 13 86 79 105 11 58 79 105 11 57 19 108 13 86 79 105 13 109 13 109 11 57 109 13 32 27 51 79 23 19 8 110 41 14 105 15 108 13 86 41 79 79 79 19 105 13 79 105 11 203 121 79 105 11 122 8 110 41
79 105 86 27 35 107 27 105 13 105 12 105 13 27 105 13 105 12 105 13 27 105 13 105 11 105 13 105 13 108 79 105 12 105 12 105 11 77 47 60 77 23 79 110 24 105
27 35 107 27 105 13 105 13 105 13 108 107
79 105 11 57 27 19 108 13 105 106
106 107
13 105 13 105 105
35 29 107 57 105 105 22 105 27 108 13 57 27 19 36 105 13 19 19 32 105 13 57 27 19 36 19 29 72 105 13 19 36 19 72 105 105
27 105 13 32 57 27 36 72 108 13 35 29 107 27 105 105
106 35 107 105
106
