1 5 6
1 46 47
1 47 48
1 48 49
1 49 50
1 50 51
1 64 65
1 65 66
1 66 67
1 77 78
1 88 89
1 89 90
1 90 91
1 91 92
1 92 93
1 93 94
1 94 95
1 112 113
1 113 114
1 114 115
1 115 116
1 116 117
1 123 124
1 124 125
1 125 126
1 129 130
1 130 131
1 132 133
1 151 152
1 158 159
1 159 160
1 175 176
1 185 186
1 186 187
1 187 188
1 188 189
1 189 190
1 190 191
1 191 192
1 192 193
1 193 194
1 194 195
1 195 196
1 196 197
1 197 198
1 198 199
1 199 200
1 200 201
1 201 202
1 202 203
1 203 204
1 204 205
1 205 206
1 206 207
1 207 208
1 208 209
1 210 211
1 211 212
1 213 214
1 214 215
1 228 229
1 229 230
1 230 231
1 231 232
1 232 233
1 233 221
1 221 222
1 222 223
1 223 224
1 224 225
1 225 226
1 226 227
2 11 82
2 11 136
2 11 172
2 11 173
2 96 173
2 96 60
2 96 68
2 96 136
2 96 172
2 53 136
2 53 173
2 53 172
2 9 233
2 9 215
2 9 149
2 9 209
2 9 142
2 9 152
2 9 210
2 9 185
2 9 209
2 9 148
2 9 222
2 9 213
2 9 136
2 9 172
2 9 209
2 9 228
2 9 227
2 9 150
2 9 220
2 9 12
2 9 212
2 9 217
2 9 12
2 9 216
2 9 173
2 9 215
2 9 82
2 9 184
2 46 173
2 46 172
2 46 136
2 88 119
2 88 111
2 88 136
2 88 110
2 88 68
2 88 119
2 88 172
2 88 173
2 88 163
2 97 136
2 97 68
2 97 172
2 97 82
2 97 21
2 97 173
2 97 60
2 52 173
2 52 136
2 52 172
2 158 136
2 158 185
2 158 210
2 158 215
2 158 228
2 158 12
2 158 212
2 158 222
2 158 184
2 158 209
2 158 227
2 158 209
2 158 233
2 158 216
2 158 220
2 158 217
2 158 209
2 158 213
2 158 215
2 158 12
2 1 220
2 62 173
2 62 172
2 62 60
2 62 68
2 62 136
2 61 172
2 61 136
2 61 173
2 61 60
2 61 68
2 87 173
2 87 163
2 87 136
2 87 172
2 87 82
2 87 119
2 87 68
2 87 111
2 87 110
2 87 21
2 87 119
2 87 60
2 218 220
2 23 3
2 23 2
2 23 136
2 35 2
2 35 3
2 35 136
2 109 111
2 109 119
2 109 119
2 109 136
2 109 110
2 107 110
2 107 119
2 107 111
2 107 136
2 107 119
2 108 136
2 162 119
2 162 136
2 162 119
2 162 111
2 162 110
2 80 82
2 80 172
2 80 173
2 80 136
2 81 173
2 81 172
2 81 136
2 81 82
2 19 119
2 19 111
2 19 172
2 19 136
2 19 119
2 19 68
2 19 173
2 19 60
2 19 117
2 19 110
2 18 172
2 18 3
2 18 2
2 18 60
2 18 59
2 18 68
2 18 136
2 18 173
2 42 119
2 42 111
2 42 119
2 42 136
2 42 117
2 42 110
2 42 173
2 42 172
2 38 136
2 38 173
2 38 82
2 38 172
2 39 136
2 39 172
2 39 173
2 39 82
2 37 173
2 37 172
2 37 136
2 33 172
2 33 82
2 33 136
2 33 173
2 32 136
2 32 110
2 32 111
2 32 117
2 32 119
2 32 119
2 29 173
2 29 172
2 29 136
2 31 26
2 30 136
2 30 36
2 55 136
2 55 170
2 55 170
2 55 172
2 55 170
2 55 173
2 63 68
2 63 60
2 63 173
2 63 136
2 63 172
2 63 59
2 157 136
2 140 136
2 40 173
2 40 172
2 40 136
2 15 136
2 15 173
2 15 68
2 15 172
2 127 123
2 127 128
2 127 126
2 127 124
2 164 119
2 164 119
2 164 136
2 164 111
2 164 110
2 103 136
2 103 110
2 103 102
2 103 111
2 103 119
2 103 119
2 43 172
2 43 136
2 43 173
2 5 136
2 5 173
2 5 82
2 5 172
2 56 111
2 56 119
2 56 119
2 56 110
2 56 136
2 56 117
2 135 136
2 73 136
2 41 173
2 41 136
2 41 172
2 99 136
2 137 14
2 137 13
2 137 129
2 137 169
2 137 132
2 137 179
2 137 176
2 137 172
2 137 136
2 137 173
2 137 131
2 137 175
2 137 129
2 137 133
2 137 177
2 137 168
2 137 178
2 156 136
2 156 83
2 156 170
2 156 170
2 156 82
2 156 173
2 156 170
2 156 172
2 141 136
2 17 68
2 17 136
2 17 173
2 17 172
2 24 82
2 24 172
2 24 173
2 24 136
2 72 60
2 72 173
2 72 172
2 72 136
2 72 68
2 161 209
2 161 184
2 161 82
2 161 169
2 161 14
2 161 216
2 161 174
2 161 209
2 161 133
2 161 222
2 161 148
2 161 129
2 161 173
2 161 185
2 161 215
2 161 227
2 161 129
2 161 209
2 161 12
2 161 177
2 161 172
2 161 131
2 161 215
2 161 228
2 161 217
2 161 168
2 161 233
2 161 220
2 161 13
2 161 178
2 161 179
2 161 136
2 161 212
2 161 210
2 161 213
2 161 12
2 161 132
2 104 178
2 104 174
2 104 136
2 134 170
2 134 174
2 134 170
2 134 172
2 134 129
2 134 136
2 134 131
2 134 132
2 134 13
2 134 83
2 134 179
2 134 178
2 134 82
2 134 173
2 134 133
2 134 177
2 134 14
2 134 129
2 134 169
2 134 168
2 134 170
2 25 136
2 25 173
2 25 172
2 25 82
2 165 170
2 165 170
2 165 170
2 154 136
2 154 171
2 153 171
2 153 136
2 181 209
2 181 12
2 181 213
2 181 215
2 181 209
2 181 217
2 181 210
2 181 209
2 181 216
2 181 12
2 181 212
2 181 233
2 181 136
2 181 215
2 181 222
2 181 228
2 181 184
2 181 185
2 181 220
2 181 227
2 74 136
2 100 136
2 121 136
2 121 173
2 121 172
2 28 136
2 105 136
2 105 174
2 105 178
2 106 119
2 106 110
2 106 136
2 106 119
2 106 111
2 16 173
2 16 68
2 16 172
2 16 136
2 69 173
2 69 68
2 69 82
2 69 78
2 69 83
2 69 64
2 69 67
2 69 59
2 69 77
2 69 172
2 69 136
2 69 60
2 69 64
2 69 70
2 69 64
2 155 82
2 155 173
2 155 172
2 155 136
2 143 169
2 143 173
2 143 174
2 143 178
2 143 129
2 143 13
2 143 132
2 143 179
2 143 129
2 143 168
2 143 131
2 143 133
2 143 136
2 143 177
2 143 14
2 143 139
2 138 123
2 138 128
2 138 126
2 138 124
2 75 136
2 71 68
2 71 60
2 71 173
2 71 136
2 71 172
2 101 110
2 101 136
2 101 111
2 101 119
2 101 119
2 57 173
2 57 82
2 57 136
2 57 172
2 219 220
2 144 173
2 144 172
2 144 82
2 144 136
2 146 173
2 146 136
2 145 136
2 147 136
2 147 172
2 147 173
2 147 184
2 147 82
2 22 136
2 98 76
2 86 136
2 86 60
2 86 173
2 86 172
2 86 68
2 8 136
2 8 82
2 8 172
2 8 173
2 7 172
2 7 173
2 7 136
2 7 82
2 54 54
2 45 136
2 45 173
2 45 172
2 34 82
2 34 172
2 34 173
2 34 136
2 27 173
2 27 136
2 27 172
2 27 82
2 58 136
2 58 173
2 58 60
2 58 68
2 58 172
2 58 59
3 11 84
3 53 44
3 9 84
3 9 151
3 9 150
3 46 51
3 88 95
3 52 44
3 158 160
3 87 85
3 109 118
3 162 118
3 19 112
3 19 118
3 19 119
3 19 122
3 19 20
3 42 120
3 42 44
3 42 118
3 42 119
3 42 122
3 42 112
3 32 120
3 32 112
3 32 118
3 32 119
3 32 122
3 157 183
3 40 44
3 180 182
3 164 118
3 43 44
3 5 6
3 56 112
3 56 118
3 56 119
3 56 122
3 56 120
3 166 167
3 41 44
3 106 118
3 106 119
3 106 122
3 143 139
3 101 118
3 101 119
3 101 122
3 144 84
3 146 79
3 146 84
3 145 84
3 147 84
3 8 84
4 122 88
4 120 9
4 10 4
4 79 88
