79 93 51 19 57 105
86 35 107 27 105 27 105 27 105 79 79 105
13 107 86 79 105 13 19 105 79 105
106 22 105
35 107 27 105 79 79 108
11 105
106
79 105
106 93 19 108
109 11 21 52 35 29 107 105
106 79 105
35 107 105 13 57 32 19 105 27 105 27 27 105 105 13 105 105 13 105 20 105 11 55 20 53 2 57 105 2 16 35 27 107
19 80 57 79 109 11 57 2 16 79 105 13 79 109 13 109 11 57 109 13 32 105 13 57 22 105
105 13 27 105 13 27 19 36 19 29 72 105 13 19 36 19 72 105 13 32 18 14 19 41
79 105
79 105
79 105
19 19 79 105
19 35 27 107 105 13 27 105 79 108
13 105
13 105 13 107 86 79 22 105 105
105 13 93 52 35 27 107 105 13 105 105 13 27 105 11 57 79 105
106
79 105
79 79 105
11 105 27 105 27 79 105 27 79 105 27 77 105 27 80 105 27 80 105 18
19 79 105
79 79 79 19 105
106
33 58 106
106
19 19 107
19 19 106
79 105
106
35 107 86 35 79 35 107
106
106
106
79 105
79 79 105
79 79 3 109 13 32 105
79 79 105
13 105
108
19 19 19 19 105
106 105
13 27 19 105 11 57 19 105
105
13 20 20 105 58 108
13 35 27 107 105
19 106 108
19 19 106 79 57 79 58 57 105
106 79 57 27 79 105 79 57 27 79 105 15
111 80 57 79 58 15 105
79 108
79 79 19 87 79 79 77 91 51 79 79 79 79 79 79 105
79 79 57 79 79 109
79 105 15
79 105 15
79 57 79 109
35 27 107 105 13 27 105 13 105 13 27 105 79 57 57 105 11 79 108
86 79 57 79 109
13 35 107 105 11 57 19 9 86 19 105 19 105 19 105 18 110 13 105 105 11 19 105 13 35 107 20 36 9 19 35 107 9 105 13 27 9 105 13 105 13 35 107 105 13 27 9 105 13 105 13 19 9 105 13 3 2 2 3 9 105 11 62 9 80 3 57 20 9 3 105 169 123 6 26 166 123 6 167 6 130 53 58 57 19 35 108 13 112 35 9 9 9 9 107
110 209 3 53 9 79 57 35 108 13 9 107 35 9 9 107
9 105 2 2 41 9 80 58 62 35 9 108
13 107 105 27 19 9 86 105 105 105 42 14 42 35 9 108
11 57 35 107 105 15
79 79 79 79 79 108
13 107 105 35 27 107 105 13 27 105 13 105
79 105
19 79 108
79 77 105
79 77 105
79 108
27 77 105 27 77 105 27 79 105 27 79 105 27 80 105 27 80 105 27 77 105 15
13 35 107 105 11 57 19 105 19 105 19 105 18 105 13 35 107 20 36 35 107 105 13 27 105 13 105 13 19 105 13 105 11 62 19 105 41 14 27 27 108 13 105 13 108 35 35 107 105 13 27 105 13 105 13 108
13 107 105 105 105 105 8 41 35 35 107 105 13 27 105 13 105 13 108
11 105 21 105 105
106 35 27 107 105 13 27 105 79 19 105 79 35 107
106 35 27 107 105 13 27 105 13 105 13 27 105 79 19 105 79 35 107
11 57 27 105 13 32 105 13 57 105 11 57 2 41 14 93 27 105 13 27 108
15 35 107 35 107 93 105 11 57 20 98 105 13 19 105 105 13 19 105 105 13 19 105 35 107 105 35 107
27 35 107 27 105 27 105 105 13 19 105
13 108
79 105
106 80 57 107
20 19 19 105
106 105
13 27 105 11 105
105
13 27 105 11 58 57 105
13 105 105
13 27 105 11 87 58 58 108
13 35 27 107 105
19 106 80 58 79 105
106 77 19 52 77 80 108
106 80 58 79 105
79 105
79 105
79 105
35 79 107 86 35 79 107 86 79 35 107 105 79 35 107 105 79 105 13 105 79 105 79 105 79 79 105
79 109 15
19 80 57 79 35 107 79 105 13 79 19 108
79 79 108
79 80 58 35 93 107
35 27 107 105 13 27 105 80 58 80 58 79 105 11 57 57 108
35 27 107 105 13 27 105 13 105 13 27 105 107
19 19 35 27 107 105 13 27 105 108 12 78 149 125 22 194 108 13 85 79 79 105 79 22 108 13 105 86 105 13 108
19 105 13 105
19 19 19 36 27 72 27 72 19 27 72 19 27 72 19 27 72 105 13 105
13 105
113
11 57 57 27 9 105 11 58 110 13 110 13 105 11 58 93 27 35 27 107 9 105 13 27 105 13 9 105 13 105 13 9 9 108
9 9 9 108
57 114 15 9 33 57 9 32 19 108
35 112 93 58 91 20 53 35 21 9 107 100 93 19 105 93 27 105 93 19 105 93 19 105 93 35 9 107
11 58 33 58 22 35 27 108 13 107 105 108
35 27 108 13 107 35 107 27 19 105 105 57 105 13 19 105
13 108 13 105 41 14 105
79 105
11 105 27 19 105 105
27 105 13 105 11 105
27 105 13 105
27 105 13 105
27 105 11 105
105 13 27 105 11 57 27 105 13 32 79 79 105
11 57 79 57 79 57 79 105 79 79 105 19 86 15 14 35 27 107 105 13 105 41
11 57 105 13 57 33 57 32 105 11 108 13 108
13 105
105 11 108 13 108
13 27 105 11 57 105 13 57 105
105 13 105 13 57 108
20 108 79 105
30 79 77 209 84 58 79 79 79 79 27 19 108
11 57 91 20 53 105 13 41 8 41 14 35 27 107 105 13 105 41
79 105
79 105
35 27 107 35 27 27 107 105 105 13 19 105
108
79 108
105
35 79 107
35 27 107 105 13 105 13 105 13 27 105 13 105 13 27 105 108
35 27 107 105 13 105 13 105 13 27 105 108
35 27 107 105 13 105 13 105 13 27 105 108
35 27 107 105 13 105 13 105 13 27 105 108
35 79 107 79 27 105 13 105 13 108
19 105 13 20 105
42 35 27 107 105 105 13 19 105
19 105 13 35 27 27 108 13 107 19 105
13 57 79 79 19 105
79 108
79 27 108
79 108
79 108
108 12 24 180 108
108
35 107
108
79 105
19 19 35 27 107 105 13 27 105 94 58 80 58 87 79 105
13 107 86 79 105 13 19 105 79 105 13 19 105 79 105 13 19 105 79 105 13 19 105 79 105 13 19 105 91 20 53 79 105 13 19 105 79 35 105
105 11 44 15 79 57 79 105 11 57 79 105
79 79 108
79 108
35 27 107 27 105 105 13 19 105
19 19 57 58 18 91 20 54 57 105 13 41 27 108
11 57 105 13 57 109 13 109 11 57 109 13 32 105 11 57 105 13 105 13 108 13 27 19 105 13 19 105 13 105 13 105 13 108 13 27 19 105 13 19 105 13 105 13 108 11 108 13 18 14 8 41 8 41
19 35 107 105 13 32 105 105 13 35 107 35 107
209 41 105 15
11 57 27 109 41 109 13 32 105 13 57 109 41 14 41 8 41 14 41 14 41
13 41 105 13 57 105 11 57 105 13 105 13 27 105 13 105 11 58 27 41 105 13 27 105 13 105 11 58 108
13 57 108 13 105 13 105 105 13 35 107
13 57 34 62 105 13 105 57 105 105 105 11 20 51 35 107 27 105 13 105 13 20 105 105 13 57 35 107 20 36 35 35 27 107 107 105 11 51 19 105 41 14 8 8 2 8 35 107 27 105 13 105 13 105 35 105 13 107
40 14 8 8 57 105 57 105 40 14 8 57 105 105 40 14 8 8 2 8 41 105 13 105 35 105 13 107 40 14 41 105 13 57 35 107 20 36 35 35 27 107 107 105 11 51 19 105 41 105 13 57 105 57 105 18 14 41 14 41 14 8 8 8 8 41 14 8 8 8 41 14 8 2 8 8 2 42 14 8 2 8 8 2 42 14 41 14 41 14 42
11 57 105 13 57 105 11 57 105 11 108 13 18 19 41
20 35 107 105 13 32 27 27 105 108
11 57 105 13 27 105 13 32 105 13 57 105 11 19 108 11 108 13 105
77 44 106 15 79 105
108
19 79 30 79 105 11 61 31 15 36 79 105 79 105 31 2 34 54 65 2 79 105 11 54 79 105 13 32 79 79 79 105
12 105 93 79 22 108
27 105 13 32 79 105 15
91 20 53 105 13 57 108
13 32 33 57 32 105 13 27 108
105 11 108 13 57 9 79 27 108
91 20 53 105 13 57 108
13 32 33 57 32 105 13 27 108
105 11 108 13 108
13 27 108
105
13 93 9 79 108
13 108 13 27 108
105 13 77 122 77 194 129 77 122 77 162 129 198 198 196 108 12 26 48 62 19 57 27 35 105 13 27 108
27 108
91 108 13 93 27 108
93 27 108
93 27 108
9 79 105 13 27 108
27 108
27 9 108
9 79 27 9 108
35 9 107
110
13 27 9 108
27 27 27 112
18 79 8 42 27 42 27 42 19 2 42 19 42 33 57 32 105 13 27 108
105 11 42 105 13 33 57 32 105 11 42 33 57 32 105 11 42 19 42 27 42 19 42 105 13 33 57 32 105 11 42 19 42 27 42 14 105 13 58 27 42 19 42 27 42
105 13 57 32 27 27 105 57 27 93 108
13 105 27 105 19 105 27 27 105 93 105 13 27 108
34 105 21 105 35 105 13 107 105 105 20 105 11 55 20 53 2 105 57 105 2 16 14 105 13 105 13 27 108 41 14 8 57 105 57 105 40 14 8 57 105 57 105 2 41 35 27 107
105 13 57 32 27 27 105 57 27 93 108
13 105 27 105 19 105 19 105 93 105 13 27 108
34 105 27 27 105 21 105 35 105 13 107 105 105 105 11 20 52 35 107 35 105 13 107 35 35 107 107 35 107
27 105 13 57 32 105 13 86 79 57 105 11 87 79 57 80 57 105 11 52 2 87 79 57 80 57 105 11 58 87 80 57 79 57 105 13 57 86 15 35 27 107
35 79 107 105 13 27 108
107
79 108
13 107 20 91 53 19 19 105 20 91 53 108 13 105 108 13 19 105 105 13 27 108
93 108
86 108 12 79 32 105 108 12 149 79 32 27 105 13 57 93 27 108
105
11 58 35 107 105 13 105 13 27 105 13 105 13 105 13 27 108
27 108
11 58 35 107 20 105 13 105 13 105 13 105 13 105 13 79 32 105 13 27 109 13 32 35 79 32 105 11 20 8 112
79 32 105 11 20 55 20 53 79 32 105 13 27 108
19 86 35 107 105 13 57 32 19 105 78 124 203 105 78 124 203 105 27 93 79 108
13 105 79 57 109 13 109 13 109 11 57 109 13 32 109 13 32 109 13 109 11 57 109 13 32 109 13 32 105 41 14 8 35 23 19 19 19 105 13 8 112
79 32 57 105 42 79 105 13 27 108
109 13 27 108
109 11 217 57 27 35 108
11 107 109 13 109 11 57 109 13 32 105 13 109 41 14 8 79 32 57 105 40 109 13 109 11 57 109 13 109 11 57 109 13 32 32 35 107 105 13 27 105 13 105 13 105 13 41 32 105 79 105 13 105 79 93 105 11 63 19 51 19 52 19 105 93 86 105 13 19 35 27 107 19 79 105 93 108
