109
13 32 27 105 11 57 79 108
20 19 79 52 35 29 107 19 105
109
9 79 108
19 79 108
11 57 79 108
13 27 19 108 13 105 27 27 108 79 108
13 27 23 22 79 108
13 110 57 79 108
11 57 79 108
13 27 108 13 105 27 27 108 79 79 27 105
13 32 108
79 108
13 27 105 11 79 108
13 27 105 11 58 57 79 108
13 84 79 19 108
57 79 108
109
19 22 22 19 19 79 52 35 29 107 105
19 21 21 20 19 105 11 79 77 194 22 194 127 105 11 79 77 194 22 194 127 105 11 58 59 59 77 54 77 53 16 79 105 11 57 84 77 105
79 105 2 41 79 105 11 57 19 84 41 79 105 11 57 19 84 41 79 105 11 57 19 84 41 79 105 11 57 19 84 41 79 105 11 57 19 84 41 84 79 105 41 105 11 52 77 57 79 105 59 59 77 54 77 53 84 41 79 105 11 57 77 52 35 29 107 105
77 62 79 108
13 109 13 108
79 108
13 108
13 27 79 108
13 108
13 79 109 79 108
13 108
13 109 35 79 108
13 29 107 79 108
13 105
13 108
13 79 108
13 108
13 79 77 105
13 32 105
13 86 79 108
13 79 108
13 108
23 108 12 79 108
11 105
35 79 29 107 79 105
13 78 149 23 50 62 79 108
13 85 79 105
15 79 108
11 58 79 108
13 85 79 108
13 105 11 79 108
13 105 11 53 79 108
13 79 108
79 108
13 32 86 79 57 79 21 27 105 13 86 79 105 15
23 85 19 84 35 107 105 13 32 86 85 35 78 130 107 86 79 105 79 105 13 86 19 77 57 77 58 19 84 79 105 15 78 78 197 25 48 62 20 36 79 105 11 19 52 19 36 19 20 108 13 72 105
13 32 105 13 105 11 16 14 19 41
27 27 108 79 105 15
13 32 105 13 105 11 108 13 86 79 79 34 79 79 34 169 36 86 79 79 34 79 79 34 169 36 86 79 79 79 35 27 107 79 79 105 13 105 13 105
19 79 52 79 27 86 79 109 13 86 79 27 79 79 109 79 109 107
109
109
20 79 52 79 105 13 109 13 105 11 58 15 54 79 79 79 35 27 107 79 79 105 13 105 13 105
19 36 105
42 14 105 42 79 52 35 29 107 105
11 105 13 107
41 35 79 107
19 36 105
41 14 105 41 79 52 79 105 13 109 13 105 11 79 105 13 109 13 105 11 57 57 54 79 79 79 35 27 107 79 79 105 13 105 13 105
11 105 13 107
42 79 105 13 109 13 105 11 19 51 79 79 79 35 27 107 79 79 105 13 105 13 105
11 105 13 107
42 35 79 107
