19 79 108
13 91 108 13 108
79 108
13 105 15 1 39
13 27 105 79 108
13 79 108
13 105 79 108
13 27 105 79 108
13 36 39 105 79 108
13 105 79 108
13 35 107 105 79 108
13 105 79 79 105
19 79 108
13 91 108 13 108
79 108
13 105 15 1 39
13 27 105 79 108
13 79 108
13 105 79 108
13 27 105 79 108
13 36 39 105 79 108
13 105 79 108
13 35 107 105 79 108
13 105 79 79 105
19 79 108
13 79 105
13 29 105 79 79 108
13 105
79 108
13 79 105
13 29 105 79 79 108
13 105
79 79 105
13 91 108 13 108
79 108
13 105 15
19 79 108
13 105 79 108
13 19 105 79 108
13 35 107 105 79 108
13 105 79 79 105
13 91 108 13 108
79 108
13 105 15 39
13 79 105
13 29 105 79 79 108
13 105
79 108
13 79 108
13 105 79 108
13 27 105 79 108
13 36 39 105 79 108
79 108
13 79 105
13 29 105 79 79 108
13 105
79 108
13 79 105
13 29 105 79 79 108
13 105
79 108
13 79 105
13 29 105 79 79 108
13 105
79 108
13 79 105
13 29 105 79 79 108
13 105
79 79 108
13 105
79 108
13 79 105
13 29 105 79 79 108
13 105
79 108
13 79 105
13 29 105 79 79 108
13 105
79 79 105
13 91 108 13 108
79 108
13 105 15
19 79 108
13 105 79 108
13 35 107 105 79 108
13 105 79 79 105
13 91 108 13 108
79 108
13 105 15 39
13 79 105
13 29 105 79 79 108
13 105
79 108
13 79 108
13 105 79 108
13 27 105 79 108
13 36 39 105 79 108
79 108
13 79 105
13 29 105 79 79 108
13 105
79 79 105
13 91 108 13 108
79 108
13 105 15
19 79 108
13 105 79 108
13 19 105 79 108
13 35 107 105 79 108
13 105 79 79 105
13 91 108 13 108
79 108
13 105 15 39
13 79 105
13 29 105 79 79 108
13 105
79 108
13 79 108
13 105 79 108
13 27 105 79 108
13 36 39 105 79 108
79 108
13 79 105
13 29 105 79 79 108
13 105
79 79 105
13 91 108 13 108
79 108
13 105 15
13 29 105 79 105
106 91 105
19 35 79 105
13 29 107 21 105 27 79 108
13 105 79 105
13 20 22 108
