1 5 6
1 7 12
1 12 13
1 13 14
1 14 15
1 15 16
1 16 17
1 17 18
1 18 19
1 19 8
1 8 9
1 9 10
1 10 11
1 20 22
1 22 23
1 23 24
1 24 25
1 25 26
1 26 27
1 27 28
1 28 29
1 29 21
1 30 31
1 32 33
1 33 34
1 34 35
1 35 36
1 36 37
1 37 38
1 39 40
1 40 41
1 46 47
1 48 49
1 52 53
1 54 61
1 61 62
1 62 63
1 63 64
1 64 65
1 65 66
1 66 67
1 67 68
1 68 55
1 55 56
1 56 57
1 57 58
1 58 59
1 59 60
1 69 80
1 80 91
1 91 102
1 102 113
1 113 117
1 117 118
1 118 119
1 119 120
1 120 70
1 70 71
1 71 72
1 72 73
1 73 74
1 74 75
1 75 76
1 76 77
1 77 78
1 78 79
1 79 81
1 81 82
1 82 83
1 83 84
1 84 85
1 85 86
1 86 87
1 87 88
1 88 89
1 89 90
1 90 92
1 92 93
1 93 94
1 94 95
1 95 96
1 96 97
1 97 98
1 98 99
1 99 100
1 100 101
1 101 103
1 103 104
1 104 105
1 105 106
1 106 107
1 107 108
1 108 109
1 109 110
1 110 111
1 111 112
1 112 114
1 114 115
1 115 116
1 121 122
2 7 42
2 7 44
2 39 42
2 39 44
2 39 44
2 52 53
2 52 53
2 69 116
2 20 43
2 20 44
2 20 44
2 20 42
2 45 51
2 32 44
2 32 42
2 32 44
2 48 49
3 1 50
3 7 11
3 2 3
3 2 4
3 39 41
3 20 21
3 54 60
3 32 38
3 5 6
3 30 31
3 48 49
3 46 47
3 121 122
