105 11 19 52 79 21 105 23 108 35 79 29 107 27 79 77 105 79 105
79 105 79 105 79 21 21 105
19 105 11 19 52 79 21 105 79 21 105 79 84 23 108 35 79 29 107 27 79 77 105 79 105
79 105 79 105 79 21 21 105
19 105 11 52 79 22 105 79 21 105 79 84 23 108 35 79 29 107 27 79 77 105 79 105
79 105 79 105 79 21 21 105
106 22 105
105 11 19 52 79 21 105 23 108 35 79 29 107 79 105
79 105 79 105
106 21 105
21 108 13 105 21 105
19 105 11 19 52 79 84 79 105
19 105 11 19 52 79 84 79 105
27 27 108 79 105 79 105 79 105
27 27 108 105 79 77 19 52 79 105
79 79 105 79 19 84 79 105
15 79 105 35 29 107 105
106 21 105
79 19 105 79 19 105 27 35 27 107 77 105 13 105 13 108 79 77 63 108 13 86 79 105 19 84 79 35 107
77 57 79 105 79 105 21 108 13 105 35 107
15 79 105 79 105 35 29 107 105
