1 3 4
1 14 15
1 15 16
1 16 17
1 17 18
1 18 19
1 27 28
1 28 29
1 29 30
1 30 31
1 31 32
1 32 33
1 33 34
1 34 35
1 36 37
1 37 38
1 38 39
1 67 68
1 68 69
1 69 70
1 78 79
1 79 80
1 83 84
1 84 85
1 85 86
1 86 87
1 87 88
1 88 89
1 89 90
1 90 91
1 91 92
1 92 93
1 93 94
1 94 95
1 95 96
1 96 97
1 97 98
1 98 99
1 99 100
1 100 101
1 101 102
1 102 103
1 103 104
1 104 105
1 105 106
1 106 107
1 107 108
1 108 109
1 109 110
1 110 111
1 111 112
1 112 113
1 113 114
1 114 115
1 115 116
1 116 117
1 117 118
1 118 119
1 119 120
1 120 121
1 121 122
1 122 123
1 123 124
1 124 125
1 125 126
1 126 127
1 127 128
1 128 129
1 129 130
1 130 131
1 131 132
1 132 133
1 133 134
1 134 135
1 135 136
1 136 137
1 137 138
1 138 139
1 139 140
1 140 141
1 141 142
1 142 143
1 143 144
1 144 145
1 145 146
1 161 162
1 164 165
1 165 166
1 192 193
1 193 194
1 194 195
1 195 196
1 196 197
1 199 200
1 200 201
2 46 63
2 2 62
2 6 5
2 198 154
2 198 163
2 198 63
2 167 167
2 20 154
2 20 163
2 20 19
2 20 63
2 20 14
2 153 63
2 153 163
2 153 154
2 64 154
2 64 163
2 64 63
2 76 163
2 76 154
2 76 63
2 7 154
2 7 174
2 7 173
2 7 172
2 7 178
2 7 175
2 7 176
2 7 170
2 7 163
2 7 63
2 7 171
2 7 177
2 10 154
2 10 163
2 10 63
2 77 63
2 77 154
2 77 163
2 77 155
2 77 62
2 77 149
2 43 63
2 43 163
2 43 154
2 82 62
2 75 154
2 75 63
2 75 163
2 8 163
2 8 83
2 8 146
2 8 62
2 8 154
2 8 63
2 66 154
2 66 163
2 66 63
2 57 154
2 57 63
2 57 163
2 48 154
2 48 163
2 48 63
2 60 154
2 60 163
2 60 63
2 51 154
2 51 163
2 51 63
2 50 63
2 50 163
2 50 154
2 179 163
2 179 63
2 179 154
2 180 63
2 180 154
2 180 163
2 42 154
2 42 63
2 42 163
2 182 163
2 182 154
2 182 63
2 41 63
2 41 163
2 41 154
2 56 163
2 56 154
2 56 63
2 181 63
2 181 163
2 181 154
2 49 163
2 49 63
2 49 154
2 12 154
2 12 63
2 12 163
2 52 163
2 52 154
2 52 63
2 44 154
2 44 63
2 44 163
2 47 163
2 47 63
2 47 154
2 183 163
2 183 63
2 183 154
2 73 163
2 73 63
2 73 154
2 71 63
2 71 154
2 71 163
2 74 163
2 74 154
2 74 63
2 160 154
2 160 148
2 160 163
2 160 63
2 160 150
2 157 154
2 157 63
2 157 163
2 156 150
2 156 63
2 156 163
2 156 148
2 156 154
2 158 154
2 158 163
2 158 63
2 159 63
2 159 163
2 159 154
2 168 163
2 168 173
2 168 174
2 168 171
2 168 154
2 168 175
2 168 172
2 168 176
2 168 177
2 168 63
2 168 170
2 168 178
2 151 63
2 151 163
2 151 154
2 58 63
2 58 62
2 58 154
2 58 54
2 58 163
2 53 154
2 53 62
2 53 163
2 53 63
2 65 163
2 65 154
2 65 63
2 22 24
2 22 23
2 36 62
2 147 63
2 147 154
2 147 163
2 45 63
2 45 154
2 45 163
2 55 163
2 55 62
2 55 63
2 55 154
2 72 63
2 72 154
2 72 163
2 81 63
2 81 154
2 81 163
3 199 201
3 2 61
3 161 162
3 192 197
3 191 187
3 191 188
3 191 189
3 185 184
3 3 4
3 9 152
3 9 40
3 76 152
3 10 13
3 10 21
3 82 61
3 82 1
3 78 80
3 164 166
3 160 11
3 160 13
3 160 21
3 169 11
3 169 13
3 169 21
3 59 61
3 36 39
3 27 35
3 26 25
3 67 70
4 189 186
4 197 190
