13 19 105
105
108
13 79 105
93 57 29 105 13 93 105 13 105 13 32 86 15 14 27 108
35 107 100 35 107
19 19 79 79 80 57 79 79 79 57 19 79 79 79 57 108
19 93 105
79 108
108
19 19 8 8 8 8 8 8 9 9 112
108
16 79 57 79 105
79 105 79 105 11 108
13 109
12 107
11 57 79 105 11 52 108
13 109
12 181 23 50 62 79 105 107
22 22 77 108
15 35 107 27 105 27 79 80 105 27 105 108
19 35 79 105 13 107
79 105 13 27 105 13 27 19 36 19 93 72 19 29 72 19 29 72 105 13 79 105 13 19 36 19 108 13 72 19 72 19 72 105 13 32 105 11 16 14 80 57 27 108
79 105 13 27 105 13 27 19 36 19 29 72 105 13 19 19 36 19 72 105 13 86 15 14 80 57 27 108
27 105 93 35 107
79 30 79 105
79 105
79 105
13 86 79 79 105 13 79 109
13 79 105
13 27 105 13 8 32 8 58 108
13 105
11 79 109
79 109
13 19 19 105
27 108
79 105
108
13 79 105
35 27 107 27 105 19 105
108
79 57 79 77 20 53 79 108 11 58 35 35 79 107
19 35 79 107 79 34 105 79 105 58 79 108
108
79 79 105
106 108
108
108
108
108
108
108
77 44 27 35 107 27 105 13 77 105 13 105 13 108 15 79 108
35 27 107 27 105 105
105 13 19 57 105 13 27 105 11 57 105
108
108
19 19 19 79 79 105 11 77 51 107
77 44 19 16 79 32 79 30 105
93 108
13 19 8 8 8 112
20 19 19 19 19 105 13 20 105
40 105 13 79 105 13 105 13 32 105
79 105
79 79 108
79 79 79 108
79 105
13 108
13 79 108
13 105
79 27 105
79 19 105
79 108
79 27 105
19 19 108
19 79 79 105
79 108 13 108
108
13 79 108
13 35 27 107 27 105 13 27 79 105 13 27 108
79 108
29 30 108
13 105
13 108
13 108
13 105
13 108
13 108
13 105
13 108
13 108
13 105
13 108
13 108
13 105
13 108
13 108
13 105
13 108
13 108
13 105
13 108
13 108
13 105
13 108
13 108
13 105
13 108
13 108
13 105
13 108
13 9 108
13 9 105
13 108
13 9 108
13 9 105
13 108
13 9 108
13 9 105
13 108
13 9 108
13 20 3 36 9 9 9 105 13 100 108
13 108
13 20 3 36 9 9 105 13 100 108
13 108
13 19 36 105 13 100 108
13 108
13 19 36 19 29 72 105 13 100 108
13 108
13 19 36 19 29 72 19 29 72 105 13 100 108
13 108
13 19 36 19 29 72 105 13 100 108
13 108
13 19 36 19 29 72 105 13 100 108
13 108
13 19 36 19 29 72 105 13 100 108
13 108
13 19 36 19 29 72 105 13 100 108
13 108
13 19 36 19 29 72 105 13 100 108
13 108
13 19 36 19 29 72 9 105 13 100 108
13 108
13 19 36 19 29 72 9 105 13 100 108
13 108
13 19 36 19 29 72 105 13 100 105 13 105 35 27 27 105 13 107 105 15 14 105 13 105 35 27 27 105 13 107 105 40 14 35 107
19 105
79 105 13 105
15 27 105 13 105 11 57 8 41 105 13 32 108
19 22 105 13 58 18 105
105
35 27 108 13 107 22 105
106 15 14 108
35 107 105 13 105 13 18
35 79 107 105 13 32 79 108 11 57 108
35 107 27 105 13 105 13 105 13 108
79 30 80 57 27 108
60 115 209 93 34 54 93 115 209 65 79 109
57 105 11 59 93 34 54 93 65 79 109
19 35 107 27 105 13 105 13 105 13 108
79 57 108
11 58 79 105
19 19 19 107 35 107 86 87 27 86 84 84 84 84 86 86 87 84 86 86 86 105
35 27 107 108 13 105 108
13 105
13 105
79 32 35 105 13 107 79 109
35 107 105 13 27 105 11 58 106
35 107 27 105 13 105 13 105 13 108
57 105 209 2 41 14 8 57 105 57 105 41 14 41 14 57 105 40 14 31 40 14 41 14 41 14 8 8 8 41 14 41
13 105 11 57 78 78 181 85 109 209 78 121 180 125 77 122 21 193 47 60 94 57 27 19 36 108 13 72 78 149 108 13 72 108 12 181 108 13 72 108
35 107 40 14 105 11 58 27 19 36 19 105 13 72 108
13 105 11 107
79 109
105 13 105
13 105 35 105 13 107 105 105 15 27 105 41 27 105 41 27 105 108
105 13 32 18
13 105 35 105 13 107 105 105 15
108
108
108
108
108
40 35 107
105
19 19 19 106 35 107 35 107 27 105 105 105 93 86 35 107 86 27 105
35 27 107 27 105 22 105 27 93 105 27 93 105 27 108
35 107 27 105 13 93 105 13 105 13 108 13 35 27 107 105
35 29 107 105
106 21 105
19 79 105 11 57 16 109 11 44 106 11 41 107
19 19 35 107 2 2 79 79 105 11 54 35 107 79 79 105 13 32 105 13 105 13 79 79 105 13 32 105 11 57 27 2 27 105 35 107
105
105
105 209 2 41 27 41 57 79 105
13 93 108 13 105 58 35 79 29 107 79 105
79 105
79 108
93 86 93 86 93 86 79 58 35 105
13 29 107 105
13 105 105
