1 4 5
1 5 6
1 12 13
1 13 14
1 14 15
1 15 16
1 16 17
1 17 18
1 19 20
1 21 23
1 23 24
1 24 25
1 25 26
1 26 27
1 27 28
1 28 29
1 29 30
1 31 32
1 32 33
1 33 34
1 34 35
1 35 36
1 40 41
1 43 44
1 50 51
1 51 52
1 52 53
1 56 67
1 67 75
1 75 76
1 76 77
1 77 78
1 78 79
1 79 80
1 80 81
1 81 57
1 57 58
1 58 59
1 59 60
1 60 61
1 61 62
1 62 63
1 63 64
1 64 65
1 65 66
1 66 68
1 68 69
1 69 70
1 70 71
1 71 72
1 72 73
1 73 74
1 82 83
1 83 84
1 84 85
1 85 86
1 86 87
1 87 88
1 88 89
1 95 96
1 100 101
1 101 102
1 102 103
1 108 109
1 109 110
1 110 111
1 111 112
1 112 113
1 114 125
1 125 132
1 132 133
1 133 134
1 134 135
1 135 136
1 136 137
1 137 138
1 138 115
1 115 116
1 116 117
1 117 118
1 118 119
1 119 120
1 120 121
1 121 122
1 122 123
1 123 124
1 124 126
1 126 127
1 127 128
1 128 129
1 129 130
1 130 131
1 139 140
1 141 142
1 142 143
1 144 145
1 145 146
1 149 150
1 150 151
1 151 152
1 155 158
1 158 159
1 159 160
1 160 161
1 161 162
1 162 163
1 163 164
1 164 165
1 165 156
1 156 157
1 166 177
1 177 188
1 188 190
1 190 191
1 191 192
1 192 193
1 193 194
1 194 195
1 195 167
1 167 168
1 168 169
1 169 170
1 170 171
1 171 172
1 172 173
1 173 174
1 174 175
1 175 176
1 176 178
1 178 179
1 179 180
1 180 181
1 181 182
1 182 183
1 183 184
1 184 185
1 185 186
1 186 187
1 187 189
1 196 197
1 198 199
2 42 40
2 45 43
2 45 44
2 21 3
2 21 2
2 12 18
2 12 94
2 12 94
2 56 74
2 56 91
2 1 2
2 1 3
2 104 104
2 104 104
2 107 107
2 107 107
2 11 9
2 11 8
2 155 94
2 155 9
2 155 94
2 155 8
2 141 3
2 141 2
2 99 40
2 99 41
2 114 53
2 114 131
2 114 49
2 105 43
2 105 44
2 108 2
2 100 102
2 100 103
2 92 8
2 92 9
2 106 106
2 106 106
2 153 8
2 153 9
2 166 54
2 147 8
2 147 9
2 148 8
2 148 9
2 93 9
2 93 8
2 154 9
2 154 8
2 98 97
2 39 37
2 39 38
3 21 30
3 56 91
3 4 6
3 11 31
3 155 157
3 141 143
3 114 50
3 108 113
3 92 31
3 198 199
3 153 31
3 166 178
3 147 31
3 196 197
3 148 31
3 144 146
3 93 31
3 154 31
3 149 152
3 82 90
3 82 89
3 139 140
3 19 20
3 95 96
4 89 47
4 36 12
4 189 55
4 89 48
4 1 7
4 20 56
4 22 7
4 89 46
5 20 10
