35 29 107 105
13 19 105
13 105 13 19 35 27 107 105
19 106 80 57 107
107
77 19 51 77 19 52 35 27 29 107 108 13 35 29 107 105 13 27 105 105
106 15
13 35 27 107 19 105
13 105 13 19 35 27 107 105
106
19 106 77 19 52 19 87 105
19 19 105
13 108 13 27 109 11 57 87 21 105
106 105
13 21 105 91 20 55 87 91 20 53 87 105
13 27 105 13 109 13 27 27 109 13 27 105 11 57 79 27 105
13 27 109 109 105
13 27 105 13 32 105 13 57 105 11 57 87 107
19 109 11 44 16 35 105
13 29 107 105
19 19 106 79 57 79 19 105
58 58 58 58 58 57 35 29 107 105
86 79 57 79 79 105 86 79 57 79 105 86 79 105
79 105
105
79 105 86 79 105 86 79 105 86 79 105 86 79 105 86 79 105 86 79 105 86 79 105 86 79 105 86 80 57 79 105
19 87 80 57 79 105
19 87 105
13 27 105 13 109 13 27 80 109 109 105
13 27 105 13 27 109 11 27 109 11 27 109 11 27 109 11 27 109 11 27 109 11 35 29 107 105
11 84 35 29 107 105
35 29 107 105
105
13 108 13 27 19 109 11 84 27 19 109 11 87 27 19 109 11 87 27 19 109 11 87 27 19 109 11 87 27 19 109 11 84 27 19 109 11 84 27 19 109 11 87 27 19 109 11 87 27 19 109 11 87 27 19 109 11 87 27 19 109 11 87 27 19 109 11 87 27 27 109 13 27 105 11 57 19 84 27 27 109 13 27 105 11 57 19 84 27 19 109 11 87 105
13 27 19 105 13 27 19 109 11 87 27 19 109 11 87 27 19 109 11 87 27 19 109 11 84 27 27 109 13 86 27 27 109 13 86 27 19 109 11 87 27 19 109 11 87 27 19 109 11 87 27 79 105 20 109 11 84 27 79 105 21 109 11 84 27 19 109 11 84 27 19 109 11 87 27 19 109 11 87 27 19 109 11 84 27 19 109 11 80 51 35 105
13 29 107 105
19 35 27 107 79 105 13 19 105
19 79 105 13 19 35 27 107 105
22 22 21 21 21 106 80 57 80 57 79 77 105 79 77 105 79 77 105 79 77 105 79 77 105 79 77 105 79 77 105 79 77 105 79 77 105 79 77 105 79 77 105 79 77 105 79 77 105 79 77 105 79 77 105 105
105 79 105 79 105 15 87 41 27 105
13 32 57 20 36 71 19 71 19 71 19 71 19 71 19 71 19 71 19 105 41
19 19 106 105
105 79 105 79 105 15 87 41 27 105
13 32 57 20 36 71 19 71 19 71 19 71 19 71 19 71 19 71 19 105 41
19 19 106 105
19 19 19 106 105
19 19 106 105
19 106 19 105
13 27 105 13 32 57 23 105 41
13 108
13 21 105
13 35 21 22 105
13 108 12 107 79 105 77 216 84 20 105 80 58 79 35 27 107 105
13 108 12 107 105 20 105 15
106 15
19 19 106 21 105
13 32 86 27 105
13 32 86 27 105
13 86 27 105
13 86 27 105
13 32 86 27 105
13 32 86 27 105
13 86 27 105
13 32 86 27 105
13 32 86 27 105
13 32 86 27 105
105
13 86 79 105 79 105 79 105 27 105
13 86 79 105 27 105
13 86 79 105 27 105
13 86 79 105 27 105
13 105 27 105
13 105 105
13 27 105 13 32 105 13 57 105 11 57 87 105
13 27 105 13 109 13 27 27 109 13 27 105 11 57 79 27 105
13 27 109 109 108 13 86 27 105
13 86 79 105 27 105
13 86 79 105 27 105
13 86 79 105 27 105
13 32 86 27 105
13 32 86 27 105
19 22 20 105 13 27 105 11 57 79 57 80 57 79 27 79 27 8 110
16 105 13 27 105 11 57 79 57 80 57 79 27 79 27 8 110
41 105 13 27 105 11 57 79 57 80 57 79 27 79 27 8 110
41 105 13 27 105 11 57 35 77 19 107
105
41 105 13 27 105 11 57 35 77 107
105
41 105 13 27 105 11 57 35 29 107 105 105
84 86 86 105 13 35 107 19 108 13 105 11 19 108 13 105 11 19 108 13 105 11 8 2 110
86 35 27 107 27 105 79 105 13 19 105
79 108
19 19 79 108
11 58 35 19 65 107 105 13 32 57 20 105 19 105 105 11 20 52 35 35 105 13 107 107 105 13 58 20 105 105 79 19 87 105 105 13 41 105 41 14 79 87 41 79 19 87 41
27 105 11 57 35 27 108 13 107 79 105
13 105
23 57 35 19 20 107 57 20 20 105 23 108 105 15 27 105 13 32 105 41 14 41
20 25 25 19 105 11 105 11 127 105 11 127 44 16 77 53 77 79 105 13 105 11 169 54 77 53 77 79 105 13 105 11 169 54 77 137 108 11 77 53 77 137 108 11 77 53 84 84 77 209 84 20 56 84 41 79 80 105
19 19 79 105
79 80 57 79 108
13 57 79 108
13 105 79 108
13 105 79 79 108
19 105 105 77 209 84 19 53 105 15
19 19 79 105
79 80 57 79 79 57 79 79 105 79 79 105 79 79 108
19 105 105 77 209 84 19 53 105 15
105 13 27 105 11 57 79 27 105
13 32 105 11 57 15 79 27 105
13 32 105 11 58 79 108
11 57 79 105
11 57 79 79 35 27 27 107 108
13 105
23 19 19 19 79 105
11 57 58 79 108
79 80 57 79 105
79 108
11 57 79 108
11 62 27 79 108
11 44 79 79 105 79 108
11 57 79 108
11 52 79 108
11 52 79 105
79 80 57 79 105
13 27 105 13 79 27 109 11 87 108 13 20 105 11 20 105 11 79 27 105
79 108
11 57 79 108
79 79 79 108
13 105 15 79 108
79 108
42 35 108 13 107 21 105 13 105 13 21 105 13 105 13 105 13 41 35 108 13 107 27 105 13 105 13 42 52 27 42 35 108 13 107 27 105 13 105 13 42 52 27 42 35 27 107 105 13 105 13 42 27 105 13 32 57 105 42 79 108
13 108 11 79 108
11 57 79 108
11 57 79 108
11 209 108
19 54 79 105
79 105
79 108
19 79 105
13 27 105 13 109 13 27 109 109 35 27 107 27 23 105 79 105
20 19 79 108
11 57 79 105
13 35 27 107 105
19 79 108
11 57 16 79 105
13 35 29 107 22 105 22 108
79 108
19 19 79 108
19 79 108
11 57 16 79 105
13 35 79 105
13 29 107 22 105 22 108
19 79 108
19 19 79 108
20 19 19 19 19 79 108
11 52 79 108
11 52 35 29 107 22 105 22 108
11 52 79 108
11 57 79 108
11 57 79 105
79 105
79 108
11 57 79 108
108 13 20 105 11 20 105 11 79 108
11 57 79 108
21 20 19 19 19 79 105
13 105 13 105 79 108
15 79 79 105 79 79 105 79 79 105 27 109 109 79 108
79 79 105
79 79 79 105
13 21 105 13 105 79 79 79 105
13 21 105 13 105 79 108
41 79 108
11 57 79 108
11 57 79 105
79 19 108
13 27 105 13 79 105
79 79 105 79 79 105 79 79 105 27 109 109 79 35 79 29 107 105
79 108
11 57 79 79 108
13 105
79 108
79 108
79 79 105
79 79 79 105
13 21 105 13 105 79 79 79 105
13 105 13 105 79 108
13 27 105 13 109 13 79 108
42 79 79 105 79 79 105 79 79 105 27 23 109 12 23 50 62 27 109 27 109 27 23 109 109 79 35 79 29 107 105
11 57 79 108
11 57 79 108
79 79 105 79 79 105 79 79 105 27 109 109 79 108
79 79 105
79 79 79 105
13 22 105 13 105 79 79 79 105
35 27 107 22 105 79 105
13 105
35 27 107 22 105 79 105
13 105
