1 7 8
1 15 16
1 22 23
1 26 27
1 30 31
1 35 36
1 36 37
1 37 38
1 38 39
1 39 40
1 40 41
1 41 42
1 42 43
1 43 44
1 44 45
1 45 46
1 46 47
1 47 48
1 48 49
1 49 50
1 50 51
1 51 52
1 52 53
1 53 54
1 54 55
1 55 56
1 56 57
1 57 58
1 58 59
1 59 60
1 60 61
1 61 62
1 62 63
2 1 35
2 1 21
2 1 20
2 1 63
2 1 3
2 1 25
2 4 25
2 4 21
2 4 3
2 66 25
2 66 21
2 6 25
2 6 21
2 11 21
2 11 25
2 11 9
2 13 12
2 65 21
2 65 25
2 14 25
2 14 21
2 14 17
2 14 16
2 14 15
2 28 5
2 32 31
2 32 30
2 32 21
2 32 31
2 64 21
2 64 25
2 18 15
2 18 16
2 18 24
2 18 17
2 18 21
2 18 25
2 29 29
2 34 9
2 34 10
2 33 9
2 33 10
3 26 27
3 64 19
3 34 7
3 22 23
4 8 4
4 2 1
