1 5 6
1 22 23
1 34 35
1 35 36
1 37 38
1 42 43
1 43 44
1 44 45
1 45 46
1 46 47
1 48 49
1 49 50
1 50 51
1 66 67
2 10 8
2 10 62
2 31 62
2 31 62
2 31 15
2 2 63
2 71 68
2 71 68
2 70 69
2 72 68
2 72 68
2 19 15
2 19 62
2 19 62
2 18 62
2 18 62
2 14 61
3 22 23
3 5 6
3 1 74
3 64 73
3 48 51
3 42 47
3 20 12
3 27 17
3 29 53
3 33 11
3 24 53
3 32 7
3 28 53
3 37 38
3 26 52
3 25 53
3 30 53
3 65 73
3 3 13
3 66 67
3 40 39
3 18 59
3 18 60
3 18 16
3 18 53
3 34 36
3 58 54
3 56 54
3 4 60
3 57 54
4 53 55
4 38 9
4 51 41
4 52 55
4 17 21
5 17 18
