106 108
79 108
108 12 79 108
108 13 35 107 27 105 13 105 13 105 13 27 105 13 105 13 79 108
27 27 108 35 107 78 108 11 57 105
15 27 78 132 105 19 105
11 57 27 27 108 27 79 105 19 105
13 32 23 105 15
19 27 27 108 106 91 105
19 27 27 108 106 105
105 13 105 13 105 15 2 42 2 42 209 41 27 27 108 35 107 105
105 13 105 13 105 15 27 27 108 35 107 105
13 107 19 105
19 19 44 15 19 52 27 105 11 27 105 11 108
11 58 108 13 86 84 79 58 209 2 41 14 27 35 107 27 105 13 105 13 105 13 108 209 2 41 108 13 86 19 84 41 14 27 27 108 19 86 19 84 40 14 27 27 108 42 14 31 40 79 57 79 105 13 105 13 57 27 109 11 57 27 27 108 27 105 2 105 13 57 27 109 11 57 27 27 108 27 105 2 57 27 27 108 79 105 79 58 27 35 107 27 105 13 105 13 27 105 13 105 13 108 42 2 41
12 85 35 29 107 27 105 27 78 105 20 105
13 107 19 105
19 22 19 19 19 44 15 52 27 105 11 46 57 19 46 57 108 11 58 108 11 57 79 22 105
19 19 27 35 107 27 105 13 107
79 108
106 91 105
106 105
13 105 13 109 35 107 19 105
20 79 108
20 79 108
79 108
79 108
20 79 108
20 79 108
20 79 108
30 108 12 79 108
79 108
79 108
35 107 27 77 105 27 77 105 27 79 108
13 108
13 105 79 19 105
27 35 107 27 105 13 80 105 13 105 13 108 35 79 29 107 80 57 27 27 105 27 79 108
11 105 79 19 105
35 107 27 78 105 19 105
27 27 108 107
106 91 105
79 108
13 108 13 35 79 107 79 108
13 105
13 32 27 105
12 105 79 19 108
79 105
35 79 29 107 79 108
13 105
13 32 27 105
12 105 27 19 105 79 20 105
35 29 107 27 105 27 105 27 105 27 105 27 105 105
35 29 107 27 105 27 105 27 105 27 105 27 105 105
15 19 105
106 105
109 79 93 108
109 79 93 108
109 79 93 108
19 27 27 108 35 27 107 27 105 27 19 36 72 105 27 105 27 35 107 27 105 13 105 13 105 13 108 27 105 105 13 91 105 13 108
35 27 108 13 107 105
105
19 79 58 27 27 108 35 107 86 79 105 79 105 79 105 79 27 105 79 105 79 105 23 85 15 14 27 27 108 41 27 27 108 41
40 105 13 79 105 13 105 13 32 105
105
79 78 93 105 11 58 107
108
13 79 105
79 57 79 105 79 105 19 86 84 57 84 107
11 57 79 105 84 93 35 107
19 19 27 108
27 108
27 108
19 19 8 8 8 8 112
11 105 13 35 79 29 107 93 35 107 27 105 13 105 13 105 13 108 27 105 79 91 209 98 22 108
