1 32 33
1 34 35
1 36 37
1 37 38
1 38 39
1 39 40
1 41 42
1 42 43
1 43 44
1 44 45
1 45 46
1 47 48
1 48 49
1 49 50
1 50 51
1 57 58
1 59 60
1 61 62
1 63 64
1 65 66
1 67 68
1 70 71
1 71 72
1 72 73
1 73 74
1 74 75
1 76 77
1 77 78
1 78 79
1 79 80
2 54 27
2 54 22
2 54 21
2 54 19
2 54 20
2 54 24
2 30 24
2 30 27
2 30 21
2 30 22
2 30 20
2 30 16
2 30 19
2 30 15
2 29 22
2 29 24
2 29 19
2 29 20
2 29 21
2 29 27
2 53 27
2 18 16
2 18 15
2 55 27
2 26 27
2 25 27
2 14 15
2 14 16
2 4 3
2 4 1
2 17 16
2 11 15
2 11 16
2 70 73
2 41 44
2 28 27
2 10 7
2 10 9
2 10 2
2 10 16
2 10 5
2 10 8
2 10 1
2 10 15
2 10 3
2 23 19
2 23 22
2 23 21
2 13 16
2 13 15
2 31 15
2 31 16
2 69 15
2 69 16
2 12 15
2 12 16
2 6 5
2 6 1
2 6 3
3 67 68
3 32 33
3 56 52
3 61 62
3 36 40
3 57 58
3 34 35
3 70 75
3 63 64
3 41 46
3 76 80
3 47 51
3 59 60
3 65 66
