105 11 57 105 11 58 35 107 40 15
23 50 61 35 27 107 40 61 35 27 107 40 35 27 107 105 11 57 35 27 107 105 11 57 105 35 8 2 2 5 112
13 105 11 57 105 11 58 35 35 107 27 105 13 105 13 105 13 107 40 14 31 40 77 209 84 79 27 105 79 20 105 79 105 79 20 105 79 105 107
30 79 58 31 15 35 79 105 13 107 105 13 109 11 57 109 13 32 108
79 105 35 35 35 79 19 107 93 107 107 86 31 15
105
105 13 108 11 57 105 11 105 13 121 108
13 86 109 13 109 13 109 11 57 109 13 32 79 109 13 32 109 13 32 105 41 79 105 79 105 79 19 105 79 19 105 79 105 80 57 19 18 79 105 11 213 19 52 79 107
105 13 32 18
19 80 57 15 107
87 58 107
19 87 107
105
19 77 52 79 32 79 105
11 87 79 79 35 27 107 105
27 105 13 32 105 13 57 105 11 57 19 16 19 41
79 108
106 79 105
105 11 57 105 11 58 35 107 40 15
23 50 61 35 27 107 40 61 35 27 107 40 61 35 27 107 40 35 27 107 105 11 57 35 27 107 105 11 57 105 35 8 2 2 5 2 112
13 105 11 57 105 11 58 35 35 107 27 105 13 105 13 105 13 107 40 14 31 40 77 209 84 79 35 107 27 105 13 105 13 20 105 13 105 13 105 79 105 107
79 105 35 35 35 79 19 107 93 107 107 86 31 15
105
105 11 58 35 35 107 27 105 13 105 13 105 13 107 40 209 41 15
19 19 52 16 57 105 13 105 13 51 2 41 32 105
105
13 27 105 13 105 13 32 100 108 12 149 27 35 107 27 105 13 105 13 105 13 108 41 14 35 107 40 14 31 40
79 108
19 19 106 105
19 106 105
58 35 107
35 79 105
13 29 107 98 79 105
79 35 79 105
13 29 107 105
35 27 107 35 107 20 105 11 105 13 27 105 13 105 13 79 105 11 58 79 105 35 79 107 79 105
13 93 79 79 105
11 105 13 32 105 13 19 35 107 108 13 35 107 93 20 105 105 105 79 19 87 79 80 57 79 105
13 35 27 107 79 105
13 21 105 13 105 13 105 13 19 108 13 105 79 35 27 35 27 107 108 13 105 13 105 13 108 13 107 105
79 105
13 93 79 79 105
11 105 13 32 105 13 19 35 107 108 13 108 13 35 27 107 27 105 35 107 27 27 105 27 27 105 79 105
13 93 105 13 79 105
13 105 13 93 20 105 105 27 35 27 107 79 105
13 105 13 105 13 105 27 105 79 27 108
35 27 107 35 107 20 105 11 105 13 27 105 13 105 13 79 105 11 58 79 105 35 79 107 79 105
13 93 79 79 105
11 105 13 32 105 13 19 35 107 108 13 35 107 93 20 105 105 105 79 19 87 79 80 57 79 105
13 35 27 107 79 105
13 21 105 13 105 13 105 13 19 108 13 105 79 35 27 35 27 107 108 13 105 13 105 13 108 13 107 105
35 29 107 105
106 21 105
19 106 105
106 105
79 108
79 35 27 35 27 107 79 105
13 105 13 105 13 108 13 107 105
79 35 27 35 27 107 79 105
13 105 13 105 13 108 13 107 105
79 35 79 105
13 29 107 105
79 35 79 105
13 29 107 105
79 35 27 35 27 107 79 105
13 105 13 105 13 108 13 107 105
35 79 105
13 29 107 98 79 105
58 35 107
79 105
13 93 79 79 105
11 105 13 32 105 13 19 35 107 108 13 108 13 35 27 107 27 105 35 107 27 27 105 27 27 105 79 105
13 93 105 13 79 105
13 105 13 93 20 105 105 27 35 27 107 79 105
13 105 13 105 13 105 27 105 79 27 108
35 27 107 35 107 20 105 11 105 13 27 105 13 105 13 79 105 11 58 79 105 35 79 107 79 105
13 93 79 79 105
11 105 13 32 105 13 19 35 107 108 13 35 107 93 20 105 105 105 79 19 87 79 80 57 79 105
13 35 27 107 79 105
13 21 105 13 105 13 105 13 19 108 13 105 79 35 27 35 27 107 108 13 105 13 105 13 108 13 107 105
