1 1 6
1 6 7
1 7 8
1 8 9
1 9 10
1 10 11
1 11 12
1 12 13
1 13 2
1 2 3
1 3 4
1 4 5
1 14 15
1 15 16
1 16 17
1 17 18
1 18 19
1 21 22
1 23 24
1 28 29
1 30 37
1 37 38
1 38 39
1 39 40
1 40 41
1 41 42
1 42 43
1 43 44
1 44 31
1 31 32
1 32 33
1 33 34
1 34 35
1 35 36
1 45 56
1 56 59
1 59 60
1 60 61
1 61 62
1 62 63
1 63 64
1 64 65
1 65 46
1 46 47
1 47 48
1 48 49
1 49 50
1 50 51
1 51 52
1 52 53
1 53 54
1 54 55
1 55 57
1 57 58
2 30 25
2 30 27
2 30 67
2 30 36
2 30 27
2 28 29
2 28 29
2 45 51
2 45 67
2 45 25
2 45 58
2 45 27
2 45 27
2 20 26
2 66 66
2 23 24
3 1 5
3 14 19
3 23 24
3 21 22
