13 109 13 27 79 79 109 13 109 57 105 11 57 105 79 79 79 79 21 105 15
77 21 44 42 79 108
106 100 105
19 79 105 13 105 11 79 105 11 57 121 79 105 12 50 58 27 35 107 27 105 79 105 13 105 27 105 105 13 108
23 17 35 79 107
86 19 36 108 13 72 19 108 13 72 105
105 13 79 107
209 41 105 15
19 57 58 42 35 35 107 105 13 105 27 105 105 13 107 19 105 11 57 105 105 11 57 105 35 107 105 13 35 107 105 13 23 105 12 8 8 110 19 105 19 41 14 27 108
11 58 105 19 20 58 21 20 27 35 107 105 27 105 105 27 105 105 13 79 105 13 107
11 57 105 105 11 58 108
105 105 41 14 79 105
11 58 105 41 35 107
79 19 57 79 105 11 57 79 105 13 57 34 62 34 19 54 65 105 11 57 105 13 27 105 11 57 105 13 79 105 11 58 79 108
41 105 13 27 105 11 57 105 209 41 79 108
19 57 57 58 42 19 19 35 35 107 105 13 105 27 105 108 11 105 105 13 107 105 11 57 105 35 105 13 107 35 35 107 107 20 36 105 11 19 51 105 41 105 105 105 11 57 105 12 105 12 50 58 19 41 105 11 57 105 12 105 12 50 58 105 105 11 41 14 41 14 8 8 8 8 41 14 8 8 41 8 8 41 14 8 41 8 41 14 8 8 57 105 57 105 105 40 8 8 57 105 57 105 105 58 105 11 57 105 12 105 12 50 58 19 16
93 108
93 105
