1 3 4
1 4 5
1 7 8
1 8 9
1 9 10
1 10 11
1 11 12
1 12 13
1 13 14
1 17 20
1 20 21
1 21 22
1 22 23
1 23 24
1 24 25
1 25 26
1 26 27
1 27 18
1 18 19
2 2 1
2 30 29
2 30 29
2 30 29
2 30 29
2 30 29
2 30 29
2 31 29
2 31 29
2 31 29
2 31 29
2 31 29
2 31 29
2 17 29
2 17 29
2 17 29
2 17 29
2 17 29
2 17 29
2 28 29
2 28 29
2 28 29
2 28 29
2 28 29
2 28 29
2 16 29
2 16 29
2 16 29
2 16 29
2 16 29
2 16 29
2 7 29
2 7 29
2 7 1
2 7 29
2 7 29
2 7 29
2 7 29
3 3 5
3 17 19
3 7 14
4 14 6
4 5 6
4 15 6
