13 32 105 13 57 105 13 105 11 57 105 13 2 34 53 19 16 65 105 13 93 52 65 105 13 100 41 209 41
106 105
19 52 77 19 51 79 57 79 105 79 105 19 86 35 107 27 105 13 27 105 13 27 35 107
105 13 27 35 107
105 13 105 19 16 35 107 29 105 105
106 19 105
79 79 27 27 19 19 108 13 108
79 108
11 58 79 27 105
15 35 107
105
79 108
11 19 52 79 108
13 105 35 107 79 29 105 79 105
35 107 79 29 105 79 105
77 44 15 79 79 19 79 21 105
19 19 19 77 44 15 79 79 79 21 105
13 105 13 109 13 109 109 35 107 79 29 105 35 107 27 79 108
13 105 105 79 105
13 108 13 108
35 107
105
41 79 108
13 35 27 107 79 108
13 105 13 27 105 13 105 13 105 79 108
13 19 105 41 79 27 105
13 109 13 27 79 108
77 44 15 79 105
19 19 19 19 79 27 105 13 32 105 13 57 105 11 57 105 11 58 108 13 108 11 57 35 107 35 93 107 86 27 105 11 51 19 105 13 27 105 11 51 105 13 8 35 107 79 57 79 105 13 32 86 79 77 105 79 77 105 79 105 79 105 79 105 79 27 27 105 79 27 105 13 34 108 13 105 79 27 27 105 79 27 105 79 27 27 105 79 27 27 105 79 27 105 79 105 79 105 13 105 13 105 79 105 11 20 51 35 107 40 14 8 35 27 107 40 14 8 8 8 8 57 105 57 105 79 57 79 105 86 40 105 13 32 86 42 79 105 11 79 105 13 105 62 53 57 105 57 105 79 57 79 105 86 15 79 19 79 34 105 11 52 35 107 40 14 41 62 79 19 105 169 41 79 19 79 34 105 11 62 79 19 105 52 41 14 8 8 41 14 8 8 8 8 42 14 8 8 42 8 42 8 42
19 79 79 27 27 19 108 13 108
79 108
