106
86 79 105 13 79 105
19 108
11 57 15 108
35 79 105 13 29 107 22 105 27 105 79 105
22 108
13 27 105 11 57 35 79 105 13 29 107 105 79 105
108
11 57 15 19 108
79 105 13 35 29 107 22 105 79 105
19 108
109 35 79 105 13 29 107 22 105 27 79 105
13 105 79 108
108
11 57 15 19 108
79 79 105
106 105
79 105 13 35 29 107 79 105
79 79 79 105
27 108
13 29 107 22 105 27 19 105 27 79 105 27 79 105 105
35 79 105 13 29 107 22 105 79 105
79 105 13 35 29 107 79 105
22 79 105
13 19 108
13 27 52 35 29 107 105 79 105
19 8 32 19 105 79 108
13 57 105
11 57 8 35 107
91 105
13 108
41 105
13 35 29 107 22 105 105
13 105
13 27 105
27 79 105 11 57 91 105
13 108
15 80 57 91 105
13 108
41 80 57 105
13 108
27 35 107 105 13 105 13 105 13 27 105 13 105
11 105 13 105 13 108
106
105
27 105 13 86 27 105 13 86 27 105 13 86 79 58 35 107 86 79 91 209 98 105 79 107
106 105
13 79 108
11 57 27 105 13 86 79 108
11 57 27 105 13 86 79 108
11 57 27 105 13 86 79 58 35 107 86 79 91 209 98 105 79 107
105
79 79 105
11 57 19 16 27 105 11 57 35 27 107 108 13 105 79 105
79 79 58 79 105
79 79 19 19 19 105
35 107 86 79 20 105 79 35 22 107 105 79 35 107
35 27 107 108 13 105 105
93 27 19 36 19 108 13 72 108
106
