1 1 2
1 2 3
1 3 4
1 4 5
1 5 6
1 6 7
1 29 30
1 30 31
1 31 32
1 32 33
1 33 34
1 34 14
1 14 15
1 15 16
1 16 17
1 17 18
1 18 19
1 19 20
1 20 21
1 21 22
1 22 23
1 23 24
1 24 25
1 25 26
1 26 27
1 27 28
1 43 54
1 54 61
1 61 62
1 62 63
1 63 64
1 64 65
1 65 66
1 66 67
1 67 44
1 44 45
1 45 46
1 46 47
1 47 48
1 48 49
1 49 50
1 50 51
1 51 52
1 52 53
1 53 55
1 55 56
1 56 57
1 57 58
1 58 59
1 59 60
1 72 73
1 73 74
1 74 75
1 75 76
1 76 77
1 79 80
1 80 81
1 81 82
1 82 83
1 85 96
1 96 98
1 98 99
1 99 100
1 100 101
1 101 102
1 102 103
1 103 104
1 104 86
1 86 87
1 87 88
1 88 89
1 89 90
1 90 91
1 91 92
1 92 93
1 93 94
1 94 95
1 95 97
1 109 120
1 120 122
1 122 123
1 123 124
1 124 125
1 125 126
1 126 127
1 127 128
1 128 110
1 110 111
1 111 112
1 112 113
1 113 114
1 114 115
1 115 116
1 116 117
1 117 118
1 118 119
1 119 121
1 135 146
1 146 153
1 153 154
1 154 155
1 155 156
1 156 157
1 157 158
1 158 159
1 159 136
1 136 137
1 137 138
1 138 139
1 139 140
1 140 141
1 141 142
1 142 143
1 143 144
1 144 145
1 145 147
1 147 148
1 148 149
1 149 150
1 150 151
1 151 152
1 168 169
1 177 188
1 188 199
1 199 208
1 208 209
1 209 210
1 210 211
1 211 212
1 212 213
1 213 178
1 178 179
1 179 180
1 180 181
1 181 182
1 182 183
1 183 184
1 184 185
1 185 186
1 186 187
1 187 189
1 189 190
1 190 191
1 191 192
1 192 193
1 193 194
1 194 195
1 195 196
1 196 197
1 197 198
1 198 200
1 200 201
1 201 202
1 202 203
1 203 204
1 204 205
1 205 206
1 206 207
1 219 220
1 220 221
1 221 222
1 226 237
1 237 239
1 239 240
1 240 241
1 241 242
1 242 243
1 243 244
1 244 245
1 245 227
1 227 228
1 228 229
1 229 230
1 230 231
1 231 232
1 232 233
1 233 234
1 234 235
1 235 236
1 236 238
1 252 263
1 263 264
1 264 265
1 265 266
1 266 267
1 267 268
1 268 269
1 269 270
1 270 253
1 253 254
1 254 255
1 255 256
1 256 257
1 257 258
1 258 259
1 259 260
1 260 261
1 261 262
1 275 276
1 276 277
1 277 278
2 162 12
2 162 9
2 162 12
2 162 11
2 162 13
2 162 8
2 162 9
2 36 28
2 36 35
2 36 29
2 36 29
2 36 29
2 36 35
2 36 35
2 272 39
2 272 275
2 272 38
2 272 12
2 272 278
2 272 9
2 272 11
2 272 10
2 272 274
2 272 13
2 272 12
2 272 9
2 272 8
2 70 10
2 70 9
2 70 11
2 70 8
2 70 12
2 70 9
2 70 12
2 70 13
2 247 12
2 247 8
2 247 9
2 247 12
2 247 13
2 247 9
2 247 38
2 247 11
2 247 10
2 1 7
2 1 5
2 1 12
2 1 12
2 170 168
2 170 169
2 170 169
2 216 13
2 216 9
2 216 9
2 216 39
2 216 12
2 216 41
2 216 38
2 216 8
2 216 12
2 216 218
2 216 11
2 216 40
2 273 278
2 273 275
2 130 12
2 130 38
2 130 9
2 130 8
2 130 12
2 130 11
2 130 9
2 130 13
2 130 10
2 215 39
2 215 8
2 215 38
2 215 41
2 215 40
2 215 11
2 215 222
2 215 218
2 215 12
2 215 12
2 215 13
2 215 10
2 215 9
2 215 219
2 215 9
2 106 9
2 106 10
2 106 12
2 106 8
2 106 12
2 106 9
2 106 11
2 106 38
2 106 13
2 160 12
2 160 8
2 160 9
2 160 12
2 160 9
2 160 13
2 160 11
2 217 11
2 217 40
2 217 12
2 217 12
2 217 8
2 217 13
2 217 9
2 217 9
2 217 39
2 217 218
2 217 38
2 217 41
2 68 8
2 68 12
2 68 13
2 68 11
2 68 9
2 68 12
2 68 9
2 72 78
2 226 13
2 226 9
2 226 12
2 226 38
2 226 11
2 226 12
2 226 9
2 226 8
2 85 11
2 85 9
2 85 38
2 85 13
2 85 12
2 85 8
2 85 12
2 85 9
2 225 11
2 225 13
2 225 8
2 225 12
2 225 9
2 225 38
2 225 9
2 225 12
2 252 8
2 252 12
2 252 9
2 252 11
2 252 274
2 252 12
2 252 39
2 252 9
2 252 13
2 252 38
2 134 12
2 134 38
2 134 41
2 134 13
2 134 11
2 134 9
2 134 8
2 134 12
2 134 9
2 134 40
2 43 9
2 43 8
2 43 9
2 43 12
2 43 11
2 43 13
2 43 12
2 43 38
2 84 13
2 84 8
2 84 12
2 84 11
2 84 9
2 84 9
2 84 12
2 84 38
2 108 11
2 108 13
2 108 12
2 108 38
2 108 8
2 108 9
2 108 12
2 108 9
2 177 40
2 177 41
2 177 9
2 177 9
2 177 38
2 177 13
2 177 12
2 177 39
2 177 8
2 177 218
2 177 12
2 177 11
2 42 11
2 42 13
2 42 40
2 42 8
2 42 9
2 42 12
2 42 38
2 42 9
2 42 12
2 176 12
2 176 9
2 176 38
2 176 11
2 176 218
2 176 12
2 176 41
2 176 8
2 176 9
2 176 39
2 176 40
2 176 13
2 249 274
2 135 9
2 135 11
2 135 38
2 135 12
2 135 8
2 135 12
2 135 9
2 135 13
2 109 11
2 109 38
2 109 12
2 109 9
2 109 12
2 109 13
2 109 8
2 109 9
2 251 39
2 251 12
2 251 13
2 251 9
2 251 9
2 251 274
2 251 12
2 251 8
2 251 38
2 251 11
2 174 218
2 171 169
2 171 168
2 171 169
2 246 9
2 246 9
2 246 8
2 129 9
2 129 8
2 129 9
2 214 219
2 214 9
2 214 9
2 214 222
2 214 8
2 161 9
2 161 9
2 161 8
2 69 8
2 69 9
2 69 9
2 271 275
2 271 9
2 271 9
2 271 278
2 271 8
2 105 9
2 105 9
2 105 8
2 79 78
2 250 274
2 175 218
2 173 38
2 173 12
2 173 39
2 173 13
2 173 41
2 173 9
2 173 9
2 173 40
2 173 8
2 173 12
2 173 218
2 173 11
2 133 12
2 133 8
2 133 9
2 133 13
2 133 11
2 133 12
2 133 9
2 166 167
2 166 167
2 166 167
2 37 218
2 37 12
2 37 12
2 37 9
2 37 8
2 37 40
2 37 9
2 37 11
2 37 41
2 37 274
2 37 38
2 37 39
2 37 13
2 224 9
2 224 38
2 224 11
2 224 12
2 224 9
2 224 8
2 224 12
2 224 13
2 132 9
2 132 12
2 132 11
2 132 13
2 132 12
2 132 8
2 132 9
2 165 8
2 165 41
2 165 12
2 165 40
2 165 39
2 165 9
2 165 11
2 165 218
2 165 38
2 165 9
2 165 12
2 165 13
2 172 8
2 172 9
2 172 13
2 172 12
2 172 41
2 172 39
2 172 12
2 172 38
2 172 11
2 172 9
2 172 218
2 172 40
2 164 13
2 164 41
2 164 9
2 164 11
2 164 39
2 164 9
2 164 8
2 164 12
2 164 38
2 164 40
2 164 12
2 164 218
3 162 163
3 272 275
3 272 279
3 70 71
3 247 248
3 216 223
3 273 275
3 130 131
3 215 219
3 215 223
3 106 107
3 160 163
3 217 223
3 68 71
3 72 77
3 226 248
3 226 238
3 85 107
3 85 97
3 225 248
3 252 279
3 252 262
3 134 163
3 43 71
3 43 60
3 84 107
3 108 131
3 177 223
3 177 207
3 42 71
3 176 223
3 135 163
3 135 152
3 109 131
3 109 121
3 251 279
3 79 83
3 173 223
3 133 163
3 224 248
3 132 163
3 172 223
