19 106 19 105
21 105
105
35 21 107 86 21 105
13 32 79 105 79 105 108 13 86 79 105 13 109 11 62 21 105
13 105 109 13 109 11 58 15 109 13 32 108
11 57 79 35 105 13 108 13 107 27 105 13 105 13 105 13 105 13 105 41 105
86 107 86 19 79 105 13 86 15 14 27 27 108 41
13 105 79 105 79 30 79 19 108
107 27 108 13 86 27 27 108 108 13 86 93 86 86 79 105 11 58 27 27 108 79 93 105
30 79 105 13 109 13 109 11 58 31 15 109 13 32 108
19 19 27 35 105 13 108 13 107 27 105 13 105 13 36 105 13 105 11 108 13 72 108 13 108 105 13 105 11 20 52 16 2 41 14 2 41
30 19 79 105 13 109 13 109 11 58 31 16 109 13 32 108
110 41 14 27 110 13 9 108 9 79 20 3 87 42 9 3 105
13 27 9 105
11 27 9 105
11 27 9 105
13 27 9 105
13 27 9 105
12 27 9 105
12 27 9 105
12 27 9 105
11 27 9 105
11 27 9 105
13 27 27 20 3 36 9 20 72 20 108 13 72 20 72 113 13 9 108 9 79 79 105
11 57 27 27 9 108 19 3 51 9 79 79 105
11 57 27 27 9 108 9 79 79 105
35 35 27 9 107 105 13 105 13 9 107 110 209 42 19 3 52 9 79 79 105
27 27 9 108 35 27 9 107 105 13 32 20 9 105 93 27 20 3 36 9 20 9 79 9 9 77 3 113 13 72 20 9 79 9 9 77 3 113 13 72 20 9 79 9 9 77 3 113 13 72 9 9 108 13 110 13 19 9 105 9 34 9 105 110 13 9 105 35 110 13 9 107 20 36 9 20 9 9 105 11 19 3 52 110 110 11 57 27 9 105 11 57 35 9 79 9 27 9 9 107
40 14 27 110 13 9 108 9 79 20 3 87 18 35 113 13 9 107 35 20 9 3 3 108 13 112 9 105 13 105 13 41 35 9 9 107
27 9 105
13 27 27 20 3 36 9 20 110
11 113 13 72 113 13 9 108 20 110
11 3 53 9 79 79 105
93 27 19 36 19 79 77 108 13 72 19 79 77 108 13 72 19 79 77 108 13 72 19 113 13 72 108 13 105 13 35 27 107 105 13 32 20 105 19 105 34 105 105 13 105 35 105 13 107 20 36 19 35 35 107 79 105
106 21 105
79 105
27 105 27 105 27 105 27 105 27 105 27 105 27 105 105
27 105 27 105 27 105 27 105 27 105 27 105 27 105 27 105 27 105 105
27 105 27 105 27 105 27 105 27 105 27 105 27 105 105
27 105 27 105 27 105 27 105 27 105 27 105 105
19 21 19 19 108
19 19 19 79 105 13 32 108
105
108
13 21 105 108
13 22 105 41 108
13 21 105 108
11 58 105
41 108
13 79 93 105 41 108
13 21 105 42 108
108
13 108
42 108
108
42 79 32 35 107 27 35 27 107 105 13 105 13 108 42 79 32 108
13 57 108
13 79 105 19 86 42 105
13 105 13 27 105 11 108 13 105 42 35 27 107 105
13 77 65 105
11 63 44 15 108
13 27 35 27 107 77 65 105
13 105 13 105 13 108 108
13 77 65 105
11 63 44 41 108
13 93 52 93 105
19 21 105
27 35 27 107 105 13 105 13 108 44 15 19 52 79 105
19 106 105
11 56 35 29 107 105
35 107 27 79 108
11 105 27 79 108
11 105 27 79 108
11 105 27 79 108
11 105 23 50 58 35 79 105
13 29 107 105 79 105
13 32 105 13 57 105 11 57 19 16 19 41
19 109 11 44 106 11 16 35 107 21 105 13 21 105 13 21 105 13 21 35 107
105 13 21 35 107
105 13 105 41 105
11 57 35 107 27 77 105 27 80 105 27 77 105 27 77 105 35 105
13 29 107 105 105
21 19 19 19 79 105 13 32 108
19 19 79 105 13 32 108
105
108
13 21 105 108
13 22 105 41 108
13 21 105 105
41 108
13 21 105 41 108
41 79 32 35 107 27 35 27 107 105 13 105 13 108 42 79 32 108
13 57 108
13 79 105 19 86 42 105
13 108
13 105 13 27 105 11 108 13 105 42 35 27 107 105
13 77 65 105
11 63 44 15 108
13 27 35 27 107 77 65 105
13 105 13 105 13 108 108
13 77 65 105
11 63 44 41 108
13 93 52 93 105
27 35 27 107 105 13 105 13 108 44 15 19 52 79 105
19 106 105
11 56 35 29 107 105
19 21 19 19 79 105 13 32 108
19 19 79 105 13 32 108
105
108
13 21 105 108
13 22 105 41 108
13 21 105 105
41 108
13 21 105 41 108
41 79 32 35 107 27 35 27 107 105 13 105 13 108 42 79 32 108
13 57 108
13 79 105 19 86 42 105
13 108
13 105 13 27 105 11 108 13 105 42 35 27 107 105
13 77 65 105
11 63 44 15 108
13 27 35 27 107 77 65 105
13 105 13 105 13 108 108
13 77 65 105
11 63 44 41 108
13 93 52 93 105
27 35 27 107 105 13 105 13 108 44 15 19 52 79 105
19 106 105
11 56 35 29 107 105
79 19 105
79 93 105
108
19 19 19 79 105 13 32 108
105
108
13 21 105 108
13 22 105 41 108
13 21 105 108
11 58 105
41 108
13 79 93 105 41 108
13 21 105 42 108
108
13 108
42 108
108
42 79 32 35 107 27 35 27 107 105 13 105 13 108 42 79 32 108
13 57 108
13 79 105 19 86 42 105
13 105 13 27 105 11 108 13 105 42 35 27 107 105
13 77 65 105
11 63 44 15 108
13 27 35 27 107 77 65 105
13 105 13 105 13 108 108
13 77 65 105
11 63 44 41 108
13 93 52 93 105
93 105
27 35 27 107 105 13 105 13 108 44 15 19 52 79 105
19 106 105
11 56 35 29 107 105
19 27 27 36 19 108 13 72 108 13 108 79 108
19 27 27 19 36 108 13 72 108 13 108 79 108
19 19 35 79 107
13 35 27 107 105 13 32 20 105 35 107 93 27 19 36 19 77 108 13 72 19 79 77 108 13 72 19 77 108 13 72 19 79 77 108 13 72 108 13 105 93 27 19 36 19 81 108 13 72 108 13 105 93 27 19 36 19 35 79 107 72 108 13 105 93 27 19 36 19 77 108 13 72 108 13 105 93 27 19 36 19 77 108 13 72 108 13 105 93 27 19 36 19 77 108 13 72 108 13 105 93 27 19 36 19 77 108 13 72 108 13 105 93 27 19 36 19 78 108 13 72 108 13 105 93 27 19 36 19 77 108 13 72 108 13 105 93 27 19 36 19 77 108 13 72 108 13 105 93 27 19 36 19 77 108 13 72 108 13 105 93 27 19 36 19 77 108 13 72 108 13 105 93 27 19 36 19 78 108 13 72 108 13 105 93 27 19 36 19 77 108 13 72 108 13 105 93 27 19 36 19 77 108 13 72 108 13 105 93 27 19 36 19 78 108 13 72 108 13 105 93 27 19 36 19 78 108 13 72 108 13 105 93 27 19 36 19 35 79 107 72 108 13 105 93 27 19 36 19 78 108 13 72 108 13 105 93 27 19 36 19 77 108 13 72 108 13 105 93 27 19 36 19 77 108 13 72 108 13 105 93 27 19 36 19 77 108 13 72 108 13 105 93 27 19 36 19 77 108 13 72 108 13 105 105 13 105 13 27 105 13 108 19 105 34 105 105 13 105 105 11 20 52 35 105 13 107 20 36 19 105 11 19 52 105 105 18 27 35 19 108 13 107 108 35 108 13 107 35 19 108 13 107 105 13 105 13 41 27 27 19 36 19 105 11 108 13 72 108 13 108 35 105 13 107 20 36 19 105 11 19 52 105 41 14 27 105 13 108 41 27 35 19 108 13 107 108 41 14 27 105 13 108 42
11 19 52 27 27 19 36 19 79 79 79 109 13 32 77 108 13 72 108 13 108 35 27 107 105 13 32 20 105 79 79 79 79 109 13 32 77 19 105
79 80 57 93 27 19 36 19 79 79 79 109 13 32 77 108 13 72 19 79 77 108 13 72 19 79 79 79 109 13 32 77 108 13 72 19 79 77 108 13 72 108 13 27 108 105 13 19 105 34 105 105 13 105 35 105 13 107 19 36 19 105 11 19 52 105 27 105 11 57 27 27 108 79 79 79 79 109 13 32 77 19 105
106 105
19 109 11 44 106 11 16 79 80 58 19 86 35 107
79 108
79 93 105
25 26 19 19 19 79 105 13 32 77 44 15 27 27 19 36 79 105 13 27 105 13 65 72 79 105 13 27 105 13 65 72 79 105 13 27 105 13 65 72 108 13 108 79 105 13 27 105 13 65 108 12 199 79 78 49 60 2 79 78 48 58 2 175 57 27 27 108 79 79 105 13 27 105 13 65 108 12 85 79 79 105 13 27 105 13 65 108 12 85 79 79 105 13 27 105 13 65 108 12 199 85 79 79 105
79 105 13 32 108
9 79 105 13 32 108
79 105 13 32 108
19 105
108
13 21 105 108
13 22 105 41 108
13 21 105 108
11 58 19 108
41 108
13 79 93 105 105
13 93 52 108
13 79 93 105 42 105
13 108
13 93 52 108
13 79 93 105 108
13 79 93 105 42 108
13 21 105 42 19 108
108
42 19 108
108
42 79 32 35 107 27 35 27 107 27 27 105 13 105 13 27 105 13 34 108
13 105 13 27 105 13 105 13 108 42 79 32 77 108
13 57 108
13 77 65 105
13 57 34 108
13 79 105 11 56 27 27 19 36 19 34 108 13 72 19 108
13 79 105 11 108 13 72 108 13 108 19 108
93 105
19 105
19 19 86 42 108
13 79 105 41 105
13 105 13 27 105 11 19 108 13 105 42 35 27 107 19 105
11 63 44 15 108
13 27 35 27 107 77 65 105
13 105 13 105 13 108 108
13 77 65 105
11 63 44 41 108
13 93 52 93 105
27 35 27 107 105 13 105 13 108 44 15 19 52 79 105
19 106 105
19 19 106 87 27 27 19 36 79 105
19 79 79 105
79 57 79 27 105 13 57 79 105 12 85 79 105 12 85 79 105 11 129 25 199 85 79 79 105
13 32 86 79 27 105 11 58 35 27 107 19 105
105
13 21 108 13 105 15 87 35 107 19 105 105 105 105 105 35 107
86 79 79 19 105 41
11 56 35 29 107 105
79 79 108
19 19 21 19 19 79 105 13 32 108
19 19 79 105 13 32 108
105
108
13 21 105 108
13 22 105 41 108
13 21 105 105
41 108
13 21 105 41 108
41 79 32 35 107 27 35 27 107 105 13 105 13 108 42 79 32 108
13 57 108
13 79 105 19 86 42 105
13 108
13 105 13 27 105 11 108 13 105 42 35 27 107 105
13 77 65 105
11 63 44 15 108
13 27 35 27 107 77 65 105
13 105 13 105 13 108 108
13 77 65 105
11 63 44 41 108
13 93 52 93 105
27 35 27 107 105 13 105 13 108 44 15 19 52 79 105
19 19 106 105
11 56 35 29 107 105
25 26 19 19 19 79 105 13 32 27 27 36 77 108 13 72 108 13 108 77 44 15 27 27 19 36 79 105 13 27 105 13 65 72 79 105 13 27 105 13 65 72 79 105 13 27 105 13 65 72 108 13 108 79 105 13 27 105 13 65 108 12 199 79 78 49 60 2 79 78 48 58 2 175 57 27 27 108 79 79 105 13 27 105 13 65 108 12 85 79 79 105 13 27 105 13 65 108 12 85 79 79 105 13 27 105 13 65 108 12 199 85 79 79 105
79 105 13 32 108
21 19 19 19 79 105 13 32 108
19 19 79 105 13 32 108
105
108
13 21 105 108
13 22 105 41 108
13 21 105 105
41 108
13 21 105 41 108
41 79 32 35 107 27 35 27 107 105 13 105 13 108 42 79 32 108
13 79 105 19 86 42 105
13 105 13 27 105 11 108 13 105 42 35 27 107 105
13 108
13 77 65 105
11 63 44 15 108
13 27 35 27 107 77 65 105
13 105 13 105 13 108 108
13 77 65 105
11 63 44 41 108
13 93 52 93 105
27 35 27 107 105 13 105 13 108 44 15 19 52 79 105
19 106 105
106 79 78 26 48 58 80 58 107
79 57 79 27 105 13 57 108 12 105 12 181 24 50 60 79 105 12 85 79 105 12 85 79 105 11 129 25 199 85 79 35 79 79 108 13 107 27 105 13 105 13 86 79 79 105
13 32 86 79 27 105 11 58 27 27 108 35 27 107 19 105
105
13 21 108 13 105 15 87 35 107 19 105 105 105 105 105 35 107
86 79 79 19 105 41
11 56 35 29 107 105
