1 1 2
1 2 3
1 3 4
1 4 5
1 5 6
1 6 7
1 7 8
1 12 13
1 13 14
1 14 15
1 15 16
1 16 17
1 17 18
1 38 42
1 42 43
1 43 44
1 44 45
1 45 46
1 46 47
1 47 48
1 48 49
1 49 39
1 39 40
1 40 41
1 52 53
1 53 54
1 54 55
1 55 56
1 57 58
1 58 59
1 61 62
1 62 63
1 63 64
1 64 65
1 68 69
1 69 70
1 75 77
1 77 78
1 78 79
1 79 80
1 84 86
1 86 87
1 87 88
1 88 89
1 89 90
1 90 91
1 91 92
1 92 93
1 93 85
1 95 96
1 96 97
1 97 98
1 100 101
1 101 102
1 102 103
1 107 108
1 108 109
1 109 110
1 110 111
1 117 118
1 118 119
1 119 120
2 66 33
2 60 31
2 75 33
2 82 10
2 72 31
2 83 33
2 83 34
2 12 11
2 25 28
2 25 27
2 25 26
2 35 33
2 19 21
2 20 22
2 20 24
2 20 23
2 20 21
2 20 23
2 20 23
2 30 33
2 30 29
2 57 31
2 1 8
2 9 11
3 99 131
3 75 74
3 75 80
3 82 10
3 82 135
3 52 56
3 72 32
3 68 70
3 38 41
3 100 103
3 95 98
3 73 32
3 81 131
3 81 132
3 12 18
3 57 59
3 61 65
3 84 85
4 106 104
4 51 66
4 51 114
4 134 133
4 121 122
4 127 123
4 67 94
4 128 105
4 51 36
4 41 117
4 76 72
4 41 107
4 120 122
4 113 114
4 130 60
4 116 72
4 113 105
4 50 107
4 113 117
4 126 36
4 116 122
4 112 94
4 116 94
4 113 66
4 129 115
4 51 105
4 111 94
4 113 36
4 37 124
4 125 71
4 111 122
4 51 117
5 67 61
