19 19 19 19 19 21 105
106 108
13 86 105
13 105 13 57 105 13 27 105 12 108 13 57 79 105 12 105
13 86 35 107
105
22 105
35 107 86 79 105 79 19 105 79 105 79 57 79 35 107
58 19 16 79 108
79 109 105 13 105 13 35 107 93 105 13 105 13 105 13 35 27 107 108 13 105 22 105
109
30 8 32 8 105
13 35 19 105
12 107
105
80 57 105 13 79 105
13 35 93 57 93 107 27 105 27 105 57 27 105
12 105 105
79 108
79 108
13 109
80 58 79 105 11 57 27 27 108
27 105 11 57 27 105 11 58 27 105 13 32 30 79 58 86 31 93 58 35 107 19 105 13 57 23 19 108 13 8 110 105 13 18 79 41 14 31 40 19 41
105 11 58 27 27 108
79 79 109
93 109
100 93 109
105
109
79 79 105
27 105 13 32 105 13 57 105 11 35 107 27 105 13 105 13 105 16 19 41
19 35 27 107 27 35 107 108
19 57 105 11 57 105 11 57 105 11 16 105 13 57 34 62 34 54 65 105 11 57 105 209 41 108
13 27 105 13 32 19 105 13 105 13 93 52 2 52 57 52 51 52 52 108
79 105 11 35 107 27 105 13 105 13 105 19 2 54 79 105 13 32 105 12 35 108
106 22 105
79 105 13 32 79 35 29 107 22 105 27 105 105
19 106 21 105
105
105
13 27 105 11 51 19 27 105 13 27 105 13 20 52 35 29 107 27 105 27 105 27 105 105
21 105
13 32 86 79 21 105 108
13 79 105
27 79 108
108
13 27 105
13 35 105
13 107
105 13 32 35 29 107 27 79 78 108 13 105 105
109 11 44 106 11 16 35 29 107 105
19 106
105
13 86 108
13 105
11 56 35 29 107 86 79 27 79 105
19 52 19 52 107
107
106
106 21 105
19 52 79 57 108
13 105
13 79 105
79 105
106
106 21 105
105 13 32 79 79 32 35 29 107 27 79 78 108 13 105 19 105
19 106
35 29 107 86 35 29 107 86 35 29 107 86 35 29 107 79 27 105 79 27 105 105
13 86 79 27 79 105
106 21 105
106 21 105
106 21 105
13 86 35 29 107 86 35 29 107 86 35 29 107 86 35 29 107 86 35 29 107 86 35 29 107 86 79 27 79 107
19 106 21 105
13 105 13 105 15 27 105 11 51 27 105 13 27 105 13 35 29 107 27 105 27 105 27 105 22 105 105
108
107
105
13 57 27 19 105 11 57 107
105 13 32 27 79 79 105 11 57 105
100 108
19 19 106 21 105
19 52 20 52 27 105 13 27 105 13 27 105 13 27 105 13 27 105 13 35 107
106
27 108 13 27 108 13 27 108 13 27 108 13 27 108 13 27 105
27 105
27 105
27 105
13 21 105 13 105
27 105
27 105
79 108
19 19 106 19 105
106
35 29 107 86 35 29 107 86 79 27 19 105 105
13 86 79 27 105
27 79 105
19 106 21 105
106
105
13 57 27 105 13 86 35 29 107 86 35 29 107 86 35 29 107 86 79 27 19 105 79 27 79 105 105
13 86 79 27 79 105
19 106 21 105
19 106 21 105
13 29 105 27 79 105 105
19 105
13 27 19 105 11 87 27 105 13 35 107 27 105 13 105 13 105 105
105
105
13 27 105 11 51 27 105 13 27 105 13 19 20 52 35 29 107 57 27 105 27 105 105
15 35 29 107 27 79 78 108 13 105 19 105
11 16 35 29 107 105
106 21 105
106 21 105
13 57 19 20 52 35 29 107 27 105 27 105 27 105 105
105
27 105
105
13 27 19 105 11 20 52 27 105 13 35 29 107 27 105 19 105
105 13 32 35 107 27 105 13 79 105 13 105 35 29 107 27 79 78 108 13 105 19 105
106 19 105
106 21 105
19 106 21 105
15 35 107 79 29 105 79 105
35 107 79 29 105 79 105
13 105 79 19 105
35 79 29 107 79 105
13 79 105 79 20 105
13 78 108 13 105 79 105
93 79 109 13 32 105
79 109 13 32 27 105 93 105
106 15
2 16 108 13 27 105 11 57 35 79 29 107 19 35 107 8 35 35 107 108 13 105 13 105 13 27 105 13 105 13 107 105 11 58 105 35 107 27 105 27 105 27 105 27 105 105 79 105
11 57 93 105
