1 6 7
1 15 16
1 21 22
1 29 30
1 32 33
1 38 39
1 39 40
1 40 41
1 41 42
1 42 43
1 43 44
1 44 45
1 45 46
1 46 47
1 47 48
1 48 49
1 49 50
1 50 51
1 51 52
1 52 53
1 53 54
1 54 55
1 55 56
1 56 57
1 57 58
1 58 59
1 59 60
1 60 61
1 61 62
1 62 63
1 63 64
1 64 65
1 65 66
1 80 81
2 88 38
2 88 8
2 88 66
2 88 25
2 88 28
2 88 26
2 2 18
2 74 75
2 71 75
2 1 26
2 1 28
2 1 8
2 70 75
2 72 75
2 91 87
2 31 18
2 31 19
2 34 26
2 34 33
2 34 32
2 34 33
2 73 75
2 82 35
2 17 35
2 12 35
2 9 35
2 3 35
2 11 35
2 67 35
2 79 35
2 83 35
2 37 35
2 69 35
2 77 35
2 68 35
2 84 35
2 36 35
2 76 35
2 24 26
2 24 23
2 24 27
2 24 28
2 24 22
2 24 21
2 20 35
2 13 35
2 10 35
2 14 35
2 85 35
2 78 35
3 29 30
3 31 15
3 6 7
3 80 81
3 5 4
4 89 88
4 16 1
4 90 86
