1 3 7
1 7 8
1 8 9
1 9 10
1 10 11
1 11 12
1 12 13
1 13 14
1 14 4
1 4 5
1 5 6
1 15 16
1 16 17
1 17 18
1 20 21
1 21 22
1 22 23
1 23 24
1 24 25
1 25 26
1 26 27
1 32 33
1 33 34
1 34 35
1 35 36
1 47 49
1 49 50
1 50 51
1 51 52
1 52 53
1 53 54
1 54 55
1 55 56
1 56 48
1 61 62
1 62 63
1 68 69
1 69 70
1 70 71
1 71 72
1 73 74
1 74 75
1 75 76
1 76 77
1 77 78
1 78 79
1 79 80
1 80 81
1 85 90
1 90 91
1 91 92
1 92 93
1 93 94
1 94 95
1 95 96
1 96 97
1 97 86
1 86 87
1 87 88
1 88 89
2 60 98
2 60 83
2 60 85
2 60 100
2 60 85
2 60 102
2 60 89
2 60 104
2 31 30
2 3 83
2 64 103
2 64 85
2 64 98
2 64 102
2 64 100
2 64 85
2 64 89
2 28 83
2 28 104
2 28 98
2 28 89
2 28 103
2 28 102
2 28 85
2 28 100
2 28 85
2 46 85
2 46 103
2 46 85
2 46 104
2 46 83
2 46 98
2 46 102
2 46 89
2 46 100
2 19 102
2 19 103
2 19 100
2 19 39
2 19 83
2 19 40
2 19 85
2 19 89
2 19 98
2 19 85
2 19 104
2 42 85
2 42 89
2 42 100
2 42 102
2 42 85
2 42 103
2 42 104
2 42 83
2 42 98
2 67 100
2 67 103
2 67 89
2 67 85
2 67 98
2 67 102
2 67 85
2 99 85
2 99 103
2 99 102
2 99 1
2 99 84
2 99 89
2 99 98
2 99 2
2 99 1
2 99 100
2 99 85
2 15 18
2 15 18
2 73 74
2 68 69
2 38 89
2 38 103
2 38 102
2 38 39
2 38 85
2 38 100
2 38 98
2 38 85
2 43 103
2 43 85
2 43 85
2 43 89
2 43 102
2 43 100
2 43 98
3 60 101
3 3 6
3 64 101
3 28 101
3 46 101
3 19 101
3 42 101
3 82 57
3 15 18
3 73 65
3 73 81
3 68 72
3 37 29
3 38 101
3 43 101
3 47 48
3 61 63
3 20 27
3 32 36
4 59 41
4 48 41
4 57 42
4 57 66
4 48 31
4 57 46
4 57 45
4 57 31
4 36 19
4 58 66
4 57 44
