41 27 105 11 57 105 105 41 27 105 11 57 105 41 27 105 11 57 105 41 27 105 11 57 20 105 41 27 105 11 57 105 105 105 42 27 105 11 57 27 105 13 32 58 27 108
35 107 105 13 32 19 105 105 11 20 52 27 105 13 57 108 8 41 20 51 35 107 27 105 13 105 13 105 13 108
19 19 19 106 93 58 100 86 87 86 105
41 27 105 13 32 27 105 13 32 108 13 58 35 27 107 27 105 93 30 93 58 100 93 57 93 105
31 27 108
105
13 27 105 13 58 27 107
15 35 107
105
13 105
13 93 52 93 30 93 57 93 105
31 27 105 11 57 87 108 12 85 58 27 107
41 27 108
41 14 31 40 27 105 13 32 58 27 107
27 105 13 108
13 105 13 108
13 57 35 107 27 105 13 105 13 27 105 13 105 13 108
35 107 105 13 105 13 35 107 105 13 32 27 105 27 105 105 108
21 21 19 19 19 106 105
19 19 109 11 44 106 11 16 93 79 108
41 35 93 107 27 105 36 27 72 36 94 73 35 107
105 105 41 35 93 107 27 105 19 36 27 72 27 72 19 27 72 19 36 35 107
105 105 41 105
108 108
108 41 93 108
41 93 108
41 35 27 107 27 108 13 105 105
106 91 105
35 29 107 27 79 105 13 109 13 105 27 79 105 13 109 13 105 19 105
13 32 105 13 105 27 35 27 107 105 13 105 11 105 13 105 13 108 27 105
19 106 91 105
19 19 109 11 44 106 11 16 93 109 11 36 109 13 32 109 11 36 35 107 34 53 35 107 27 105 13 35 107
105 13 91 35 107
105 13 91 35 107
105 13 105 13 105 2 41 19 73 209 41 14 27 105 13 108 41 93 109 2 41 27 93 107
2 41 35 29 107 105
79 108
19 105 11 58 20 52 79 108
109
19 27 105 13 32 105 13 57 105 11 57 27 27 108 19 16 27 27 108 2 41 14 27 105 13 108 2 41
106 105
106 21 105
19 109 11 44 106 11 16 79 105
111 21 9 105
106 21 105
19 106 21 105
19 109 11 44 106 11 16 107
41 35 29 107 35 107 27 27 105 105 105
41 108
13 108
41 35 107 105
13 109 13 105 35 27 107 77 105 13 27 105 13 77 105 13 105 13 105
13 108 13 105 41 93 27 105 11 58 107
41 93 27 105 11 58 107
41 19 107
41 19 107
27 105 11 57 35 29 107 35 107 27 27 105 105 105
35 29 107 35 107 27 105 105 105
35 29 107 35 107 27 105 105 105
106 21 105
19 109 11 44 106 11 16 108
41 108
41 35 27 107 27 108 13 105 105
79 105 11 58 79 35 107
35 93 29 107 35 107 27 105 105 93 105
106 100 105
79 79 35 107
19 19 19 79 108
13 27 105 13 32 105 13 105 35 79 108
13 29 107 35 107 32 105 13 109 13 105 13 27 105 13 65 105 11 62 79 108
13 27 105 11 57 27 35 27 107 65 105 13 27 27 105 13 105 13 27 105 13 105 13 105 105 79 108
13 105
19 108
13 27 105 13 32 105 13 105 32 105 13 109 13 105 13 79 108
13 27 105 11 57 35 27 107 105 13 105 13 108
15 14 105 27 105 13 108 41 79 108
13 27 105 11 57 93 34 19 54 65 105 11 57 27 105 13 34 56 65 108
41 209 41 79 108
13 27 105 11 57 27 105 11 57 35 108
13 29 107 108
13 105
79 108
107 86 105
35 107 27 79 105 27 79 105 18
19 19 65 8 35 107 105 13 32 27 79 105 19 105 105 105 11 20 52 27 105 13 58 27 108
107
108
107
105 13 35 35 107 107 35 107 105 13 57 105 27 105 41 14 27 108
79 93 105
18 107
107
108
107
41 14 27 108
79 93 105
41 20 52 107
13 57 35 105 13 107 86 79 105 13 19 105 79 35 93 107
19 35 107 27 105 13 105 13 27 105 13 105 13 108
19 19 65 57 35 107 105 13 32 19 105 105 11 20 52 27 105 13 41 8 41 14 27 108
19 93 57 93 105 11 16 105 13 35 29 107 22 105
27 105 13 32 105 13 58 19 18 105 11 44 27 41 27 41 27 41 44
22 93 58 35 107 105 13 35 27 27 108 13 107 105
105
