1 4 5
1 5 6
1 6 7
1 7 8
1 10 11
1 14 15
1 19 20
1 20 21
1 43 44
1 44 45
1 45 46
1 46 47
1 48 49
1 50 51
1 54 55
1 55 56
2 31 56
2 41 56
2 33 56
2 23 56
2 25 56
2 35 56
2 27 56
2 37 56
2 29 56
2 26 56
2 28 56
2 34 56
2 17 21
2 40 56
2 30 56
2 36 56
2 24 56
2 42 56
2 32 56
2 38 56
3 4 8
3 39 54
3 31 54
3 41 54
3 33 54
3 23 54
3 25 54
3 35 54
3 27 54
3 37 54
3 29 54
3 52 53
3 58 57
3 26 54
3 28 54
3 50 51
3 10 11
3 34 54
3 14 15
3 17 19
3 43 47
3 40 54
3 30 54
3 36 54
3 2 1
3 24 54
3 48 49
3 42 54
3 32 54
3 13 16
3 38 54
4 15 22
4 8 18
4 16 12
4 11 3
5 11 9
