11 57 27 19 105 105 93 27 105 19 105
105 11 44 15 93 27 105 105
106 22 105
79 79 105
13 32 79 105
13 32 105
11 108 13 86 35 79 105
13 29 107 79 105
44 15 27 105 11 57 105 13 27 105 11 57 105
105 11 44 15 35 105
13 29 107 19 105
106 21 105
79 108
35 79 105
13 29 107 79 105
13 105 11 57 35 29 107 105
105 11 44 15 105
106 21 105
19 93 35 27 107 105 13 105 13 105 35 79 107 108
13 35 79 107 108
13 108 13 19 8 8 110 15
106 21 105
105 13 27 105 11 57 105 13 57 27 105 13 32 34 36 19 34 53 19 34 19 53 105
105 11 44 15 105
105 13 27 105 11 57 105 13 57 27 105 13 32 34 36 19 34 53 19 34 19 53 105
105 11 44 15 105
105 13 27 105 11 57 105 13 57 27 105 13 32 34 36 19 34 53 19 34 19 53 105
105 11 44 15 105
105 13 27 105 11 57 105 13 57 27 105 13 32 34 36 19 34 53 19 34 19 53 105
105 11 44 15 105
105 13 27 105 11 57 105 13 57 27 105 13 32 34 36 19 34 53 19 34 19 53 105
105 11 44 15 105
105 13 27 105 11 57 105 13 57 27 105 13 32 34 36 19 34 53 19 34 19 53 105
105 11 44 15 105
105 13 27 105 11 57 105 13 57 27 105 13 32 34 36 19 34 53 19 34 19 53 105
105 11 44 15 105
105 13 27 105 11 57 105 13 57 27 105 13 32 34 36 19 34 53 19 34 19 53 105
105 11 44 15 105
105 13 27 105 11 57 105 13 57 27 105 13 32 34 36 19 34 53 19 34 19 53 105
105 11 44 15 105
105 13 27 105 11 57 105 13 57 27 105 13 32 34 36 19 34 53 19 34 19 53 105
105 11 44 15 105
79 58 15 105 11 45 41 79 93 109
19 84 41 79 93 109
19 84 41 79 93 109
19 84 41 35 105
13 29 107 105
105 11 45 15 35 105
13 29 107 105
105 11 45 15 35 105
13 29 107 105
77 44 15 79 108
13 29 105 105
93 35 27 107 105 13 105 13 105 79 19 35 79 107 19 108
13 79 19 35 79 107 19 108
13 108 13 19 105 13 19 19 8 110 15 14 105 41
93 35 27 107 105 13 105 13 105 79 19 35 79 107 19 108
77 44 15 79 108
