1 1 2
1 2 3
1 6 7
1 10 11
1 11 12
1 12 13
1 13 14
1 74 75
1 75 76
1 76 77
1 81 82
1 99 100
2 29 5
2 29 14
2 29 39
2 29 36
2 29 33
2 29 47
2 29 34
2 29 10
2 32 5
2 32 14
2 32 10
2 32 33
2 32 14
2 32 34
2 107 22
2 107 98
2 107 79
2 107 33
2 107 26
2 107 20
2 107 24
2 107 23
2 107 20
2 107 83
2 107 5
2 107 26
2 107 17
2 107 25
2 107 21
2 107 14
2 107 34
2 107 27
2 107 97
2 107 106
2 107 14
2 107 10
2 31 34
2 31 5
2 31 33
2 31 14
2 31 14
2 31 10
2 103 14
2 103 33
2 103 83
2 103 5
2 103 97
2 103 14
2 103 79
2 103 10
2 103 98
2 103 34
2 64 36
2 64 14
2 64 5
2 64 34
2 64 33
2 64 10
2 64 47
2 64 14
2 64 39
2 28 33
2 28 10
2 28 14
2 28 5
2 28 14
2 28 34
2 63 33
2 63 14
2 63 34
2 63 10
2 63 14
2 63 5
2 92 79
2 92 87
2 101 100
2 101 99
2 101 100
2 101 98
2 38 34
2 38 5
2 38 42
2 38 14
2 38 33
2 38 10
2 38 14
2 38 67
2 37 52
2 46 42
2 46 14
2 46 33
2 46 14
2 46 10
2 46 5
2 46 34
2 44 33
2 44 5
2 44 14
2 44 42
2 44 34
2 44 10
2 44 14
2 43 10
2 43 33
2 43 42
2 43 14
2 43 5
2 43 14
2 43 34
2 43 52
2 45 52
2 62 14
2 62 5
2 62 33
2 62 34
2 62 14
2 62 10
2 61 60
2 51 5
2 51 14
2 51 34
2 51 67
2 51 33
2 51 14
2 51 10
2 51 42
2 57 14
2 57 33
2 57 5
2 57 10
2 57 14
2 57 34
2 68 14
2 68 33
2 68 42
2 68 14
2 68 10
2 68 5
2 68 34
2 68 67
2 91 83
2 91 89
2 91 90
2 91 98
2 91 79
2 91 88
2 6 7
2 84 98
2 84 83
2 84 79
2 1 3
2 40 10
2 40 42
2 40 34
2 40 67
2 40 33
2 40 5
2 40 14
2 40 14
2 105 105
2 105 105
2 74 77
2 74 98
2 74 73
2 48 34
2 48 14
2 48 33
2 48 10
2 48 14
2 48 5
2 54 34
2 54 10
2 54 5
2 54 14
2 54 33
2 54 14
2 85 98
2 85 83
2 85 79
2 86 94
2 86 95
2 86 79
2 65 55
2 65 56
2 8 9
2 18 22
2 35 34
2 35 10
2 35 14
2 35 33
2 35 5
2 35 14
2 59 60
2 19 24
2 19 22
2 19 20
2 19 23
2 19 20
2 19 21
2 19 17
2 19 26
2 19 27
2 19 25
2 19 26
2 80 87
2 53 10
2 53 34
2 53 33
2 53 5
2 53 14
2 53 14
2 15 16
3 29 5
3 29 50
3 107 93
3 107 78
3 107 5
3 107 50
3 31 5
3 31 50
3 103 5
3 103 50
3 103 93
3 103 78
3 64 5
3 64 50
3 81 82
3 92 69
3 38 49
3 38 42
3 38 41
3 38 30
3 46 49
3 46 42
3 46 41
3 44 49
3 44 42
3 44 41
3 62 58
3 51 49
3 51 42
3 51 41
3 51 30
3 51 50
3 57 58
3 68 49
3 68 42
3 68 41
3 68 30
3 68 50
3 40 49
3 40 50
3 40 42
3 40 41
3 40 30
3 54 58
3 86 78
3 86 96
3 86 95
3 65 56
3 66 30
3 102 104
3 35 5
3 35 50
3 80 69
3 53 58
4 30 29
4 69 72
4 49 31
4 4 107
5 70 71
