108
11 58 108
79 105 15 108 12 79 105 13 19 105 13 109 11 57 108
19 105 13 105 13 57 22 105 105
11 84 79 35 27 107 27 108 13 105 105 13 22 105
79 79 105
13 35 107 105 15 14 41
79 79 105
108 19 2 54 77 121 50 61 77 62 137 77 209 56 109 13 32 105 12 181 109 13 32 105 209 2 41 15
19 19 57 27 105 11 57 35 27 107 105 13 105 13 2 19 54 35 107 105 13 32 79 57 33 57 8 32 8 79 109
13 105 79 109
13 105 20 105 20 105 19 105 27 108
13 105
13 105 57 57 27 27 105 35 107 35 20 107 105 105 105 13 19 105 34 105 27 34 108 13 105 27 27 105 105 13 105 105 105 11 20 52 105 13 57 35 20 107 8 108
19 106 35 105
13 107 86 79 105 79 105 79 58 35 107 86 79 35 19 107
13 19 19 110 13 109 13 8 32 8 18 14 108
79 20 27 105
79 65 27 79 108
19 79 79 79 79 105 79 79 79 19 105 13 86 27 79 108
105 105 108
15 105 11 57 105 41 14 108
13 42 105 13 32 42 109 13 32 9 79 109 13 32 105 42 109 13 32 109 13 32 109 13 108
42 105 13 9 107
11 112 107 58 105 13 32 19 105 91 212 105 19 105 19 105 19 105 27 105 27 27 105 27 27 105 9 79 57 9 79 109 13 109 13 109 11 58 112
35 105 13 107 114 13 109 13 109 11 58 27 105 105 105 105 105 11 105 13 19 105 13 19 20 53 20 53 35 105 13 9 107
105 18 77 19 51 77 19 52 93 41 77 19 52 79 41
106 79 105
108
13 58 22 105 22 105 105 105
106 108
27 105 13 58 35 107 105 13 35 29 107 20 105 13 57 79 57 79 105 13 57 79 105 13 109 11 58 15 79 105 13 109 13 109 11 57 109 13 32 27 105 11 57 79 105 13 109 41 14 105 109 13 109 11 57 109 13 32 108 13 105 13 33 57 32 105
11 19 52 19 79 27 105 13 32 27 105 13 27 105 13 58 57 105 12 108 12 24 181 50 60 19 57 105 12 132 105
79 27 105 13 32 105 13 58 19 105
35 79 107
13 107 105 105 13 105 79 27 105 35 107 27 27 8 110 41 35 107 79 105 13 27 105 13 107
108
19 79 105
13 107 86 79 108
79 108
13 105
13 105 13 22 105
106 79 20 105 79 108
106 79 108
106 108
79 108
13 107 86 79 105 13 105 79 105 13 105 79 35 107
23 79 79 105
13 105 27 35 107 105 13 105 13 105 13 105 105
19 27 105 13 32 58 15 35 29 107 105 108
79 79 35 80 79 79 79 77 112
13 27 105 13 32 105 13 57 105 11 57 2 16 19 41 14 2 41
79 19 108
79 19 108
11 105 108
11 57 35 27 107 27 105 105 13 105 105 13 105
79 19 108
41 27 105 11 57 20 105 13 108 13 35 107 108
79 79 79 108
35 107 18
105
79 108
106 105
79 105
79 108
79 108
35 107 27 27 105 27 105 27 105 108
79 79 35 80 79 79 79 77 112
105
19 105
106
19 19 19 106 87 93 30 93 57 93 93 58 100 105
105 13 32 18
35 107 27 105 13 79 105 13 105 13 108
35 79 107 105
13 79 108
19 105 105 105 11 20 53 20 53 35 107 27 105 13 105 13 27 105 13 79 105 13 105 13 108
35 107 35 27 27 107 105 108
105 13 22 105
35 107 27 27 105 79 35 27 107
35 27 107 108 13 105 79 105
13 57 108
13 32 107 86 19 86 87 87 87 105
79 108
79 57 79 105 79 105 79 57 79 105
23 30 79 57 79 58 27 108
35 107 27 79 105 27 79 105 18
105 13 32 18
35 105 13 107 108
19 105 105 105 11 107
107
19 35 107 27 105 13 105 13 27 105 13 105 13 108
19 93 57 93 105 11 16 105 13 35 29 107 22 105
27 105 13 32 105 13 58 19 18 105 11 44 27 41 27 41 27 41 44
22 93 58 35 107 105 13 35 27 27 108 13 107 105
19 93 57 93 18 105 13 35 27 27 108 13 107 22 105
105
93 58 35 107 105 13 105 13 57 105 11 57 27 105 11 57 27 27 108 13 35 107 27 105 13 93 105 13 105 13 108 13 105 13 93 105 13 105 11 58 27 105 13 93 105 13 105 11 62 35 107 105 13 27 105 13 105 13 105 13 35 107 93 105 13 27 105 13 93 105 13 105 13 35 107 27 105 13 105 13 27 105 13 105 13 27 105 13 105 13 27 105 13 105 13 27 105 13 27 105 13 105 13 35 107 105 13 27 105 13 27 105 13 27 105 13 27 105 13 105 13 100 93 18
35 107 105 13 32 105 13 108
105 35 105 13 107 108
35 107 105 13 27 105 11 57 79 105
79 105
106 105
35 27 27 108 13 107 105
35 27 107 105 13 32 35 35 105 13 107 107 27 105 13 57 35 107 105 13 105 13 105 13 41 79 108
13 32 105 13 57 105 11 57 35 107 105 13 105 13 108 79 109 15 27 86 41
106 107
