19 35 9 107 19 105 13 32 19 105 105 105 13 108 13 19 93 19 105
109
19 19 79 108
79 105
19 35 29 107 108
13 35 107 105 105 105 105 105 19 105 108 12 105 91 20 53 27 105 91 20 55 105 91 20 53 105 105 13 86 79 21 79 105 15 21 105 41
106 21 105
109 11 44 106 11 16 105
79 27 105 11 16
79 27 8 110 79 27 8 110 15
106 21 105
105
13 105
13 35 107 29 105 13 27 105 13 21 105
13 21 105 13 105 13 105
109 93 93 91 105 13 32 105
79 108
98 93 35 93 29 107 21 105
98 93 35 93 29 107 21 105
79 105
93 93 105
106
109 11 44 106 11 16 107
41 35 29 107 21 105
35 107
