108 19 2 54 77 121 50 61 77 62 137 77 209 56 109 13 32 105 12 181 109 13 32 105 209 2 41 15
79 79 105
13 35 107 105 15 14 41
79 79 105
19 19 57 27 105 11 57 35 27 107 105 13 105 13 2 19 54 35 107 105 13 32 79 57 33 57 8 32 8 79 109
13 105 79 109
13 105 20 105 20 105 19 105 27 108
13 105
13 105 57 57 27 27 105 35 107 35 20 107 105 105 105 13 19 105 34 105 27 34 108 13 105 27 27 105 105 13 105 105 105 11 20 52 105 13 57 35 20 107 8 108
19 105 13 105 13 57 22 105 105
108
11 58 108
79 105 15 108 12 79 105 13 19 105 13 109 11 57 108
11 84 79 35 27 107 27 108 13 105 105 13 22 105
13 58 22 105 22 105 105 105
108
106 108
27 105 13 58 35 107 105 13 35 29 107 20 105 13 57 79 57 79 105 13 57 79 105 13 109 11 58 15 79 105 13 109 13 109 11 57 109 13 32 27 105 11 57 79 105 13 109 41 14 105 109 13 109 11 57 109 13 32 108 13 105 13 33 57 32 105
11 19 52 19 79 27 105 13 32 27 105 13 27 105 13 58 57 105 12 108 12 24 181 50 60 19 57 105 12 132 105
79 27 105 13 32 105 13 58 19 105
13 107 105 105 13 105 79 27 105 35 107 27 27 8 110 41 35 107 79 105 13 27 105 13 107
13 107 86 79 108
108
19 79 105
79 108
13 105
13 105 13 22 105
13 107 86 79 105 13 105 79 105 13 105 79 35 107
106 79 20 105 79 108
106 79 108
106 108
79 108
13 105 27 35 107 105 13 105 13 105 13 105 105
19 27 105 13 32 58 15 35 29 107 105 108
79 79 35 80 79 79 79 77 112
79 108
13 27 105 13 32 105 13 57 105 11 57 2 16 19 41 14 2 41
79 19 108
79 19 108
11 105 108
11 57 35 27 107 27 105 105 13 105 105 13 105
79 19 108
41 27 105 11 57 20 105 13 108 13 35 107 108
79 79 79 108
35 107 18
105
79 108
79 105
79 108
35 107 27 27 105 27 105 27 105 108
79 108
79 79 35 80 79 79 79 77 112
79 105
79 105 11 16
105
35 107 100 35 107
93 57 29 105 13 93 105 13 105 13 32 86 15 14 27 108
108
13 79 105
40 35 112
105
79 105 79 105 11 108
13 109
12 107
11 57 79 105 11 52 108
13 109
12 181 23 50 62 79 105 107
22 22 77 108
27 105 27 79 105 80 57 21 105
19 105
13 19 8 8 8 112
79 105 11 57 79 105 15 35 29 107 105
21 21 19 19 19 106 105
19 109 11 45 106 11 16 79 57 79 105 41 79 57 79 105 11 57 79 105 41 35 29 107 105
106 21 105
108
105
13 27 19 105 11 87 91 209 98 214 58 93 57 93 105
11 57 91 19 54 93 105
35 35 107
107 105 21 105
13 35 107
105 15 91 209 98 41 14 35 29 107 105
106 21 105
41 35 29 107 105
19 19 106 36 35 107
19 19 106 21 105
11 57 79 35 79 29 107 105
79 19 87 35 79 29 107 27 79 105 27 19 105 79 105
13 105 27 19 105 79 105
13 105 27 19 105 79 105
13 29 107 105
