1 19 20
1 25 33
1 33 34
1 34 35
1 35 36
1 36 37
1 37 38
1 38 39
1 39 40
1 40 26
1 26 27
1 27 28
1 28 29
1 29 30
1 30 31
1 31 32
1 41 42
1 42 43
1 43 44
1 49 50
1 51 52
1 52 53
1 56 61
1 61 62
1 62 63
1 63 64
1 64 65
1 65 66
1 66 67
1 67 68
1 68 57
1 57 58
1 58 59
1 59 60
1 72 76
1 76 77
1 77 78
1 78 79
1 79 80
1 80 81
1 81 82
1 82 83
1 83 73
1 73 74
1 74 75
1 86 87
1 87 88
1 88 89
1 89 90
1 92 93
1 93 94
1 96 97
1 98 99
1 101 102
1 102 103
1 105 106
1 107 108
1 108 109
1 109 110
1 110 111
1 111 112
1 112 113
1 113 114
1 116 117
1 119 120
1 121 122
1 122 123
1 126 137
1 137 145
1 145 146
1 146 147
1 147 148
1 148 149
1 149 150
1 150 151
1 151 127
1 127 128
1 128 129
1 129 130
1 130 131
1 131 132
1 132 133
1 133 134
1 134 135
1 135 136
1 136 138
1 138 139
1 139 140
1 140 141
1 141 142
1 142 143
1 143 144
1 154 161
1 161 162
1 162 163
1 163 164
1 164 165
1 165 166
1 166 167
1 167 168
1 168 155
1 155 156
1 156 157
1 157 158
1 158 159
1 159 160
1 174 182
1 182 183
1 183 184
1 184 185
1 185 186
1 186 187
1 187 188
1 188 189
1 189 175
1 175 176
1 176 177
1 177 178
1 178 179
1 179 180
1 180 181
1 190 191
2 190 191
2 193 4
2 193 169
2 193 3
2 193 169
2 193 3
2 193 2
2 193 1
2 193 10
2 193 170
2 69 69
2 174 181
2 56 57
2 56 60
2 192 170
2 49 50
2 153 8
2 154 1
2 154 169
2 154 163
2 154 2
2 154 169
2 154 3
2 154 4
2 154 160
2 154 3
2 154 10
2 152 10
2 152 3
2 152 3
2 152 1
2 152 4
2 152 2
2 51 53
2 51 51
2 126 5
2 126 6
2 54 55
2 54 55
2 54 55
2 173 170
2 173 2
2 173 4
2 173 3
2 173 3
2 173 6
2 173 1
2 173 10
2 173 5
3 48 12
3 193 170
3 193 172
3 45 12
3 192 170
3 192 172
3 49 50
3 153 9
3 153 7
3 154 168
3 152 171
3 19 20
3 126 171
3 126 144
3 25 32
3 121 123
3 86 90
3 105 106
3 41 44
3 101 103
3 96 97
3 119 120
3 92 94
3 107 114
3 72 75
3 116 117
3 173 170
3 173 172
3 98 99
4 47 194
4 95 91
4 120 15
4 16 70
4 123 100
4 117 46
4 106 84
4 120 18
4 11 196
4 172 125
4 195 24
4 22 21
4 118 56
4 13 70
4 104 91
4 23 21
4 103 115
4 14 71
4 97 84
4 124 85
4 94 115
4 17 71
5 170 173
5 172 173
