93 35 107 27 105 13 105 13 105 13 108
106
79 105
106
9 79 9 113
13 20 110
9 79 9 113
13 20 110
9 79 9 113
13 9 79 9 113
13 110
35 9 79 9 9 79 9 114
13 9 9 107 20 9 3 105 35 9 79 9 9 79 9 114
13 9 9 107 9 79 9 113
11 9 3 105 35 20 20 9 3 107
13 57 9 79 9 113
11 112 9 9 105 20 9 3 107
11 20 9 3 107
11 20 9 3 107
11 20 9 3 107
11 9 3 3 3 3 105 20 9 3 105 20 9 3 105 35 9 79 9 9 79 9 114
13 9 107 35 20 20 112 9 105 20 3 105 20 3 105 20 113 13 110 11 3 105 35 9 79 9 9 79 9 114
13 9 107 35 20 20 3 3 107 20 3 105 105 27 9 105 20 113 13 110 11 3 105 9 79 9 9 79 9 114
13 110 13 27 27 9 79 9 9 79 9 114
13 110 13 9 9 9 105 11 105 13 9 79 9 113
13 27 9 9 51 9 79 9 113
13 110
13 113 11 3 105 91 20 3 3 53 20 9 105 105 93 9 105 20 20 9 3 107
11 20 20 9 3 107
11 3 3 3 3 105 91 20 3 3 53 105 35 9 9 107
9 105 35 9 79 9 9 79 9 114
13 9 9 107 35 20 20 9 3 3 107 20 20 9 3 3 105 110 27 9 9 105 20 113 13 110 11 9 3 105 27 27 9 79 9 9 79 9 114
13 110 13 9 9 9 105 11 3 105 13 9 79 9 113
13 27 9 9 51 9 79 9 113
13 113 11 9 3 105 91 20 3 3 53 20 9 9 105 9 9 105 93 9 9 105 20 20 9 3 107
11 20 20 9 3 107
11 9 3 3 3 3 105 91 20 3 3 53 110 35 9 9 107
9 79 9 35 9 79 9 9 79 9 114
9 9 105 9 79 9 35 9 79 9 9 79 9 114
13 112 113
35 20 20 9 3 3 107 20 20 9 3 3 105 20 20 9 3 3 105 9 79 9 113
13 9 9 105 9 79 9 113
13 20 113 13 110 11 110 9 79 9 113
13 20 110 9 79 9 113
13 9 79 9 110 9 79 9 113
13 20 110 9 79 9 113
13 20 110 9 79 9 113
13 20 110 9 79 9 113
13 21 112
13 35 9 9 107
110 20 9 3 107
13 9 105 35 9 79 9 9 79 9 114
13 9 9 107 9 79 9 113
13 27 9 9 51 9 79 9 113
13 113 11 9 105 35 20 20 9 3 107
11 9 3 3 107 20 20 9 3 3 105 9 9 105 9 79 9 113
13 27 9 9 51 20 9 3 107
11 20 9 3 107
11 20 9 3 107
113
11 20 9 3 107
11 9 3 3 3 3 105 20 9 3 105 20 9 3 105 20 9 3 107
13 110 9 79 9 35 9 79 9 9 79 9 114
13 112 113
9 79 9 113
13 110
13 110 13 21 3 9 84 9 79 9 113
27 9 105 11 57 35 27 107 113 13 105 9 79 79 109
13 105
