1 4 5
1 5 6
1 6 7
1 8 19
1 19 20
1 20 21
1 21 22
1 22 23
1 23 24
1 24 25
1 25 26
1 26 9
1 9 10
1 10 11
1 11 12
1 12 13
1 13 14
1 14 15
1 15 16
1 16 17
1 17 18
1 28 30
1 30 31
1 31 32
1 32 33
1 33 34
1 34 35
1 35 36
1 36 37
1 37 29
1 43 44
1 44 45
1 45 46
1 46 47
1 47 48
1 48 49
1 54 55
1 55 56
1 56 57
1 57 58
1 58 59
1 60 61
1 61 62
1 63 64
1 64 65
1 65 66
1 67 68
1 68 69
1 70 71
1 71 72
1 72 73
1 73 74
1 74 75
1 75 76
1 76 77
1 95 96
1 97 98
2 3 93
2 3 93
2 3 92
2 3 93
2 3 91
2 3 40
2 3 93
2 3 39
2 3 41
2 3 40
2 3 91
2 3 84
2 3 41
2 8 93
2 8 39
2 8 40
2 8 41
2 8 93
2 8 91
2 8 41
2 8 40
2 8 92
2 8 93
2 8 84
2 8 91
2 8 93
2 8 53
2 42 93
2 42 40
2 42 41
2 42 41
2 42 39
2 42 93
2 42 93
2 42 91
2 42 91
2 42 84
2 42 92
2 42 40
2 42 93
2 100 100
2 28 91
2 28 40
2 28 40
2 28 41
2 28 93
2 28 39
2 28 92
2 28 1
2 28 84
2 28 93
2 28 91
2 28 93
2 28 1
2 28 41
2 28 93
2 78 81
2 50 93
2 50 93
2 50 41
2 50 41
2 50 91
2 50 93
2 50 40
2 50 84
2 50 91
2 50 39
2 50 93
2 50 92
2 50 40
2 79 81
2 80 40
2 80 84
2 80 93
2 80 93
2 80 91
2 80 93
2 80 93
2 80 39
2 80 41
2 80 40
2 80 92
2 80 91
2 80 41
2 94 99
2 27 53
2 97 98
2 54 63
2 52 40
2 52 92
2 52 93
2 52 93
2 52 91
2 52 41
2 52 93
2 52 91
2 52 41
2 52 93
2 52 39
2 52 40
2 52 84
2 51 91
2 51 41
2 51 93
2 51 39
2 51 84
2 51 93
2 51 40
2 51 41
2 51 91
2 51 40
2 51 93
2 51 92
2 51 93
2 83 39
2 83 91
2 83 40
2 83 91
2 83 41
2 83 93
2 83 41
2 83 40
2 83 84
2 83 92
2 83 93
2 83 93
2 83 93
3 8 18
3 60 62
3 28 29
3 97 98
3 95 96
3 54 66
3 54 59
3 88 90
3 88 89
3 4 5
3 43 49
3 85 87
3 86 87
3 70 77
3 67 69
4 7 38
4 5 38
4 82 38
5 7 2
