13 105 13 105 13 35 107 27 105 105 105 105 13 35 107 27 105 105 105 105 13 35 27 108 13 107 22 105 27 27 105 108 13 105 108
13 19 105
13 57 109 13 109 11 57 109 13 32 79 79 57 109 11 58 35 107
86 79 57 79 79 86 109 41 14 105 41 35 27 107 108
13 105
13 19 105
13 79 58 35 35 79 107 107 86 35 107 105 11 57 105 20 36 79 107
57 105 13 57 79 108 11 58 35 35 107 79 105 13 27 105 13 105 13 105 13 107 57 105 11 57 105 105 15
19 19 35 107 27 105 11 57 27 105 13 27 105 13 34 2 54 65 27 105 13 19 65 108 13 19 65 108 13 105 27 19 65 108 13 105 11 57 19 65 108 13 35 105 13 107
106 108 11 108
13 105 27 105 105 105
19 19 106
13 19 105
79 35 79 19 19 107
19 79 35 79 80 57 2 107
13 105 11 58 105 105 13 35 107 8 8 20 36 2 57 105 11 62 19 105 41 14 2 41 14 8 41 108
35 107 105 11 57 105 11 57 105 19 16 19 41
105 13 35 107 105 15 14 105 41
19 35 107 105 11 58 16 105 11 57 105 13 2 2 34 54 93 105 11 57 35 35 107 105 13 65 105 13 105 13 107 105 11 57 105 105 11 57 35 107 105 13 96 105 13 65 105 13 105 13 108
109
19 77 44 15 77 52 108
58 19 16 20 27 105 13 32 105 13 57 105 11 57 105 11 105 11 19 52 108
19 58 16 27 105 13 32 105 13 58 2 105 11 57 57 19 2 41 105 11 41 14 41 14 41 2 41
19 58 16 27 105 13 32 105 13 57 105 11 57 19 2 41 14 2 41 2 41
13 57 105 11 62 35 35 107 105 13 96 105 13 105 13 105 13 107 105 11 57 105 11 57 105 13 2 34 54 94 57 27 35 107 27 105 13 209 105 13 105 13 108 65 105 13 65 105 11 58 209 2 41 27 41 20 105 11 19 51 19 105 13 209 105 11 209 105 13 108 12 80 58 65 105 41 14 105 42 14 40 14 105 5 41 78 50 62 107
79 57 35 107 86 79 27 105 79 79 79 105
35 107 86 79 27 105 79 79 79 105
35 107 86 79 27 105 79 79 79 105
35 107 86 79 27 105 79 79 79 105
35 107 86 79 27 105 79 19 79 19 108
79 30 79 105 11 58 94 57 27 27 108 19 108 13 86 35 107
