1 7 8
1 49 50
1 50 51
1 51 52
1 55 56
1 56 57
1 57 58
1 60 61
1 61 62
2 45 35
2 63 40
2 63 34
2 63 32
2 63 33
2 72 67
2 71 67
2 59 32
2 59 34
2 59 33
2 59 40
2 70 67
2 54 40
2 54 33
2 54 32
2 54 34
2 44 34
2 44 40
2 44 33
2 44 32
2 68 67
2 53 34
2 53 33
2 53 32
2 53 40
2 69 67
2 48 34
2 48 33
2 48 32
2 48 40
2 66 40
2 66 34
2 66 32
2 66 33
2 10 31
2 18 33
2 21 34
2 22 34
2 24 34
2 39 31
2 14 33
2 6 33
2 1 31
2 20 32
2 30 31
2 9 32
2 23 34
2 38 33
2 36 33
2 29 33
2 26 34
2 27 31
2 27 33
2 28 32
2 16 33
2 12 34
2 4 31
2 13 33
2 5 32
2 64 32
2 64 33
2 64 40
2 64 34
2 43 32
2 43 34
2 43 40
2 43 33
2 65 40
2 65 32
2 65 34
2 65 33
2 11 40
2 11 34
2 11 33
2 11 32
2 2 33
2 2 32
2 2 34
2 2 40
2 15 34
2 15 32
2 15 33
2 15 40
2 41 32
2 41 34
2 41 40
2 41 33
2 25 33
2 25 32
2 25 34
2 25 40
2 19 33
2 3 33
2 3 31
2 37 31
2 37 32
2 37 33
2 17 34
2 46 33
2 46 32
2 46 34
2 46 40
2 47 40
2 47 33
2 47 32
2 47 34
3 60 62
3 44 42
3 7 8
3 55 58
3 49 52
