105
79 79 105 13 32 105
105
105
105
105
35 79 79 29 107 22 105 79 79 105 13 32 105
79 105
105
105
19 105 13 109 13 19 52 79 79 35 107
105
105
105
79 79 105 13 32 105
105
105
105
105
105
105
105
105
105
79 21 105 13 32 79 79 79 35 107
105
105
105
105
105
93 27 105 13 32 105 13 57 105 11 57 19 16 19 41
93 27 105 13 32 105 13 57 105 11 57 19 16 19 41
93 27 105 13 32 105 13 57 105 11 57 19 16 19 41
93 27 105 13 32 105 13 57 105 11 57 19 16 19 41
93 27 105 13 32 105 13 57 105 11 57 19 16 19 41
105
105
105
105
93 27 105 13 32 105 13 57 105 11 57 19 16 19 41
79 21 105 13 32 79 79 105 13 105 13 108
13 19 105
106
105
106 35 107
105 11 44 19 16 32 105 13 21 93 105 105 79 79 105 11 58 79 21 105
105 11 44 19 16 32 105 13 21 93 105 105 79 79 105 11 58 79 21 105
19 35 107
19 79 79 79 105
13 27 19 105 79 79 79 105
13 58 79 79 79 79 79 79 105
13 105
19 35 107
35 107
19 79 79 79 105
13 27 19 105 79 79 79 105
13 58 79 79 79 79 79 79 105
13 105
35 107
105 13 109 13 32 35 29 107 105
13 32 105
20 105
105 13 109 13 32 35 107
109 11 44 106
19 105 13 109 13 19 52 79 108
79 33 57 79 32 105
79 57 80 57 108 12 78 149 23 50 59 79 23 105 85 15
105
79 105
79 105
105 11 44 19 16 105 11 105 11 105
79 109
