19 108
57 35 29 107 105
106 22 105
19 108
57 35 29 107 105
23 19 19 19 105 11 45 15 105
87 35 29 107 105
106 21 105
19 108
58 35 29 107 105
19 105 11 45 15 108
13 105
108
13 19 105
105
35 29 107 105
106 21 105
13 105 11 57 79 108
79 84 19 79 108
13 105 11 53 79 108
13 79 105
13 21 105 13 105 79 108
13 105 79 108
13 105 13 32 79 108
13 35 27 107 79 108
13 105 13 32 105 13 105 13 105 13 108 79 86 108
106 21 105
19 108 13 100 79 27 27 109 79 27 27 109 79 27 109 79 27 109 79 27 27 109 79 27 109 79 27 27 109 79 27 27 109 79 27 109 79 27 109 79 27 109 79 27 27 109 79 27 27 109 79 27 27 109 79 27 27 109 79 27 109 79 109 93 105 11 58 35 27 107 105
106
19 52 108
13 105
105
27 35 27 107 105 13 105 13 108 27 35 27 107 105 13 105 13 108 15 58 35 27 107 19 105
106 21 105
