13 32 105 13 57 105 11 57 19 16 19 41
21 21 106 21 105
13 86 27 79 105 20 105
35 29 107 27 79 105 13 105 27 93 105 105
19 20 52 19 52 107
106 21 105
106 21 105
105 11 44 15 107
41 35 105
13 29 107 22 105 105
106 21 105
19 108
79 108
19 79 105
35 79 29 107 79 105
79 108
32 105
35 79 79 105
13 29 107 22 105 79 79 105
35 79 29 107 79 105
35 79 29 107 79 105
35 107
79 27 105 13 32 105 13 57 105 11 57 19 16 19 41
19 79 108
35 79 79 108
13 29 107 79 79 108
13 105
79 105
35 79 105
13 29 107 22 105 79 105
13 105
79 105
35 79 105
13 29 107 22 105 79 105
13 105
27 105 13 32 105 13 57 105 11 57 19 16 19 41
105
