1 1 2
1 15 16
1 16 17
1 17 18
1 18 19
1 23 24
2 9 11
2 9 11
2 54 45
2 54 62
2 52 6
2 15 19
2 15 19
2 15 19
2 59 35
2 59 37
2 59 43
2 59 22
2 59 26
2 59 33
2 59 31
2 59 27
2 59 30
2 59 24
2 59 29
2 59 38
2 59 39
2 59 36
2 59 23
2 59 32
2 59 25
2 59 40
2 59 41
2 59 28
2 59 44
2 59 28
2 59 26
2 59 26
2 20 10
2 20 12
2 20 12
2 63 47
2 63 46
2 34 36
2 34 40
2 34 32
2 34 27
2 34 35
2 34 26
2 34 26
2 34 25
2 34 24
2 34 28
2 34 44
2 34 33
2 34 28
2 34 29
2 34 41
2 34 38
2 34 37
2 34 26
2 34 23
2 34 31
2 34 22
2 34 39
2 34 30
2 34 43
2 58 38
2 58 39
2 58 26
2 58 31
2 58 27
2 58 28
2 58 41
2 58 30
2 58 37
2 58 25
2 58 36
2 58 28
2 58 44
2 58 32
2 58 22
2 58 29
2 58 23
2 58 24
2 58 26
2 58 33
2 58 26
2 58 40
2 58 35
2 58 43
2 42 25
2 42 30
2 42 27
2 42 31
2 42 43
2 42 26
2 42 39
2 42 22
2 42 36
2 42 28
2 42 28
2 42 26
2 42 41
2 42 29
2 42 37
2 42 26
2 42 44
2 42 24
2 42 32
2 42 35
2 42 23
2 42 33
2 42 40
2 42 38
2 21 12
2 21 10
2 21 14
2 21 12
2 57 49
2 57 50
2 57 49
2 57 49
2 57 55
2 57 48
2 57 64
2 3 4
2 3 5
3 53 51
3 54 61
3 8 7
3 20 13
3 21 13
3 60 56
3 1 2
4 56 54
