79 105
219 57 209 79 79 57 59 79 79 105 11 53 27 35 107 27 105 13 108 13 105 13 105 13 108 15 79 79 105 13 32 58 27 35 107 27 105 13 108 13 105 13 105 13 108 41 21 174 105
19 19 19 19 27 105 11 58 106 13 18 27 109 13 93 105 13 58 105 13 105 11 19 105 13 105 108
13 32 58 105 13 105 13 93 105
13 32 58 105 13 105 13 93 105
13 58 19 31 18 27 105 13 32 19 35 107 27 105 13 105 13 105 13 105 13 105 13 19 105 24 105 93 105 31 8 41 14 31 40
19 79 30 79 105 11 61 31 15 36 79 105 79 105 31 2 34 54 65 2 79 105 11 54 79 105 13 32 79 79 79 105
77 44 106 15 79 108
27 27 108 105 13 35 27 107 19 105
13 35 107 27 35 107 27 105 13 105 13 27 105 13 105 13 108 105 11 57 105 15 14 27 35 107 27 105 13 105 13 27 105 13 105 13 108 41
13 35 107 105 13 32 27 105 105 13 34 27 35 107 105 13 27 105 13 105 13 105 27 27 105 20 105 19 105 35 105 13 107 105 57 105 105 11 20 52 108
19 19 105 13 32 105 13 32 27 105 105 13 34 27 35 107 105 13 27 105 13 105 13 105 27 27 105 20 105 19 105 35 105 13 107 105 57 105 105 11 108
11 57 35 27 107 27 105 27 105 27 105 27 27 105 27 35 108 11 107 105 27 105 27 27 105 105
27 105 13 32 19 105 13 105 11 57 27 18 19 105 13 57 105 11 57 27 41 27 41
19 79 57 79 105 11 58 15 93 105 79 105 13 32 58 93 105 57 105 41 108
13 108
13 27 57 35 107 27 105 13 105 13 105 13 35 107 27 105 13 105 13 105 13 105 13 27 105 13 79 105 13 27 105 13 108
13 105 13 108
11 57 27 35 107 27 105 13 105 13 105 13 105 13 108 35 105 13 107 105 13 32 27 105 20 105 27 27 105 105 105 11 20 52 35 107 35 105 13 107 35 107 105 13 57 105 13 20 105 41 14 8 57 105 57 105 40 14 108
19 108
79 79 79 79 79 108
19 27 105 13 35 107 105 13 32 105 11 20 51 20 52 27 105 13 105 11 58 77 20 56 57 105 8 18 77 209 84 107
19 35 107 105 13 32 21 105 21 105 57 107
13 32 57 105 11 44 27 108 13 108 57 105 57 105 18 105 13 107
19 19 27 105 13 32 58 2 16 19 105 13 57 105 13 93 51 93 52 2 41 14 19 105 13 57 105 13 93 51 93 52 2 41 14 2 41
13 35 107 105 13 32 21 105 21 105 27 105 19 105 27 34 108 13 105 105 13 105 105 105 13 35 35 107 107 27 27 2 105 13 57 35 107 105 13 105 13 105 13 35 107 105 13 27 105 13 105 13 209 19 56 8 108
19 58 16 19 27 105 13 32 105 13 57 105 11 57 105 11 105 11 52 108
19 58 16 27 105 13 32 19 105 13 58 2 105 11 57 57 19 41 105 11 41 14 41
19 58 16 27 105 13 32 105 13 57 105 11 57 19 2 41 14 2 41 2 41
13 41 20 105 11 19 51 19 105 13 209 105 11 209 105 13 108 12 80 58 65 105 41 14 105 41 14 105 5 41 78 50 62 108
13 41 20 105 11 19 51 19 105 13 209 105 11 209 105 13 108 12 80 58 65 105 41 14 105 41 14 105 5 41 78 50 62 108
79 57 35 107 86 79 27 105 79 79 79 105
13 105 13 109 11 57 109 13 32 35 107 105 11 57 105 11 57 105 41 110
79 30 79 105 11 58 94 57 27 27 108 19 108 13 86 35 107
13 105 11 57 57 105 41 14 105 41 14 8 41 105 8 105 13 35 107 8 20 36 105 11 62 19 105 41 14 8 57 105 2 41 108
13 58 18 105 11 57 105 11 57 105 105 105 11 57 8 41 105 41 8 41
13 58 18 105 11 57 105 11 57 105 105 105 11 57 8 41 105 41 8 41
35 107 105 11 57 105 11 57 105 19 16 19 41
105 13 35 107 105 15 14 105 41
19 57 105 11 61 16 35 107 105 11 57 105 11 57 105 13 57 2 2 34 54 93 105 11 57 35 35 107 105 13 65 105 13 105 13 107 105 11 57 105 105 11 57 35 107 105 13 96 105 13 65 105 13 105 13 108
109
79 105
11 57 105 35 107 27 105 13 105 13 105 13 105 13 108
19 19 57 109 13 2 109 11 57 109 13 32 105 11 57 209 2 41 2 16 109 11 52 2 41 2 41
19 19 93 105 13 32 19 58 79 105 13 57 35 107 105 13 105 13 105 13 105 13 29 105 13 79 57 57 79 109
11 35 107 105 57 108
35 107 105 11 57 105 18 105 11 58 105 41
11 57 105 18 14 105 41 105 105 2 8 58 57 105 11 57 105 41 14 105 2 8 41 14 8 8 105 105 2 8 41 14 105 2 8 41 14 8 8 105 40 14 105 41 14 41 14 8 41 14 41 8 41
19 19 35 107 105 13 32 27 27 105 105 105 13 105 11 108
35 107 105 11 57 105 105 18
13 19 22 108
35 29 107 57 19 2 93 109 11 54 93 109 13 32 108 11 58 105 13 105 209 2 41 105 13 105 108
79 105
19 106
13 107 57 105 105 13 34 57 19 34 54 105 13 65 105 13 105 11 58 65 105 209 41 105 13 108
35 27 107 27 105 57 105 22 105 22 105 22 105 22 105 27 105 105
79 105 13 57 79 105 13 32 105 13 79 79 108
79 80 79 79 108
79 108
106
13 108 12 24 180 79 24 8 110
105
108
105 11 57 57 105 15 105 11 57 105 13 57 34 58 57 105 41 34 19 54 65 108
