1 12 13
1 13 14
1 14 15
1 19 21
1 21 22
1 22 23
1 23 24
1 24 25
1 25 26
1 26 27
1 27 28
1 28 20
1 29 30
1 30 31
1 33 34
1 37 38
1 38 39
2 19 20
2 19 20
2 33 34
2 33 33
2 9 31
2 37 38
2 37 38
2 37 37
2 37 38
2 37 38
2 37 39
2 37 38
2 11 32
2 11 12
2 11 15
2 11 31
2 11 32
2 4 31
2 4 32
2 4 15
2 4 12
2 4 32
2 10 31
2 2 32
2 2 12
2 2 31
2 2 32
2 2 15
2 5 15
2 5 32
2 5 31
2 5 12
2 5 32
2 8 31
2 8 12
2 8 32
2 8 15
2 8 32
2 6 12
2 6 31
2 6 32
2 6 15
2 6 32
2 7 15
2 7 12
2 7 31
2 7 32
2 7 32
2 36 36
2 36 36
2 3 32
2 3 31
2 3 12
2 3 32
2 3 15
3 9 29
3 11 29
3 11 16
3 4 29
3 10 29
3 2 29
3 5 29
3 8 29
3 6 29
3 1 17
3 7 29
3 35 41
3 3 29
4 17 40
4 16 40
5 16 18
5 17 18
