79 79 79 77 65 105
21 20 19 19 27 77 44 27 108 15 79 105 13 109 13 105 11 19 53 105 13 27 105 11 58 105 13 27 105 11 57 35 27 107 105 13 105 13 27 105 13 105 13 105 13 27 105 13 105 13 79 105
79 27 105
27 79 79 77 105
27 79 77 19 52 27 27 108 79 105
27 79 77 58 27 27 108 79 105
27 79 77 19 52 27 27 108 79 105
79 35 79 105 11 57 27 108 13 107 27 105 13 79 105 11 57 27 105 13 27 105 13 79 105 11 57 27 105 13 27 105 13 79 105 11 57 27 105 13 27 105 13 79 105 11 57 27 105 13 27 105 13 79 105 11 57 27 105 13 27 105 13 79 105 11 57 27 105 13 27 105 13 79 105 11 57 27 105 13 27 105 13 79 105 11 57 27 105 13 27 105 13 79 105 11 57 27 105 13 27 105 13 79 105 11 57 27 105 13 27 105 13 79 105 11 57 27 105 13 27 105 13 79 105 11 57 27 105 13 27 105 13 79 105 11 57 27 105 13 27 105 13 79 105 11 57 27 105 13 27 105 13 79 105 11 57 27 105 13 27 105 13 79 105 11 57 27 105 13 27 105 13 79 105 11 57 27 105 13 105 13 86 27 79 79 108 35 27 107 79 79 105 13 105 13 79 105
77 19 52 79 79 32 108
79 79 105 13 109 13 79 105 13 109 13 105 11 57 79 79 105
21 21 19 20 19 79 108
13 27 108 13 105 13 108
27 35 27 107 79 79 105 13 105 13 108 79 19 108
79 108
13 105 27 27 108 79 27 108
13 21 105 13 105 27 79 105 27 77 108 13 105 105 29 105 20 105
29 105 20 105
19 19 106
106 105
79 105 11 20 52 79 105 35 107 86 107
13 19 105 21 105
105
13 22 105 13 108
13 86 19 84 107
107
105
21 105
13 32 86 107
108 13 35 9 79 107 19 19 9 108
13 35 9 79 107 19 19 9 108
13 110 11 20 56 9 105 13 105 13 109 11 58 15 109 13 32 19 9 110 41 19 8 9 9 8 8 110 41
19 19 19 19 19 79 105 11 20 52 79 105 77 57 77 52 79 105 13 109 13 27 105 11 57 105
105 13 105 13 105 13 109 13 19 34 53 19 27 105 11 57 27 105 13 32 105 11 20 52 35 79 105
13 21 105 13 108 13 107 27 105 13 105 13 105 13 27 105 13 105 13 105 13 105 13 79 79 109 11 19 52 79 79 109 79 79 105 15 65 105 13 105 13 108 13 108 209 41
79 105
79 79 105 11 57 79 79 105 27 27 108 79 19 105
79 79 52 79 79 105 11 20 52 79 79 105
13 21 105 13 20 108 13 105 79 79 105 15 79 79 19 105 79 79 105 11 57 79 79 105 79 79 109 79 79 105 13 109 13 19 34 53 79 79 105 41 65 32 35 79 105
13 21 105 13 108 13 107 27 105 13 105 13 105 13 27 105 13 105 13 105 13 105 13 79 79 109 79 79 105 209 41 79 79 52 79 105
19 19 106 105
13 21 105 13 108 13 105 2 42 35 107 35 107 79 105 11 54 79 27 105 79 105 11 54 79 27 105 79 105 11 54 79 27 105 79 105 11 54 79 27 105 79 105 11 54 79 27 105 19 79 105 11 57 79 27 108 27 105 27 79 105 27 79 105 13 109 13 27 27 105 13 105 27 79 105 27 79 105 13 109 13 27 27 105 13 105 27 79 105 13 109 13 27 27 105 13 105 27 79 105 13 109 13 27 27 105 13 105 27 79 105 13 109 13 27 27 105 13 105 27 79 105 13 109 13 27 27 105 13 105 27 79 105 13 109 13 27 27 105 13 105 27 79 105 13 109 13 27 27 105 13 105 27 79 105 13 109 13 27 27 105 13 105 27 79 105 13 109 13 105 27 79 105 13 109 13 105 27 79 105 27 79 105 105 19 105
