1 18 19
1 19 20
1 21 22
1 42 43
1 43 44
1 44 45
1 45 46
1 68 69
1 69 70
1 71 73
1 73 74
1 74 75
1 75 76
1 76 77
1 77 78
1 78 79
1 79 80
1 80 72
1 95 96
1 96 97
1 97 98
1 98 99
1 109 110
1 110 111
1 111 112
1 116 121
1 121 122
1 122 123
1 123 124
1 124 125
1 125 126
1 126 127
1 127 128
1 128 117
1 117 118
1 118 119
1 119 120
1 136 137
1 137 138
1 138 139
1 148 149
1 149 150
1 150 151
1 161 162
1 162 163
1 163 164
1 184 185
1 186 187
1 189 190
1 191 192
1 192 193
1 193 194
1 194 195
1 195 196
1 226 227
1 229 230
1 230 231
1 231 232
1 232 233
1 233 234
2 103 94
2 103 84
2 224 83
2 63 83
2 63 82
2 63 88
2 5 21
2 5 29
2 5 18
2 5 20
2 5 21
2 5 30
2 5 19
2 5 19
2 5 22
2 3 6
2 3 22
2 3 21
2 3 21
2 235 236
2 143 144
2 107 83
2 107 88
2 107 220
2 107 87
2 216 83
2 114 83
2 202 88
2 158 83
2 109 112
2 16 17
2 25 27
2 26 21
2 26 21
2 26 22
2 10 8
2 10 6
2 11 6
2 15 29
2 15 31
2 15 30
2 14 29
2 14 30
2 14 31
2 13 19
2 13 18
2 13 20
2 13 19
2 12 19
2 12 19
2 12 18
2 12 20
2 24 22
2 24 21
2 24 21
2 23 21
2 23 22
2 23 21
2 222 83
2 148 87
2 54 88
2 54 83
2 54 82
2 1 22
2 1 21
2 1 19
2 1 19
2 1 20
2 1 29
2 1 21
2 1 18
2 1 30
2 105 93
2 155 83
2 221 81
2 221 83
2 221 218
2 221 85
2 221 219
2 221 88
2 68 70
2 100 83
2 100 86
2 100 82
2 100 88
2 71 83
2 71 220
2 71 88
2 132 135
2 2 21
2 2 20
2 2 19
2 2 22
2 2 29
2 2 21
2 2 31
2 2 30
2 2 19
2 2 18
2 2 8
2 113 88
2 113 81
2 207 83
2 207 220
2 207 88
2 177 88
2 177 83
2 177 220
2 188 88
2 188 83
2 188 81
2 169 83
2 142 139
2 142 223
2 142 140
2 53 83
2 152 83
2 152 88
2 152 220
2 156 88
2 156 81
2 33 48
2 33 49
2 33 36
2 33 50
2 33 37
2 35 47
2 38 48
2 38 37
2 38 36
2 38 50
2 38 49
2 32 36
2 32 48
2 32 50
2 32 49
2 32 37
2 41 50
2 41 48
2 41 36
2 41 49
2 41 37
2 40 48
2 40 37
2 40 36
2 40 50
2 40 49
2 39 50
2 39 36
2 39 48
2 39 49
2 39 37
2 42 49
2 42 50
2 62 88
2 62 83
2 62 82
2 171 83
2 179 83
2 4 19
2 4 18
2 4 21
2 4 22
2 4 20
2 4 29
2 4 30
2 4 21
2 4 19
2 211 220
2 211 88
2 133 141
2 133 139
2 133 141
3 107 106
3 107 87
3 107 108
3 107 104
3 199 238
3 199 237
3 165 168
3 189 190
3 209 215
3 209 214
3 209 213
3 191 196
3 161 164
3 148 87
3 148 151
3 210 215
3 210 214
3 210 213
3 95 99
3 184 185
3 208 215
3 208 214
3 208 213
3 186 187
3 105 91
3 105 92
3 166 167
3 147 89
3 226 227
3 178 180
3 116 120
3 71 72
3 2 28
3 2 7
3 2 9
3 145 90
3 225 228
3 207 215
3 207 214
3 207 213
3 207 217
3 207 212
3 229 234
3 177 180
3 169 173
3 169 52
3 169 176
3 101 89
3 53 52
3 53 57
3 53 60
3 53 66
3 53 55
3 53 56
3 53 58
3 53 59
3 53 64
3 53 67
3 53 61
3 53 65
3 182 183
3 146 90
3 197 200
3 115 51
3 198 201
3 170 174
3 152 154
3 152 153
3 152 89
3 102 90
3 35 34
3 42 46
3 206 213
3 204 215
3 205 214
3 203 215
3 157 159
3 157 160
3 171 173
3 171 175
3 171 52
3 171 172
3 179 181
3 129 130
3 129 131
3 4 28
3 4 7
3 4 9
3 133 136
3 133 134
