106 27 77 44 15 79 108
19 79 108
106 19 105
19 109 11 44 16 108
106 107
86 27 105 13 86 86 79 27 105 13 32 105 13 105 11 108
87 35 79 29 107 79 105
105
87 35 79 29 107 79 105
19 27 35 27 107 105 13 105 13 108 79 108
106 79 19 108
19 19 27 35 27 107 105 13 105 13 108 79 108
19 27 35 27 107 105 13 105 13 108 79 108
27 35 27 107 105 13 105 13 108 79 108
19 27 35 27 107 105 13 105 13 108 79 108
20 19 19 106 35 107 105 35 107 105 105
11 63 44 35 107 86 79 35 107 105 79 20 105 79 19 105 79 105 79 105 13 105 105 35 107 86 79 27 105 79 105 15 35 79 108 13 107 27 105 13 105 13 35 79 108 13 107 27 105 13 105 13 86 35 107
13 105 13 105 13 27 9 105 11 57 35 9 107 105 13 32 35 107
27 108 13 19 19 36 19 72 19 105 8 32 8 105 13 105 27 35 108 13 27 110 13 108 13 107 27 105 13 105 13 105 27 9 105 11 58 35 107 110 13 109 13 109 11 58 27 9 105 11 58 27 9 9 105 27 105 27 35 27 107 105 13 105 13 105 19 105 19 105 27 27 105 105 35 105 13 107 35 27 107 105 13 105 13 105 13 105 13 105 9 108
13 105 13 105 35 108 13 107 27 105 13 105 13 105 13 105 13 105 13 105 105 11 58 105 13 109 13 109 11 58 105 105 13 108
13 105 13 105 13 27 27 35 108 13 107 27 105 13 105 13 105 13 108 35 107 105 13 32 27 93 105 27 105 11 58 27 105 19 105 105 13 108
13 27 105 13 105 19 105 11 20 52 105 13 108
79 79 109
79 79 109
22 19 106 35 105
19 52 79 57 79 105 79 57 79 105 105
13 107 86 79 105 79 105 79 105 13 19 105 79 35 19 107
87 35 79 29 107 79 105
27 9 105 13 32 110 11 58 27 108 13 110 13 19 19 19 19 110 13 57 109 11 57 27 109 11 109 13 57 105 13 105 11 62 35 20 107
109
109
19 79 27 108
19 79 27 108
11 27 27 27 19 113
79 77 84 107
109
27 105 13 32 105 13 57 27 105 13 105 11 57 19 16 19 41
19 79 27 108
19 79 27 108
19 79 27 108
19 79 27 108
19 19 35 108
13 108 13 107 79 105 13 105 13 108
35 108
13 108 13 107 79 105 13 105 13 108
13 58 15 79 105 13 79 105 13 35 107 20 36 19 105 11 61 105 105 105 108 13 35 27 107 22 105 27 105 79 105
13 57 86 86 105 15 77 216 84 41 108
19 19 27 105 13 32 19 19 19 105 13 105 13 19 105 13 105 13 93 51 93 52 16 14 105 41 14 105 41 93 51 93 52 19 41 93 52 93 52 19 41 93 51 93 51 19 41 2 41
35 107 105 11 57 105 105 11 58 105 18
35 107 105 11 57 105 15
35 107 35 107 105 27 105 27 105 27 105 105
35 107 29 105 27 27 105 57 27 105 11 58 27 105 19 105
19 105 11 44 15 79 108
105 13 27 105 11 57 79 108
35 107 29 105 105
35 29 107 105
35 29 107 105
35 29 107 105
15 35 29 107 105
35 29 107 105
15 79 20 105 35 29 107 105
19 52 108
106 21 105
35 29 107 105
27 108 13 35 27 107 105
35 29 107 105
15 35 29 107 105
19 79 27 108 13 105 35 35 93 108
13 108 13 107 27 105 13 79 108
13 105 13 105 13 107 105 11 57 105 93 79 108
27 79 105
13 35 27 107 105
13 105 11 57 79 108
13 108
13 105
11 19 52 79 108
13 108
13 27 105
79 108
13 108
109
13 109
13 32 19 105 13 105 13 19 105 13 105 13 93 51 93 52 16 14 105 41 14 105 41 93 51 93 52 19 41 93 52 93 52 19 41 93 51 93 51 19 41 2 41
35 107 105 11 57 105 105 11 58 105 18
35 107 105 11 57 105 11 16 19 41
13 32 105 13 18 14 27 41
13 35 27 19 107 27 105 105
13 32 105 13 57 105 13 58 27 27 105 11 57 19 16 105 13 105 13 41 19 41
35 107 27 105 108 13 105 79 105
35 27 107 27 105 105 27 108
27 27 19 19 8 2 2 8 8 112
19 19 8 2 2 8 8 8 8 112
13 57 86 86 79 79 105 18 77 216 84 41 79 19 22 108
35 107 105 11 57 105 105 11 58 105 57 27 105 11 58 108
79 108
13 105 11 57 79 108
13 105 13 32 35 79 29 107 27 19 105 27 105
13 27 105 13 19 65 105 13 105 27 105
12 105 79 105
79 105
79 79 27 105
79 79 79 19 36 19 27 72 27 105
19 19 106 27 27 108 86 101 87 86 100 35 105
13 105 27 35 27 107 27 35 27 107 105 13 105 79 79 105
21 19 106 77 44 15 105 13 79 27 105 13 108 13 105 41 105 13 35 79 105
13 86 35 29 107 79 29 105 13 105
106 108
13 27 105 11 57 35 29 107 105
106 19 105
21 105
35 107 108 13 105 13 27 105 13 105 13 35 35 108 13 107 27 105 13 27 105 13 105 13 107 108
105 11 57 105 13 34 62 19 65 105 105 35 107 35 107
79 108
106
79 108
79 108
13 105 27 79 108
13 105 27 79 108
13 79 108
11 105 13 32 77 105 79 105
13 105 13 109 13 79 79 108
13 105 13 109 13 108
79 79 108
13 105 13 109 13 108
79 108
13 109 13 27 109 27 79 108
13 109 27 79 108
13 109 109 35 79 29 107 27 79 108
19 52 108
35 29 107 27 79 105 105
35 107 27 105 105
79 19 108
106 44 15 79 19 108
79 79 79 109 35 27 107 79 105 13 105 13 108 13 35 27 107 22 105 105
13 32 19 105 13 32 109
80 57 35 29 107 22 105 105
27 105
13 32 35 107
105 87 84 84 84 27 86 87 87 87 15
20 105 84 105
13 32 57 19 105 105 11 58 19 105 19 19 105 11 19 105 15 105 11 57 19 105 19 19 105 11 19 105 41 14 105 41
105 11 44 15 79 105 13 109 13 105 13 21 84 35 29 107 27 77 105 27 105 27 79 105 11 105 27 79 105 11 105 105
19 106 35 107
13 32 105 15
79 79 79 19 36 19 27 72 27 105
79 79 79 19 36 19 27 72 27 105
79 79 27 105
79 108
13 105 13 32 79 27 105 11 57 93 27 105
11 58 79 27 27 108
35 79 29 107 27 27 105 79 105
105 11 44 15 79 108
35 29 107 105
35 29 107 105
77 19 52 79 32 79 108
35 107
19 52 108
106
35 29 107 27 79 105 27 79 105 27 79 105 105
35 107 27 105 105
79 105 13 32 35 79 29 107 27 19 105 27 105
13 105 27 105
13 105 27 105
13 105 27 19 105 79 105
79 105 13 32 109 13 32 108
79 108
35 29 107 105
13 105 13 105 105
105 11 21 52 79 27 27 108
79 108
19 19 52 108
13 105 105
13 105 105
35 29 107 105
35 107 27 105 105
35 29 107 27 79 105 27 79 105 27 80 105 27 77 105 105
105 11 45 15 79 79 58 79 19 105
79 108
19 52 108
35 29 107 105
35 107 27 105 105
79 105
35 29 107 27 19 105 27 79 105 27 79 105 27 80 105 105
35 29 107 27 19 105 27 79 105
13 105 13 32 105 27 79 105 105
35 29 107 27 19 105 27 79 105
13 105 13 32 105 105
79 108
35 29 107 27 19 105 27 79 105
13 105 13 32 105 27 79 105 105
79 108
11 57 79 108
15 35 79 29 107 27 19 105 27 79 108
13 105
13 105 13 32 105 27 79 108
13 105 79 105
79 108
79 108
106
35 29 107 105
35 29 107 27 19 105 27 79 105 27 79 105 27 19 105 105
19 106
19 20 52 105 11 58 79 105
19 20 52 105 11 58 79 105
19 20 52 105 11 58 79 105
19 20 52 105 11 58 79 105
19 19 105 11 45 15 79 105
19 19 79 108
79 108
79 108
109 79 108
35 29 107 105
13 57 35 29 107 27 19 105 27 105 105
35 29 107 27 105 27 105 105
35 29 107 27 19 105 27 105 27 105 27 79 105 11 105 105
19 106
35 29 107 105
13 108 13 107 27 105 13 105 13 107 105 11 57 105 108
13 35 35 108 13 107 27 105 13 105 13 107 105 11 57 105 27 27 35 107
109
105 11 21 52 79 108
79 108
13 57 105 11 57 105 27 108
106
79 27 108
35 79 29 107 27 79 108
13 105 79 19 105
108 13 35 27 107 105
105 11 79 27 27 108
11 52 105
79 27 27 108
11 52 107
79 27 27 108
11 52 27 108 13 35 27 107 105
19 106
19 19 35 107 35 107 105 20 105 19 105 35 79 79 79 107
35 107 35 27 27 107 105 108
19 93 57 93 105 11 16 105 13 35 29 107 22 105
