1 10 11
1 19 20
1 25 26
1 33 34
1 36 37
1 42 43
1 43 44
1 44 45
1 45 46
1 46 47
1 47 48
1 48 49
1 49 50
1 50 51
1 51 52
1 52 53
1 53 54
1 54 55
1 55 56
1 56 57
1 57 58
1 58 59
1 59 60
1 60 61
1 61 62
1 62 63
1 63 64
1 64 65
1 65 66
1 66 67
1 67 68
1 68 69
1 69 70
1 84 85
2 8 22
2 78 79
2 75 79
2 7 30
2 7 32
2 7 12
2 74 79
2 6 2
2 3 42
2 3 70
2 3 30
2 3 29
2 3 12
2 3 32
2 76 79
2 35 22
2 35 23
2 38 30
2 38 37
2 38 36
2 38 37
2 77 79
2 86 39
2 21 39
2 16 39
2 13 39
2 9 39
2 15 39
2 71 39
2 83 39
2 87 39
2 41 39
2 73 39
2 81 39
2 72 39
2 88 39
2 28 30
2 28 27
2 28 31
2 28 32
2 28 26
2 28 25
2 40 39
2 80 39
2 24 39
2 17 39
2 14 39
2 18 39
2 89 39
2 82 39
3 33 34
3 35 19
3 10 11
3 84 85
4 20 7
4 5 1
4 4 3
