1 1 2
1 2 3
1 3 4
1 4 5
1 5 6
1 6 7
1 10 11
1 11 12
1 12 13
1 13 14
1 27 28
1 28 29
1 30 31
1 31 32
1 33 34
1 34 35
1 35 36
1 36 37
1 37 38
1 38 39
1 39 40
2 8 41
2 57 19
2 33 40
2 9 16
2 18 49
2 18 54
2 18 50
2 18 50
2 18 49
2 18 55
2 18 51
2 18 49
2 18 53
2 24 19
2 23 19
2 1 41
2 17 19
2 46 43
2 46 42
3 10 26
3 10 14
3 8 45
3 15 25
3 57 19
3 33 34
3 24 19
3 23 21
3 23 19
3 1 7
3 17 19
3 17 20
3 17 22
3 27 29
3 48 44
3 56 52
3 47 44
3 30 32
4 9 10
