1 18 19
1 19 20
1 21 22
1 39 40
1 42 43
1 45 46
1 48 49
1 49 50
1 51 52
1 52 53
1 53 54
1 55 56
1 56 57
1 57 58
1 73 74
1 80 81
1 85 86
1 86 87
1 87 88
1 95 101
1 101 102
1 102 103
1 103 104
1 104 105
1 105 106
1 106 107
1 107 108
1 108 96
1 96 97
1 97 98
1 98 99
1 99 100
1 115 116
1 116 117
1 117 118
1 120 121
1 130 131
1 131 132
1 133 134
1 134 135
1 135 136
1 140 141
1 145 146
1 146 147
1 153 154
1 154 155
1 155 156
1 156 157
1 157 158
1 158 159
1 161 162
1 162 163
1 163 164
1 164 165
1 165 166
1 166 167
1 167 168
1 168 169
1 173 184
1 184 187
1 187 188
1 188 189
1 189 190
1 190 191
1 191 192
1 192 193
1 193 174
1 174 175
1 175 176
1 176 177
1 177 178
1 178 179
1 179 180
1 180 181
1 181 182
1 182 183
1 183 185
1 185 186
1 206 207
1 207 208
1 208 209
1 209 210
1 221 222
1 222 223
1 223 224
1 224 225
1 225 226
1 226 227
1 227 228
1 246 257
1 257 259
1 259 260
1 260 261
1 261 262
1 262 263
1 263 264
1 264 265
1 265 247
1 247 248
1 248 249
1 249 250
1 250 251
1 251 252
1 252 253
1 253 254
1 254 255
1 255 256
1 256 258
2 76 63
2 3 6
2 3 22
2 3 21
2 3 21
2 5 21
2 5 21
2 5 30
2 5 18
2 5 22
2 5 20
2 5 29
2 5 19
2 5 19
2 203 211
2 203 215
2 218 220
2 59 75
2 202 214
2 202 212
2 202 215
2 202 211
2 202 214
2 202 212
2 206 212
2 206 214
2 206 212
2 206 211
2 206 214
2 206 67
2 206 215
2 206 60
2 82 199
2 82 61
2 82 65
2 82 66
2 82 60
2 82 67
2 82 80
2 85 88
2 16 17
2 26 21
2 26 21
2 26 22
2 10 8
2 10 6
2 11 6
2 15 29
2 15 31
2 15 30
2 14 29
2 14 30
2 14 31
2 13 19
2 13 18
2 13 20
2 13 19
2 12 19
2 12 19
2 12 18
2 12 20
2 24 22
2 24 21
2 24 21
2 23 21
2 23 22
2 23 21
2 201 75
2 216 216
2 216 213
2 216 216
2 216 216
2 170 67
2 170 60
2 1 30
2 1 19
2 1 19
2 1 20
2 1 21
2 1 18
2 1 29
2 1 22
2 1 21
2 78 71
2 160 60
2 160 67
2 93 83
2 45 46
2 39 40
2 171 61
2 171 67
2 91 83
2 144 62
2 110 113
2 2 21
2 2 20
2 2 19
2 2 22
2 2 29
2 2 21
2 2 31
2 2 30
2 2 19
2 2 18
2 2 8
2 138 83
2 173 83
2 90 199
2 90 60
2 90 67
2 142 62
2 130 66
2 72 83
2 92 83
2 122 119
2 122 115
2 122 118
2 38 67
2 38 60
2 38 199
2 139 83
2 246 233
2 42 43
2 143 62
2 37 60
2 37 67
2 219 220
2 4 19
2 4 18
2 4 20
2 4 21
2 4 22
2 4 21
2 4 29
2 4 19
2 4 30
2 133 62
2 195 197
2 195 198
2 145 62
2 79 64
2 196 197
2 196 198
2 111 120
2 111 121
2 111 115
2 111 118
2 25 27
2 237 233
2 241 235
2 194 67
2 194 199
2 194 60
3 206 210
3 82 81
3 82 66
3 82 77
3 238 231
3 51 54
3 151 152
3 153 159
3 55 58
3 78 69
3 78 70
3 221 228
3 137 68
3 93 83
3 140 141
3 91 83
3 144 149
3 2 28
3 2 7
3 2 9
3 95 100
3 138 83
3 245 231
3 173 83
3 173 186
3 142 150
3 36 68
3 130 66
3 130 132
3 234 231
3 92 83
3 139 83
3 246 258
3 244 229
3 143 148
3 73 74
3 48 50
3 4 28
3 4 7
3 4 9
3 133 150
3 133 136
3 126 128
3 126 35
3 126 34
3 126 32
3 126 33
3 126 127
3 161 169
3 200 204
3 145 150
3 145 147
3 123 35
3 123 34
3 123 32
3 123 33
3 125 128
3 125 35
3 125 34
3 125 32
3 125 33
3 125 127
3 111 115
3 111 112
3 237 236
3 240 232
3 240 230
3 242 232
3 242 230
3 239 230
4 100 109
4 84 82
4 148 206
4 205 59
4 231 241
4 141 217
4 9 16
4 132 85
4 35 3
4 122 114
4 149 129
4 258 241
4 150 202
4 94 89
4 34 3
4 115 124
4 267 266
4 169 172
4 54 206
4 58 206
4 28 16
4 132 44
4 50 206
4 132 41
4 74 82
4 229 243
4 33 3
4 32 3
4 132 47
4 7 16
