111 21 9 105
13 32 9 86 21 9 105
13 32 9 86 21 9 105
13 32 9 86 21 9 105
13 32 9 86 27 27 9 79 19 9 105 13 109 19 109 11 109 3 36 9 19 9 79 27 19 36 19 27 72 19 27 72 19 19 19 19 19 110 13 109 11 58 35 21 9 9 107
9 86 9 79 21 105
9 79 9 79 105 9 79 35 9 107
105 27 9 105
13 32 9 86 9 79 27 23 19 9 110 15 35 107
35 35 108 13 105 13 108 13 107 27 105 13 105 13 107 105 11 58 105 35 108 13 105 13 108 13 107 27 105 13 105 13 35 19 9 107
105
13 9 86 21 9 105
13 32 9 86 21 9 105
13 32 9 86 21 9 105
13 32 9 86 21 9 105
13 32 9 86 21 9 105
13 32 9 86 21 9 105
20 19 106
93 105 79 105
19 19 19 105
11 57 79 27 105 79 105
13 21 105 13 105 79 105 79 105
13 21 105 13 105 79 105 79 105 79 105 79 105 79 105 79 105 79 27 105 35 29 107 93 100 105
19 106 21 105
13 21 105 13 105 79 105 79 19 105 79 105 79 105 79 105 79 105 35 29 107 79 105 13 109 13 108 11 98 27 91 105 27 35 93 108 13 107 27 105 13 105 13 105 105
35 105
13 29 107 27 78 108 13 105 27 78 108 13 105 27 93 105 27 78 108 13 105 105
35 79 105
13 29 107 27 79 79 105 27 79 79 105 27 79 79 105 79 105
35 79 105
13 29 107 27 79 79 105 27 79 79 105 27 79 79 105 79 105
19 35 27 107 105 11 57 105 13 34 62 35 105
13 29 107 105
35 105
13 29 107 105
35 105
13 29 107 105
105
11 58 94 58 105
13 27 108 13 27 105 11 58 27 105 11 58 27 105 11 57 27 19 108 13 105 35 27 107 105
19 106
35 79 105
13 29 107 32 105 13 109 13 27 105 79 105
35 105
13 29 107 105
35 105
13 29 107 105
35 108 13 105 13 108 13 107 27 105 13 105 13 35 107 105 11 58 105 35 107
105 13 34 62 35 105
13 29 107 105
35 108 13 105 13 108 13 107 27 105 13 105 13 35 107 105 11 58 105 35 107
105 13 34 62 35 105
13 29 107 105
27 105
13 32 86 79 27 23 19 8 110 35 27 107 100 15
