1 1 2
1 2 3
1 3 4
1 4 5
1 5 6
1 6 7
1 11 12
1 12 13
1 24 25
1 25 26
1 26 27
1 27 28
1 28 29
1 29 30
1 30 31
1 33 34
1 34 35
1 35 36
1 36 37
1 37 38
1 38 39
1 39 40
1 40 41
1 55 56
1 59 60
2 24 31
2 52 18
2 17 58
2 17 59
2 17 68
2 17 73
2 17 65
2 17 64
2 17 60
2 17 63
2 17 58
2 17 70
2 17 71
2 17 66
2 17 68
2 17 58
2 17 59
2 17 59
2 22 18
2 15 18
2 16 18
2 78 68
2 78 66
2 78 73
2 78 72
2 78 55
2 78 71
2 78 58
2 78 59
2 78 58
2 78 53
2 78 70
2 78 64
2 78 63
2 78 76
2 78 59
2 78 54
2 78 67
2 78 76
2 78 59
2 78 60
2 78 77
2 78 68
2 78 57
2 78 58
2 78 77
2 78 75
2 78 61
2 78 65
2 78 54
2 78 75
2 78 56
2 78 62
2 8 9
2 74 77
2 74 70
2 74 53
2 74 59
2 74 77
2 74 71
2 74 72
2 74 62
2 74 73
2 74 64
2 74 75
2 74 68
2 74 63
2 74 67
2 74 58
2 74 58
2 74 66
2 74 65
2 74 55
2 74 76
2 74 76
2 74 60
2 74 75
2 74 61
2 74 59
2 74 57
2 74 54
2 74 68
2 74 54
2 74 58
2 74 59
2 74 56
2 33 41
2 33 44
2 33 47
2 33 41
2 69 75
2 69 76
2 69 65
2 69 77
2 69 76
2 69 59
2 69 58
2 69 54
2 69 57
2 69 71
2 69 60
2 69 63
2 69 58
2 69 77
2 69 61
2 69 59
2 69 67
2 69 54
2 69 68
2 69 73
2 69 68
2 69 55
2 69 58
2 69 72
2 69 56
2 69 75
2 69 64
2 69 62
2 69 70
2 69 59
2 69 66
2 69 53
2 79 59
2 79 56
2 79 61
2 79 64
2 79 54
2 79 76
2 79 68
2 79 75
2 79 60
2 79 72
2 79 58
2 79 54
2 79 58
2 79 55
2 79 77
2 79 68
2 79 66
2 79 59
2 79 65
2 79 73
2 79 58
2 79 62
2 79 67
2 79 77
2 79 63
2 79 71
2 79 76
2 79 75
2 79 70
2 79 59
2 79 57
2 79 53
2 46 45
2 46 51
3 24 25
3 22 18
3 15 19
3 15 18
3 1 7
3 16 18
3 16 20
3 16 21
3 8 9
3 8 10
3 14 23
3 46 49
3 46 43
3 46 50
3 46 48
3 46 42
3 32 43
3 11 13
