1 6 7
1 7 8
1 8 9
1 9 10
1 14 15
1 15 16
1 16 17
1 20 21
1 21 22
1 22 23
1 29 40
1 40 42
1 42 43
1 43 44
1 44 45
1 45 46
1 46 47
1 47 48
1 48 30
1 30 31
1 31 32
1 32 33
1 33 34
1 34 35
1 35 36
1 36 37
1 37 38
1 38 39
1 39 41
1 51 52
1 52 53
1 58 59
1 59 60
1 60 61
1 61 62
1 63 64
1 64 65
1 65 66
1 67 68
1 76 77
1 77 78
1 78 79
1 83 84
1 84 85
1 85 86
1 91 92
1 92 93
1 93 94
1 95 96
1 100 101
1 101 102
1 102 103
1 106 107
1 107 108
1 108 109
1 114 115
1 115 116
1 116 117
1 118 119
1 119 120
1 120 121
1 126 128
1 128 129
1 129 130
1 130 131
1 131 132
1 132 133
1 133 134
1 134 135
1 135 127
1 137 145
1 145 146
1 146 147
1 147 148
1 148 149
1 149 150
1 150 151
1 151 152
1 152 138
1 138 139
1 139 140
1 140 141
1 141 142
1 142 143
1 143 144
1 153 157
1 157 158
1 158 159
1 159 160
1 160 161
1 161 162
1 162 163
1 163 164
1 164 154
1 154 155
1 155 156
1 171 172
1 172 173
1 173 174
1 174 175
1 175 176
1 178 179
1 179 180
1 180 181
1 187 188
1 188 189
1 189 190
1 192 193
1 193 194
1 194 195
1 211 212
1 212 213
1 225 226
1 226 227
1 227 228
1 231 233
1 233 234
1 234 235
1 235 236
1 236 237
1 237 238
1 238 239
1 239 240
1 240 232
1 242 243
1 243 244
1 246 247
1 247 248
1 248 249
1 249 250
1 250 251
1 251 252
1 252 253
1 254 255
1 255 256
1 268 269
1 269 270
1 270 271
1 271 272
1 272 273
1 273 274
1 275 276
1 276 277
1 277 278
1 278 279
1 279 280
1 280 281
1 281 282
1 284 285
1 285 286
1 286 287
1 287 288
1 288 289
1 289 290
2 206 257
2 206 295
2 29 257
2 29 294
2 29 209
2 29 295
2 229 209
2 229 295
2 229 257
2 229 224
2 229 294
2 211 257
2 178 257
2 14 13
2 192 257
3 26 266
3 112 266
3 111 264
3 111 266
3 19 266
3 126 127
3 28 266
3 27 266
3 69 266
3 69 58
3 50 266
3 82 266
3 81 266
3 184 266
3 104 266
3 75 266
3 206 205
3 166 266
3 166 136
3 185 266
3 87 266
3 198 266
3 203 201
3 242 244
3 25 266
3 4 266
3 80 260
3 80 262
3 80 266
3 246 293
3 246 253
3 199 266
3 230 266
3 74 266
3 97 266
3 29 41
3 88 266
3 71 266
3 220 266
3 167 136
3 72 266
3 2 266
3 90 89
3 90 266
3 56 266
3 245 266
3 73 266
3 123 266
3 204 202
3 113 266
3 98 266
3 241 266
3 54 266
3 229 222
3 229 224
3 229 223
3 229 265
3 229 263
3 229 293
3 229 266
3 5 266
3 231 232
3 12 266
3 211 213
3 200 264
3 200 293
3 214 216
3 214 266
3 125 292
3 125 266
3 219 266
3 218 266
3 124 292
3 124 266
3 170 177
3 268 274
3 275 282
3 284 260
3 284 261
3 284 290
3 186 191
3 283 266
3 267 266
3 291 266
3 215 266
3 258 266
3 259 266
3 51 53
3 178 181
3 20 23
3 76 79
3 83 86
3 106 109
3 114 117
3 91 94
3 14 17
3 6 10
3 192 195
3 100 103
3 225 228
3 63 66
3 153 164
3 165 136
3 137 147
3 105 263
3 105 266
3 105 264
3 49 266
3 208 207
3 254 256
3 3 1
3 3 266
3 221 266
4 1 11
4 41 210
4 67 241
4 58 74
4 176 217
4 1 50
4 190 217
4 191 217
4 177 217
4 164 169
4 55 166
4 156 241
4 62 217
4 68 196
4 70 166
4 187 166
4 1 110
4 62 113
4 144 75
4 171 166
4 121 113
4 1 24
4 118 168
4 96 196
4 164 168
4 58 75
4 118 87
4 118 80
4 164 27
4 1 18
4 118 169
4 183 166
4 57 75
4 68 182
4 118 166
4 121 241
4 202 90
4 1 99
4 1 122
4 95 241
4 197 166
4 1 88
4 96 182
4 190 241
4 1 166
5 95 91
5 191 192
5 67 63
5 121 114
5 176 178
5 190 192
5 62 63
5 136 137
5 156 137
5 177 178
