13 27 86 19 19 19 45 8 19 19 8 19 42 27 27 35 29 107 27 27 105
27 35 107 105
27 35 107 79 105 79 20 105
106 79 105
106 107
9 3 3 9 27 35 107 79 105 79 20 105
13 105 105 13 27 110
13 32 105
27 27 79 20 105
13 111
27 35 107 105
106 107
13 21 105 13 27 79 105 11 57 35 107 105 18 14 42 14 42 14 8 8 42 14 8 8 42 14 8 8 41 14 8 8 42 14 8 8 42 14 8 8 42 14 8 8 8 42 14 8 8 8 42 14 8 8 42 14 8 8 42 14 8 8 42 14 8 8 42 14 8 8 41 14 8 8 41 14 8 8 8 42 14 8 8 8 42 14 8 8 42 14 8 8 42 14 8 8 42 14 8 8 42 14 8 8 41 14 8 8 41 14 8 8 8 42 14 8 8 8 42 14 8 8 9 42 14 8 8 9 42 14 8 8 41 14 8 8 41 14 9 8 8 42 14 9 8 8 42 9 27 79 108
27 35 107 79 105 79 20 105
13 105 105 13 27 105
13 32 105
27 27 106
27 35 107 105
106 107
27 35 107 79 105 79 20 105
13 105 105 13 27 105
13 32 105
27 27 106
27 35 107 105
106 27 35 107 79 105 79 20 105
106 27 35 107 79 105 79 20 105
27 35 107 105
27 35 107 105
27 35 107 105
13 105 13 105 13 21 105
13 32 27 105
13 21 105 11 87 27 79 105
11 57 35 107 79 105 27 105 21 105 13 105 27 105 105 105 13 86 27 35 107 27 105 105
13 21 105 13 105 27 105 105
13 32 105
13 105 105 13 27 35 107 79 105 105 105 13 86 27 105
13 32 105
27 79 20 105
13 79 20 105
13 105 27 105 105 13 105
13 35 107 21 105 13 105 27 105 35 27 107 35 108 12 107 105 13 105 27 105 105 13 35 107 105 13 105 27 105 79 105 105 13 27 80 57 27 35 29 107 20 105 105 105 27 105
13 21 27 106 21 105
35 107
86 35 107
86 27 79 20 105
13 79 20 105
13 27 105
13 105 13 105 13 86 105
79 108
27 35 107 105
27 35 107 105
13 105 79 20 105
13 105 105 13 27 27 27 106
27 35 107 105
13 109 11 21 51 16 27 27 35 29 107 19 105 19 105 105 105 27 27 57 105
106 27 35 107 105
13 27 105 11 84 19 105 13 58 41 105 11 105 11 137 84 27 35 29 107 27 19 105 124 105 27 105
11 19 52 58 27 35 29 107 19 105 105
42 27 27 110 13 109 13 109 13 109 13 32 27 105
8 42 14 8 8 42 27 27 79 35 107 110 13 105 27 105 105 13 27 105
13 108 11 58 110 13 105 13 108 13 105 11 27 27 35 29 107 27 27 105 27 27 105
8 42 14 8 8 42 14 8 8 42 14 8 8 42 27 27 35 29 107 27 27 79 105 13 105 13 105 27 105
9 3 3 9 27 35 107 79 105 79 20 105
13 105 105 13 27 110
13 32 105
27 27 111
8 8 42 27 27 35 29 107 27 27 79 21 105 13 105 35 107 79 21 105 13 105 27 105 79 105 27 105 105 13 105 77 105 20 105 27 105
8 42 14 8 42 14 8 42 14 8 8 8 42 14 8 8 8 8 42 14 8 8 42 27 27 27 27 77 19 52 35 29 107 41 35 29 107 27 27 77 105 19 105 27 27 105
27 35 107 105
13 109 11 21 51 16 27 27 35 29 107 19 105 19 105 105 105 27 27 57 105
106 107
106 79 105
106 107
27 35 107 105
27 35 107 105
27 35 107 79 105 79 20 105
13 105 105 13 27 105
13 32 105
27 27 106
27 35 107 105
106 27 35 107 79 105 79 20 105
106 107
27 35 107 79 105 79 20 105
13 105 105 13 27 105
13 32 105
27 27 106
27 35 107 105
27 35 107 105
13 108 13 105
27 35 107 105
27 35 107 79 105 79 20 105
13 105 105 13 27 105
13 32 105
27 27 106
8 8 42 27 27 35 29 107 27 27 79 21 105 13 105 35 107 79 21 105 13 105 27 105 79 105 27 105 105 13 105 77 105 20 105 27 105
8 42 14 8 42 14 8 42 14 8 8 8 42 14 8 8 8 8 42 14 8 8 42 27 27 27 27 77 19 52 35 29 107 41 35 29 107 27 27 77 105 19 105 27 27 105
27 35 107 105
106 107
9 27 35 107 110
27 35 107 79 105 79 20 105
13 105 105 13 27 105
13 32 105
27 27 106
27 35 107 105
79 108
27 35 107 79 105 79 20 105
13 105 105 13 27 105
13 32 105
27 27 106
27 35 107 105
27 35 107 79 105 27 105 105 13 27 105
106 107
27 35 107 105
9 3 27 35 107 79 105 79 20 105
13 105 105 13 27 110
13 32 105
27 27 111
13 27 114 11 9 19 44 9 9 42 27 35 29 107 27 27 77 105 20 105 105 20 105 27 27 105
8 42 27 35 29 107 77 105 19 105 105
9 42 27 77 19 52 35 29 107 9 8 9 41 27 35 29 107 27 105 77 105 77 105 27 105
41 14 8 8 41 14 8 8 41 14 8 9 42 27 27 35 107 79 21 105 13 105 27 105 79 105 27 105 79 21 105 13 105 27 105 79 105 27 105 79 21 105 13 105 105 13 27 35 29 107 27 27 79 21 105 13 105 105 77 105 77 105 27 20 105 42 27 35 29 107 27 27 77 19 52 79 21 105 13 35 107 79 105 13 105 27 105 79 105 27 105 79 21 105 13 105 105 13 20 41 79 21 105 13 35 107 79 105 13 105 27 105 79 105 27 105 79 21 105 13 105 105 13 20 27 27 105 105 77 105 105 27 105
27 35 107 105
106 27 35 107 79 105 79 20 105
27 35 107 79 108
27 35 107 79 108
9 27 35 107 79 105 79 20 105
110 11 21 51 15 77 19 51 19 41 19 77 20 51 19 41 19 174 77 20 51 19 41 19 174 77 51 20 41 20 142 57 27 35 29 107 20 105 77 105 105
13 105 105 13 27 110
13 32 105
79 20 105
13 79 20 105
13 79 20 105
13 79 20 105
13 79 20 105
13 35 79 107
13 35 107 35 27 27 107 105 27 105 19 105 19 105 27 20 105
9 3 3 27 35 107 79 105 79 20 105
13 27 105
11 27 8 19 54 27 27 209 105
13 27 79 209 108 13 109 27 79 9 3 19 105
13 108 13 109 27 79 105
13 109 8 9 20 19 8 3 41 14 8 8 41 14 8 8 8 42 14 8 8 9 42 14 8 8 41 14 8 8 9 42 14 8 8 41 27 79 86 79 86 27 79 20 105 77 107
8 8 41 14 8 8 41 14 8 8 42 14 8 8 42 14 8 8 42 14 8 8 42 14 8 41 14 8 41 8 8 27 58 20 52 27 19 87 79 20 105
13 27 35 29 107 20 105 27 105
13 105 105 13 27 110
13 32 105
27 27 111
27 27 19 20 52 27 20 19 51 20 51 20 52 110
13 79 21 105 13 108 13 105 27 77 107
8 27 52 27 79 20 105
13 9 105 13 27 35 107
79 21 105 13 79 21 105 13 79 21 105 13 27 79 21 105 13 105
9 27 35 107 79 105 79 20 105
16 27 77 51 19 41 19 77 51 19 41 19 174 57 35 29 107 77 105 77 105 105
16 27 35 29 107 77 105 19 105 105
16 14 8 8 42 27 35 29 107 27 27 79 21 105 13 105 105 77 105 77 105 27 77 51 19 41 19 77 51 19 41 19 174 77 20 51 20 41 20 142 57 20 105 105
13 105 105 13 27 110
13 32 105
27 79 20 105
13 79 20 105
13 79 20 105
13 79 20 105
13 79 20 105
13 114 13 32 57 79 77 109 13 32 105 13 86 79 77 109 13 32 105 11 84 77 21 21 21 21 44 44 35 107 79 21 105 13 105 27 105 79 105 27 105 79 21 105 13 105 27 105 79 105 27 105 79 21 105 13 105 105 13 42 35 107 79 21 105 13 105 27 105 79 105 27 105 79 21 105 13 105 41 35 107 79 105 13 105 27 105 79 105 27 105 79 105 13 105 41 35 107 79 105 13 105 27 105 79 105 27 105 79 105 13 105 27 105 79 105 27 105 42 35 107 79 105 13 105 27 105 79 105 27 105 79 105 13 105 42 35 107 79 105 13 105 27 105 79 105 27 105 79 105 13 105 27 105 79 105 27 105 42 114 11 20 19 19 44 42 27 35 29 107 77 105 77 105 77 51 77 52 41 105 41 19 105 105
77 107
27 35 107 105
106 77 20 51 77 107
27 35 107 105
27 35 107 105
79 108
13 110 11 19 19 45 9 8 9 42 27 27 35 29 107 27 27 27 105 105 105 19 105 27 27 105
42 14 8 8 41 14 8 8 42 14 8 8 42 27 27 27 86 79 79 105
79 79 19 105 13 86 27 27 79 109 11 57 27 27 79 109 11 3 8 3 9 8 9 41 27 79 27 27 105
11 79 21 105 13 27 27 57 27 27 35 29 107 27 27 105 19 105 105 19 105 27 27 105
8 42 14 8 8 42 14 8 8 42 14 8 8 42 14 8 8 42 14 8 42 14 8 8 41 8 9 8 9 42 14 8 8 8 42 27 27 35 29 107 27 27 105 20 105 105 19 105 105 27 27 105
8 8 42 14 8 8 8 42 14 8 8 41 14 8 8 42 27 27 35 29 107 27 27 79 105 13 105 13 105 27 19 105
13 27 32 27 27 35 29 107 27 27 105 13 105 13 105 27 19 105
27 35 107 79 105 79 20 105
13 105 105 13 27 105
13 32 105
27 27 106
106 27 35 107 105
13 27 109 11 21 51 16 27 27 35 29 107 19 105 19 105 105 105 27 27 105
106 27 35 107 79 105 79 20 105
106 107
79 108
11 35 107 79 21 105 13 105 27 105 105 13 105 27 105 105 13 8 8 8 27 27 57 27 27 35 29 107 27 27 105 19 105 19 105 105 27 27 105
41 14 8 8 41 14 8 8 8 42 14 8 42 79 21 105 13 8 8 42 27 27 79 27 105 27 27 27 86 79 79 105
79 79 19 105 13 86 27 27 79 109 11 57 27 27 79 19 109 11 9 8 9 41 8 19 27 27 57 27 27 35 29 107 27 27 105 19 105 105 19 105 27 27 105
42 79 21 105 13 8 8 42 14 41 14 8 8 42 27 27 35 29 107 27 27 79 105 13 105 13 105 27 105
13 27 32 27 27 35 29 107 27 27 105 13 105 13 105 27 19 105
27 35 107 79 105 79 20 105
13 105 105 13 27 105
13 32 105
27 27 106
9 111 27 35 107 110
13 27 109 11 21 51 16 27 27 35 29 107 19 105 19 105 105 105 27 27 57 105
106 105
106 107
27 105 13 105 11 57 35 107
13 27 35 107 79 22 20 108
13 27 35 29 107 77 105 19 105 77 105 22 105 105
27 27 21 27 106 105
106 107
13 27 35 107 79 22 20 108
27 27 21 27 106 105
11 58 65 41 35 107 105 27 105 65 105 105 13 209 41 14 8 8 9 42 14 8 9 42 27 27 19 105 13 27 109 11 57 27 19 109 11 27 35 79 9 29 107 79 19 108
27 27 27 107
27 34 19 54 65 105 11 57 105 209 41 14 8 8 41 14 41 14 8 8 41 14 8 8 41 14 8 8 41 14 8 8 41 14 8 8 79 79 21 105 13 35 107 105 105 27 105 105 13 105 105 13 27 105
27 27 27 106 105
27 27 27 86 35 79 107
86 35 79 107
86 79 105 13 86 27 107
27 27 27 79 105
27 27 27 79 105
13 21 105 11 27 79 105 79 105 79 105 79 105 105 11 19 19 20 45 15 27 27 35 107 79 105 27 27 105
9 27 35 107 110
9 9 27 27 27 27 27 35 77 122 77 122 77 122 77 122 107 79 105 27 80 19 19 19 19 19 19 22 57 27 36 70 70 77 70 70 86 41 27 36 70 70 77 70 70 41 27 35 107 86 27 35 77 122 20 77 122 20 79 20 93 8 3 9 112 27 79 105 27 79 93 105 27 35 77 122 77 122 77 122 77 122 107 79 105 27 35 77 122 77 122 77 122 77 122 107 79 105 27 35 107 86 27 79 105 27 35 107 27 93 105 27 77 77 212 170 122 77 122 105 77 77 212 169 122 77 122 105 77 122 77 77 212 169 122 105 77 77 212 170 122 77 122 105 27 77 77 212 170 122 77 122 105 77 77 212 169 122 77 122 105 77 122 77 77 212 170 122 105 77 77 212 170 122 77 122 105 27 105 27 79 105 27 35 107 86 27 79 105 27 35 107 27 93 105 27 77 77 212 170 122 77 122 105 77 77 212 169 122 77 122 105 77 122 77 77 212 169 122 105 77 77 212 170 122 77 122 105 27 77 77 212 170 122 77 122 105 77 77 212 169 122 77 122 105 77 122 77 77 212 170 122 105 77 77 212 170 122 77 122 105 27 105 27 79 105 15 14 8 8 41 14 8 8 41 14 8 41 14 8 41 14 8 8 8 79 35 107 105 105 27 105 105 13 105 105 13 105
27 27 27 19 27 27 105 11 105 11 27 77 122 46 19 59 77 122 47 61 77 122 46 59 77 122 47 61 19 41 19 87 77 122 46 59 77 122 47 61 77 122 46 59 77 122 47 61 19 41 19 87 87 27 105 11 44 16 27 107
27 35 107 105
27 35 107 79 105 79 20 105
13 27 109 13 27 57 79 105 11 58 27 35 29 107 105 105
13 27 35 29 107 20 105 27 105
13 27 20 105 13 27 109 13 109 11 57 109 13 32 27 27 79 105 11 57 27 35 107 20 105 11 84 27 35 107 35 27 27 107 105 27 77 105 27 105
27 35 107 79 105 79 20 105
13 105 105 13 27 105
13 32 105
27 27 106
27 35 107 105
27 35 107 79 105 79 20 105
27 35 107 79 105 79 20 105
13 108 11 176 108 11 176 174 57 27 35 107 27 105 105 27 105 27 105 27 105 105 27 105 27 105 27 105 77 105 27 105 105 13 79 105 27 35 107 27 105 77 105 27 105 27 105 27 105 77 105 105 13 79 42 27 35 107 27 105 77 105 27 105 105 13 79 105 27 35 107 27 105 77 105 27 105 105 13 79 105 27 35 107 27 105 77 105 105 13 79 105 27 35 107 27 105 77 105 27 105 27 105 27 105 105 27 105 105 27 105 105 27 105 105 13 79 105 27 35 107 27 105 77 105 105 13 79 42 27 35 107 27 105 77 105 105 13 79 105 27 35 107 27 105 77 105 105 13 79 105 27 35 107 27 105 77 105 105 13 79 42 8 27 27 35 107 27 27 19 105
13 105 105 13 27 105
13 32 105
27 27 27 27 105 11 21 19 51 21 51 15 77 19 19 19 19 19 44 42 27 35 107 27 105 77 105 105 13 79 105 42 27 35 107 27 105 77 105 105 13 79 41 27 35 107 27 105 77 105 27 105 27 105 27 105 27 105 27 105 27 105 27 105 77 105 105 13 79 79 105
79 105 13 86 27 79 109 11 57 79 79 109 13 105
13 79 79 109 13 105
13 108 11 176 108 11 176 174 57 27 35 107 27 105 77 105 105 13 79 105 27 35 107 27 105 77 105 27 105 27 105 27 105 77 105 105 13 79 41 27 35 107 27 105 77 105 105 13 79 42 27 35 107 27 105 77 105 105 13 79 105 27 35 107 27 105 77 105 105 13 79 105 8 42 27 35 107 27 105 77 105 105 13 79 105 27 35 107 27 105 77 105 105 13 79 105 27 35 107 27 105 77 105 105 13 79 105 27 35 107 27 105 77 105 27 105 27 105 27 105 105 27 105 105 27 105 105 27 105 105 13 79 105 27 35 107 27 105 77 105 105 13 79 42 27 35 107 27 105 77 105 27 105 27 105 27 105 27 105 27 105 27 105 27 105 77 105 105 13 79 79 105
79 105 13 86 27 79 109 11 57 79 79 109 13 105
13 79 79 109 13 105
27 35 107 105
27 27 27 86 35 79 107
86 35 79 107
86 79 105 13 86 27 107
9 27 35 107 110
35 107
35 107
27 35 107 27 105 20 105
13 105 105 13 27 105 13 27 93 105 11 57 27 35 107
19 105
105
105
41 8 106
35 107
35 107
27 27 27 35 105 13 21 107 27 35 29 107 93 105 27 19 108
13 27 105 11 21 20 21 57 35 107 79 21 105 13 105 13 79 105 13 105 13 105 13 105 13 27 91 53 105 41 21 105 27 27 105 13 32 57 20 105 13 105 41 14 8 8 42 27 35 107 9 105 13 105 13 35 107 105 13 105 13 9 105 13 105 13 105 13 108 12 105 13 110 13 21 108 13 105 13 105 13 19 105 13 27 91 53 105 41 21 105 27 113 11 58 9 105 27 105 11 57 79 105 13 105 27 57 105 27 27 105 13 32 57 105 13 105 15 14 8 8 41 14 8 8 41 14 8 8 79 79 21 105 13 35 107 105 105 27 105 105 13 105 105 13 27 105
27 27 27 27 27 105 27 105 27 105 27 105 27 105 27 105 27 105 27 105 27 105 27 105 27 105 27 105 27 105 27 105 27 105 27 19 107
9 9 3 3 27 35 107 27 105 105 27 105 105 105 13 27 19 79 21 105 13 56 19 169 8 8 8 55 20 19 52 27 86 79 105 13 109 11 57 35 107 27 105 109 13 105 27 105 27 105 27 105 109 13 105 27 105 105 13 86 79 105 13 109 11 57 19 109 11 41 19 62 35 107 27 105 105 27 105 27 105 27 105 19 109 11 105 105 13 86 79 105 109 11 58 8 41 8 19 42 14 8 8 42 8 20 52 27 27 86 79 105 27 110 27 27 86 79 105 27 27 105 27 27 105 27 27 86 79 105 13 27 109 11 57 27 35 107 27 105 19 109 13 105 27 105 109 13 105 27 105 105 13 105 109 11 58 41 8 41 8 27 27 105 27 110 27 110 9 8 9 41 14 8 8 41 14 8 8 42 8 20 52 27 27 86 79 105 13 27 109 11 57 27 109 11 60 27 27 86 79 105 41 14 8 35 107 105 27 105 105 79 105 105 105 13 105 13 107
11 19 52 16 27 57 27 35 79 29 107 79 105 27 79 105
13 27 19 105 13 27 79 21 105 11 19 27 109 11 57 109 11 53 27 35 79 29 107 79 105 27 79 105
11 19 57 16 27 79 21 105 11 53 27 35 79 29 107 79 20 105 27 79 105
13 27 35 79 3 29 107 27 20 105 105 105 105 27 19 54 35 107 105 105 105 13 109 13 32 105 209 41 27 79 105
11 27 58 79 35 79 29 107 105
13 27 35 79 29 107 27 20 105 105 27 79 105
13 35 79 29 107 105 105 79 105
27 35 107 79 105 79 20 105
27 35 107 79 105 79 20 105
13 105 105 13 27 79 105 13 32 105
27 79 20 105
13 79 20 105
13 79 20 105
13 79 20 105
13 105 11 19 45 15 27 35 79 29 107 77 105 105
27 35 107 79 105 79 20 105
13 105 105 13 27 79 105 13 32 105
27 79 20 105
13 79 20 105
13 79 20 105
13 79 20 105
13 27 105 11 21 51 21 51 21 51 21 15 27 79 21 105 13 27 35 79 29 107 27 27 105
13 21 105 13 105 105 20 105 27 105
27 35 107 79 105 79 20 105
27 35 107 79 105 79 20 105
13 105 105 13 27 79 105 13 32 105
27 79 20 105
13 35 79 79 107
27 105 11 21 51 21 51 15 27 27 105 13 105 13 27 105 11 58 105
105 15 14 8 41 27 105
11 57 27 35 79 29 107 27 19 105 27 105
27 35 107 79 105 79 20 105
13 27 35 79 29 107 19 105 19 105 79 105
11 41 27 19 27 57 35 79 29 107 79 105
11 57 35 107 9 105 27 105 9 105 105 13 27 27 35 35 107 105 27 105 105 105 13 107 27 35 35 107 105 27 105 105 105 13 107 27 20 36 27 105 11 62 27 19 105 8 41 14 8 8 8 42 14 8 8 8 8 42 14 8 8 8 8 42 27 105 105 27 9 105 35 107 105 27 105 105 105 13 27 112
11 57 35 107 105 27 105 9 105 105 13 27 27 35 35 107 105 27 105 105 105 13 107 27 35 35 107 105 27 105 105 105 13 107 27 20 36 27 105 11 62 27 19 105 8 41 14 8 8 8 42 14 8 8 42 14 8 8 42 27 105 105 27 9 105 27 35 107 105 27 105 105 105 13 27 112
