1 10 11
1 11 12
1 12 13
1 24 31
1 31 32
1 32 33
1 33 34
1 34 35
1 35 36
1 36 37
1 37 38
1 38 25
1 25 26
1 26 27
1 27 28
1 28 29
1 29 30
1 44 45
1 45 46
1 57 58
1 63 64
1 64 65
1 65 66
1 66 67
1 67 68
1 68 60
1 60 61
1 61 62
1 77 78
1 78 79
1 79 80
1 82 83
1 83 84
2 24 91
2 24 89
2 24 88
2 24 91
2 24 1
2 24 93
2 24 48
2 24 90
2 41 70
2 41 91
2 41 88
2 41 89
2 41 91
2 41 90
2 41 93
2 41 1
2 44 74
2 54 91
2 54 89
2 54 1
2 54 93
2 54 88
2 54 70
2 54 91
2 54 90
2 17 48
2 94 5
2 52 48
2 2 88
2 2 91
2 2 89
2 2 90
2 2 91
2 2 1
2 2 70
2 2 93
2 3 48
2 53 48
2 16 48
2 69 59
2 69 13
2 69 59
2 69 59
2 18 88
2 18 70
2 18 90
2 18 91
2 18 93
2 18 1
2 18 89
2 18 91
2 92 87
2 92 84
2 92 86
2 92 82
2 92 85
2 15 6
3 24 71
3 24 43
3 24 30
3 41 9
3 44 46
3 76 63
3 76 75
3 39 23
3 14 63
3 77 80
3 51 72
3 49 63
3 49 75
3 57 58
3 50 73
3 55 22
3 69 10
3 18 9
3 40 22
3 4 63
3 4 75
3 8 63
3 8 75
3 92 81
4 56 24
4 7 24
4 22 42
4 22 19
4 22 21
4 64 24
4 75 20
4 46 47
4 9 47
4 62 24
4 30 47
4 22 20
