106
108
106
35 79 108
13 29 107 22 105 27 19 105 79 105
86 79 105 13 79 105
35 79 79 105 13 29 107 22 105 79 79 105
13 35 105 13 29 107 22 105 35 107
106 105
79 105 13 35 29 107 79 105
79 79 79 105
106 105
19 51 106 11 16 108
13 105 13 35 105
13 107 22 105 27 27 105 105
35 29 107 27 105 27 105 27 79 105 27 79 105 19 105
108
108
20 35 9 9 107 110 13 35 9 79 9 9 79 9 9 107 105 13 9 79 9 9 79 9 27 110 11 57 105 11 58 108
9 79 9 9 79 27 9 9 105 11 57 108
19 19 52 79 105 11 57 79 105 16 108
13 105 13 35 105
13 107 22 105 27 27 105 105
108
19 8 32 19 105 79 108
41 105
13 35 29 107 22 105 105
13 105
13 27 105
27 79 105 11 57 91 105
13 108
15 80 57 91 105
13 108
41 80 57 108
13 105
19 51 106 11 16 108
13 105 13 35 105
13 107 22 105 27 27 105 105
35 79 105 13 29 107 22 105 27 19 105 79 105
19 19 19 107
19 51 106 11 16 108
13 105 13 35 105
13 107 22 105 27 27 105 105
15
19 19 87 35 19 107 105 11 84 108 13 105 13 86 80 57 105 13 35 35 105 13 107 20 107 35 105 13 107 105 13 27 80 57 57 27 105 11 57 27 105 13 34 19 52 19 65 19 105 13 79 105 11 57 30 80 57 23 105 31 80 57 80 57 27 105 105 105 105 41 14 105 87 15 14 31 40 27 105
79 79 105
11 57 19 16 27 105 11 57 35 27 107 108 13 105 79 105
79 79 58 79 105
79 79 19 19 19 105
35 107 86 79 20 105 79 35 22 107 105 79 35 107
35 27 107 108 13 105 105
93 27 19 36 19 108 13 72 108
106
30 79 58 31 15 35 79 105 13 107 105 13 109 11 57 109 13 32 108
13 105 11 58 35 35 107 27 105 13 105 13 105 13 107 40 14 31 40 78 108
79 105
93 27 108
106
13 19 9 105 27 9 105 13 110 11 110 13 35 121 19 9 8 8 112
11 57 35 27 107 108 13 105 27 105 19 105 91 20 53 19 105
107 35 107 86 19 84 23 85 15
13 79 105
19 19 19 79 108 13 105 11 57 20 52 27 105
19 19 52 79 57 105
13 105
79 105
19 107
