1 5 6
1 6 7
1 7 8
1 9 10
1 11 12
1 18 19
1 19 20
1 20 21
1 22 23
1 23 24
1 24 25
1 26 29
1 29 30
1 30 31
1 31 32
1 32 33
1 33 34
1 34 35
1 35 36
1 36 27
1 27 28
1 43 44
1 62 63
1 63 64
1 68 69
1 75 76
1 76 77
1 77 78
1 78 79
1 79 80
2 59 73
2 59 65
2 45 46
2 57 65
2 57 73
2 58 65
2 58 73
2 43 44
2 81 74
2 81 74
2 81 82
2 81 74
2 81 80
2 81 83
2 81 75
2 37 40
2 37 40
2 37 40
2 14 40
2 14 40
2 14 40
2 47 50
3 57 54
3 57 55
3 26 28
3 62 63
3 67 53
3 4 70
3 4 60
3 15 70
3 15 60
3 52 38
3 52 70
3 52 60
3 52 39
3 51 70
3 51 60
3 49 38
3 49 70
3 49 60
3 49 39
3 48 70
3 48 60
3 9 10
3 17 70
3 17 60
3 11 12
3 16 70
3 16 60
3 66 60
3 66 72
3 66 71
3 22 25
3 61 53
3 5 8
3 68 69
3 18 21
3 13 70
3 13 60
4 64 81
4 2 3
4 55 41
4 64 1
4 64 42
4 2 1
4 55 81
4 64 3
4 8 1
4 2 81
4 2 42
4 55 1
4 55 42
4 10 41
4 12 3
4 21 1
4 55 3
4 64 41
4 28 3
4 2 41
5 54 56
