106 108
108 13 35 27 107 79 105
19 106 108
108
35 107 79 108
13 105
13 29 105 79 108
13 19 105
35 107 79 105
13 29 105 79 19 105
35 107 79 105
13 29 105 79 105
79 105 13 109 13 105 13 108 11 209 79 108
79 105
108
19 19 79 108
19 19 79 108
19 58 35 107 79 108
13 105
13 29 105 79 108
13 105
19 58 52 27 105 13 109 13 108 11 108
13 105
11 80 57 79 105
106
106 107
11 58 35 107 105
13 29 105 105
108
11 87 79 35 107
105
79 35 107
105
79 19 105 79 21 105 108
13 105
11 57 108
79 105
105 13 27 105 11 57 15 27 105 11 58 35 27 107 105 13 105 13 108 13 35 27 107 105
100 58 57 27 105 11 58 35 29 107 105
79 58 79 58 79 58 15 79 57 79 105 79 57 79 105 79 57 79 105 41 14 41
106 108
20 106 19 105
106 35 107 86 79 79 105 79 19 105 105
13 79 105 13 79 105 79 105 13 105 12 105 12 110 35 107
105
79 58 15 79 57 79 105 41 14 41
19 79 77 105
21 9 105 111 9 79 93 51 9 79 93 51 9 79 93 51 9 79 93 51 9 79 93 51 9 79 93 51 9 79 93 51 9 79 93 52 108
9 80 58 108
93 65 58 15 93 65 57 93 65 105 41 14 41
21 9 105 111 93 93 51 93 93 51 93 93 51 93 93 51 93 93 51 93 93 51 93 93 52 108
94 58 108
105
19 105
105
106
19 19 19 106 87 93 30 93 57 93 93 58 100 105
79 57 79 105 105
105
35 107 35 27 27 107 105 108
35 107 27 27 105 79 35 27 107
35 27 107 108 13 105 79 105
13 57 108
11 57 105
13 32 107 86 19 86 87 87 105
23 30 79 57 79 58 27 108
19 35 107 27 105 13 105 13 27 105 13 105 13 108
79 108
13 35 27 107 27 105 13 27 79 105 13 27 108
19 93 57 93 105 11 16 105 13 35 29 107 22 105
22 93 58 35 107 105 13 35 27 27 108 13 107 105
19 93 57 93 18 105 13 35 27 27 108 13 107 22 105
93 58 35 107 105 13 105 13 57 105 11 57 27 105 11 57 27 27 108 13 35 107 27 105 13 93 105 13 105 13 108 13 105 13 93 105 13 105 11 58 27 105 13 93 105 13 105 11 62 35 107 105 13 27 105 13 105 13 105 13 35 107 93 105 13 27 105 13 93 105 13 105 13 35 107 27 105 13 105 13 27 105 13 105 13 27 105 13 105 13 27 105 13 105 13 27 105 13 27 105 13 105 13 35 107 105 13 27 105 13 27 105 13 27 105 13 27 105 13 105 13 100 93 18
13 32 105 11 57 105 13 57 105 13 105 11 58 105 11 19 51 105 11 20 51 105 11 20 51 105 11 20 51 105 11 19 51 105 11 19 52 105 11 19 52 27 19 65 33 57 19 36 19 35 79 79 79 107
41 79 79 105 105
11 58 79 79 35 107
105 105
11 58 35 79 107 79 79 105 19 105 79 79 35 107
105 105
11 58 79 79 105 79 79 105 41
20 20 19 19 19 106 105
20 109
19 109
