19 108 13 18 14 41
106 19 105
19 19 52 101 35 29 107 105
19 19 106 21 105
106 21 105
19 19 52 101 35 29 107 105
19 101 35 79 29 107 79 105
79 105
79 108
13 27 105
11 57 93 105 79 108
79 108
13 27 105
11 57 93 105 79 80 57 79 19 87 79 108
79 108
13 27 105
11 57 93 105 57 79 108
79 108
13 27 105
11 57 93 105 79 108
79 108
13 27 105
11 57 93 105 79 108
79 108
13 27 105
11 57 93 105 79 108
35 79 29 107 79 105
79 105
79 108
13 20 105 79 108
13 27 105
11 57 93 105 79 108
35 79 29 107 79 105
79 108
13 20 105 79 105
79 108
13 57 79 108
13 105 79 108
79 108
13 27 105
11 57 93 105 15
20 79 108
13 27 105
11 57 93 105 79 108
107
106
19 79 108
13 27 105
11 58 93 105 79 108
19 79 108
13 27 105
11 57 93 105 79 108
19 101 35 79 29 107 79 105
79 105
79 79 27 105
11 57 93 105 15
