1 10 14
1 14 15
1 15 16
1 16 17
1 17 18
1 18 19
1 19 20
1 20 21
1 21 11
1 11 12
1 12 13
1 22 23
1 23 24
1 25 29
1 29 30
1 30 31
1 31 32
1 32 33
1 33 34
1 34 35
1 35 36
1 36 26
1 26 27
1 27 28
1 38 39
1 39 40
1 42 53
1 53 60
1 60 61
1 61 62
1 62 63
1 63 64
1 64 65
1 65 66
1 66 43
1 43 44
1 44 45
1 45 46
1 46 47
1 47 48
1 48 49
1 49 50
1 50 51
1 51 52
1 52 54
1 54 55
1 55 56
1 56 57
1 57 58
1 58 59
1 67 68
1 69 70
1 70 71
1 71 72
1 72 73
1 73 74
1 74 75
1 75 76
1 76 77
1 79 80
2 22 2
2 22 1
2 22 37
2 22 2
2 22 4
2 22 5
2 22 7
2 87 37
2 25 37
2 25 28
2 88 40
2 42 40
2 10 41
2 10 40
2 82 81
2 9 37
3 22 24
3 88 38
3 42 38
3 42 59
3 10 13
3 67 68
3 79 80
3 69 77
3 3 6
4 13 90
4 83 89
4 13 78
4 13 89
4 24 85
4 84 89
4 68 89
4 86 22
4 8 89
