79 105 13 35 35 27 108 13 107 107 107
19 108 13 79 105 13 105 13 105 13 35 107
79 79 79 108
13 35 107 105 13 105 13 105 13 35 107 105 13 105 13 105 13 19 108 13 105 13 105 13 105 13 27 105 13 32 105 13 105 15
13 35 107 105 13 105 13 105 13 35 107 105 13 105 13 105 13 19 108 13 105 13 105 13 105 13 91 105 13 91 105 13 105 13 27 105 13 32 105 13 105 15
11 57 105
19 108 13 27 105 13 32 57 105 13 57 105 11 108 13 18 8 41
35 29 107 27 19 105 105
20 52 27 108 11 57 107
19 19 108
79 79 105
107
41 35 29 107 105
13 27 105
11 57 108
105 11 44 15 108
13 27 105
11 57 108
79 105 11 58 79 105 77 62 77 107
79 87 41 79 79 105
41 79 105 79 105 79 87 79 87 107
19 19 106 86 108
13 27 105
11 57 87 35 29 107 105
19 106 27 108
13 86 79 105
77 62 77 107
79 19 105 79 87 35 27 107 79 79 105
79 57 79 105
13 58 108
13 86 79 105
79 108
13 86 79 105
80 57 80 57 87 87 108
13 86 79 105
79 108
93 58 108 13 100 93 18 14 105 41
21 21 20 19 19 79 27 105 13 32 35 107 79 22 108
13 35 79 107 105 13 105 13 105 13 91 20 53 34 62 66 107
13 105 13 105 13 20 84 19 84 105 79 108
27 105 13 32 23 105 15
19 19 19 19 19 27 105 11 27 105 11 122 122 162 22 193 127 79 108
11 55 79 108
13 79 108
13 21 36 79 108
13 108
13 27 105
11 108 13 72 105 13 108 13 105 79 108
13 108
13 27 105
11 57 79 108
13 36 73 105
13 35 107 105 13 27 105 13 105 13 105 79 108
79 108
13 108
13 27 105
79 108
79 35 79 108
13 29 107 105
13 108
11 57 79 108
13 108
13 27 105
11 57 79 108
13 108
13 27 20 105
79 35 79 108
13 29 107 105
19 19 19 108
13 27 105
11 57 108
105 11 44 15 107
105
41 80 57 87 105
79 105 41 87 105
79 105 41 108
11 58 93 20 108 41 79 79 105 23 108 41 14 105 41 35 107 27 105 27 105 105
106 86 86 35 107
35 27 107 27 79 105
13 19 108 13 105 79 105
35 107 27 108 12 108 13 105 27 27 105 27 105 105 13 93 105 15
35 19 107
13 29 107 105
13 29 107 105
106 21 105
35 29 107 105
106 108
27 108
19 106 21 21 105
106 21 105
