19 106
19 27 105 13 108 13 35 107 108 13 35 27 107 105 105
21 108
13 105 41 35 29 107 27 105 105
35 29 107 105
13 27 19 109 11 57 27 105 13 105 11 57 35 29 107 105
35 29 107 27 27 23 105 12 105 27 27 105 13 105 105
21 108
35 29 107 105
41 105
15 35 29 107 105
106 105
11 58 35 29 107 27 105 105
109 11 45 19 16 35 29 107 105
13 27 109 11 57 105 27 109 11 57 105 15 35 29 107 105
35 29 107 22 105 57 23 19 44 35 35 107 27 105 13 105 13 105 13 107 40 78 27 105 27 105 27 105 105
93 58 35 29 107 105
19 19 35 27 107 105 35 107
41 27 105 11 57 79 108 13 105 11 57 79 108 13 105 35 29 107 105 27 105 105
11 63 44 35 35 107 27 105 13 105 13 105 13 107 40 35 29 107 22 105 105
19 21 108
21 108
