1 6 10
1 10 11
1 11 12
1 12 13
1 13 14
1 14 15
1 15 16
1 16 17
1 17 7
1 7 8
1 8 9
1 18 24
1 24 25
1 25 26
1 26 27
1 27 28
1 28 29
1 29 30
1 30 31
1 31 19
1 19 20
1 20 21
1 21 22
1 22 23
1 90 91
1 93 94
1 94 95
1 95 96
1 96 97
1 104 105
1 112 113
1 113 114
1 115 116
1 116 117
1 119 120
1 120 121
1 122 123
1 123 124
1 124 125
3 38 126
3 39 127
3 37 126
3 90 91
3 104 105
3 122 125
3 33 35
3 59 67
3 112 114
3 6 4
3 6 9
3 62 74
3 52 64
3 57 79
3 55 76
3 60 68
3 115 117
3 48 78
3 63 70
3 53 75
3 58 73
3 49 72
3 61 71
3 51 66
3 32 34
3 32 36
3 56 69
3 54 65
3 128 129
3 3 5
3 50 77
3 93 97
3 18 5
3 18 4
3 18 23
3 119 121
3 2 1
4 111 98
4 72 100
4 71 102
4 74 103
4 65 102
4 66 43
4 44 98
4 69 85
4 47 98
4 70 92
4 73 102
4 78 118
4 109 98
4 68 82
4 101 98
4 89 98
4 64 41
4 76 106
4 91 88
4 79 102
4 86 98
4 67 46
4 83 98
4 77 102
4 75 40
4 105 108
5 71 80
5 78 80
5 83 81
5 66 80
5 86 84
5 72 80
5 111 110
5 75 80
5 74 80
5 89 87
5 77 80
5 64 80
5 109 107
5 65 80
5 79 80
5 67 80
5 70 80
5 73 80
5 101 99
5 68 80
5 76 80
5 69 80
5 44 42
5 47 45
