1 3 4
1 8 9
1 11 12
1 12 13
1 15 16
1 16 17
1 17 18
1 18 19
1 28 29
1 29 30
1 30 31
1 31 32
1 32 33
1 33 34
1 43 44
1 44 45
1 47 50
1 50 51
1 51 52
1 52 53
1 53 54
1 54 55
1 55 56
1 56 57
1 57 48
1 48 49
1 60 61
1 61 62
1 82 86
1 86 87
1 87 88
1 88 89
1 89 90
1 90 91
1 91 92
1 92 93
1 93 83
1 83 84
1 84 85
1 96 97
1 97 98
1 98 99
1 99 100
1 106 117
1 117 128
1 128 136
1 136 137
1 137 138
1 138 139
1 139 140
1 140 141
1 141 107
1 107 108
1 108 109
1 109 110
1 110 111
1 111 112
1 112 113
1 113 114
1 114 115
1 115 116
1 116 118
1 118 119
1 119 120
1 120 121
1 121 122
1 122 123
1 123 124
1 124 125
1 125 126
1 126 127
1 127 129
1 129 130
1 130 131
1 131 132
1 132 133
1 133 134
1 134 135
1 147 146
1 149 150
1 155 156
1 156 157
1 157 158
1 159 160
1 160 161
1 164 165
1 166 167
1 167 168
1 168 169
1 170 171
1 171 172
1 173 174
1 174 175
1 176 177
1 177 178
1 179 180
1 180 181
1 181 182
1 186 187
1 188 189
1 243 244
1 244 245
1 245 246
1 246 247
1 247 248
1 248 249
1 249 230
1 230 231
1 231 232
1 232 233
1 233 234
1 234 235
1 235 236
1 236 237
1 237 238
1 238 239
1 239 240
1 240 241
1 241 242
2 21 35
2 21 28
2 21 28
2 41 184
2 11 13
2 11 13
2 15 19
2 24 35
2 106 119
2 106 135
2 201 35
2 195 35
2 211 35
2 103 28
2 103 28
2 102 250
2 102 250
2 102 243
2 102 242
2 102 250
2 94 250
2 94 242
2 94 250
2 94 250
2 94 243
2 144 146
2 144 28
2 144 146
2 144 242
2 144 147
2 144 250
2 144 28
2 144 148
2 144 243
2 144 250
2 144 250
2 95 243
2 95 242
2 95 250
2 95 250
2 95 250
2 101 242
2 101 250
2 101 250
2 101 250
2 101 243
2 143 250
2 143 250
2 143 242
2 143 28
2 143 28
2 143 250
2 143 243
2 224 35
2 64 35
2 203 35
2 72 35
2 199 37
2 215 35
2 75 35
2 193 35
2 257 35
2 69 35
2 196 35
2 212 35
2 185 35
2 68 35
2 153 35
2 198 35
2 183 35
2 151 35
2 154 35
2 152 35
2 207 35
2 221 35
3 20 59
3 3 4
3 8 9
3 21 25
3 21 34
3 21 27
3 21 26
3 7 25
3 7 27
3 46 25
3 22 25
3 22 26
3 2 1
3 47 25
3 47 49
3 24 25
3 43 45
3 82 85
3 106 25
3 23 25
3 201 25
3 195 25
3 176 178
3 211 25
3 70 25
3 70 27
3 220 25
3 220 27
3 197 25
3 197 27
3 163 58
3 213 25
3 213 27
3 170 172
3 223 25
3 223 27
3 200 25
3 200 27
3 63 25
3 63 27
3 103 25
3 103 34
3 206 25
3 218 25
3 78 25
3 104 25
3 60 62
3 227 25
3 67 25
3 186 187
3 188 189
3 222 25
3 222 27
3 209 25
3 209 27
3 225 25
3 225 27
3 65 25
3 65 27
3 204 25
3 204 27
3 73 25
3 73 27
3 226 25
3 66 25
3 205 25
3 217 25
3 77 25
3 145 25
3 190 25
3 144 25
3 144 34
3 144 27
3 143 25
3 143 34
3 143 27
3 224 25
3 64 25
3 251 25
3 251 27
3 81 6
3 203 25
3 72 25
3 164 165
3 253 25
3 253 27
3 215 25
3 75 25
3 80 6
3 96 100
3 193 25
3 257 25
3 228 25
3 69 25
3 196 25
3 179 182
3 212 25
3 159 161
3 255 25
3 255 27
3 202 25
3 202 27
3 71 25
3 71 27
3 208 25
3 208 27
3 214 25
3 214 27
3 185 25
3 173 175
3 74 25
3 74 27
3 229 25
3 219 25
3 219 27
3 192 25
3 192 27
3 256 25
3 256 27
3 166 169
3 68 25
3 254 25
3 254 27
3 252 25
3 252 27
3 194 25
3 194 27
3 258 25
3 258 27
3 153 25
3 191 25
3 198 25
3 183 25
3 151 25
3 210 25
3 154 25
3 152 25
3 155 158
3 207 25
3 162 25
3 79 6
3 149 150
3 221 25
3 142 25
3 142 27
3 216 25
3 216 27
3 76 25
3 76 27
4 39 10
4 39 14
4 39 42
4 45 2
4 105 38
4 9 21
4 40 38
4 5 2
4 9 2
4 25 38
4 187 41
4 39 36
