13 29 107 105 13 34 62 35 29 107 27 105 27 105 105
19 19 106 27 27 108 108 13 86 79 27 109 11 87 79 27 109 11 58 105
27 27 108 106 108
13 57 79 105
91 20 53 105 13 27 105 11 57 15 35 29 107 105
80 58 35 107 27 79 105 27 79 105 19 105
106 108
19 19 19 27 27 108 108 13 109 13 105 13 27 105 11 58 15 27 105 13 58 27 27 108 41 27 105 11 27 105 11 58 35 29 107 44 52 27 109 11 52 35 29 107 44 19 52 27 109 11 52 35 29 107 44 41 108
13 57 27 105 105
20 19 106 21 105
19 19 20 19 19 106 79 27 109 11 87 79 27 21 109 11 129 85 79 27 22 109 11 129 85 91 20 53 27 105
11 57 105
15 79 27 23 79 110 79 27 23 79 110 79 79 105 19 91 20 56 79 105 13 58 79 105 13 79 105 13 36 86 36 86 36 86 36 86 36 86 79 105 79 105 41
20 19 19 106 108 13 86 79 109 13 86 79 27 109 11 87 79 27 109 11 52 2 87 79 27 27 109 13 108 13 105 11 203 84 80 57 21 105
19 26 20 19 19 106 91 20 53 27 105
11 57 105
15 79 27 21 109 11 129 85 79 27 22 109 11 129 85 78 48 58 79 21 105
78 48 58 79 21 105
79 27 23 79 110 79 27 23 79 110 19 91 20 56 79 105 13 58 79 19 105 13 79 105 13 36 86 36 86 36 86 36 86 36 86 79 105 79 105 79 79 35 107 105 13 105
106 108 13 109 13 35 107
19 19 106 100 35 107
106 19 100 79 105
19 19 19 79 105 11 20 51 105 11 52 79 79 108 87 80 57 80 57 93 57 80 57 107
19 58 15 19 105 11 45 44 41 79 27 109 11 84 105
19 27 27 108 80 58 35 29 107 27 105 22 105 105
13 29 107 105 13 34 62 35 29 107 27 105 27 105 105
13 21 107 80 57 27 21 105 80 57 27 21 105 80 57 27 21 105 35 29 107 27 105 108
15 79 27 105 13 57 57 58 19 87 79 27 23 19 79 110 79 27 19 109 11 87 41 57 57 108 12 105 12 181 24 50 62 19 87 79 27 23 19 79 110 79 27 19 109 11 87 41 57 57 79 79 24 105 105 12 105 12 108
13 27 105 11 58 105 12 105 12 108
13 27 105 11 57 19 87 79 27 19 109 13 109 42 105 12 105 12 108
13 27 105 11 58 105 12 105 12 108
13 27 105 11 57 19 87 79 27 19 109 13 109 42 105 12 105 12 108
13 27 105 13 105 12 105 12 108
13 27 105 13 19 65 108 13 105 11 19 65 108 13 105 11 19 65 108 13 105 11 19 65 108 13 105 11 19 55 52 54 19 108 13 108 13 20 105 11 20 105 11 35 29 107 58 54 53 52 53 52 54 19 87 79 27 19 109 13 109 27 105 19 19 108
15 80 58 80 58 80 58 80 58 80 57 77 19 51 79 27 23 19 79 110 41 79 79 105 41
19 19 106 21 105
13 32 105 13 57 105 11 57 27 109 11 57 27 19 109 11 52 108 12 27 23 109 12 24 180 50 62 35 107 21 105 13 21 105 13 21 35 107
106 21 105
13 44 106 11 16 91 20 53 35 29 107 105
57 105 13 57 105 13 27 105 11 57 35 29 107 22 105 105
19 19 19 106 21 105
19 106 21 105
105
13 107
27 105 11 58 27 105 11 57 35 29 107 105
19 106 21 105
19 105
13 35 105
13 29 107 105
13 107
27 105 11 57 27 109 11 57 91 20 53 105
13 27 105 11 57 35 105
13 107 21 105 13 21 105 13 21 35 107
105 13 21 35 107
105 13 105 13 105 15 27 105 11 57 27 109 11 57 108 13 27 105 13 35 105 13 107 35 35 105 13 107 107 27 105 105 105 13 27 108 13 105 13 105 11 58 107
105 41 14 107
41 27 105 11 58 27 105 11 57 105
84 86 86 105 13 35 107 19 19 19 8 2 110
86 35 27 107 27 105 79 105 13 19 105
19 19 79 108
11 44 15 79 79 108
13 105
79 108
19 21 22 19 21 79 79 108
79 79 108
19 105 11 44 19 16 108 12 85 79 80 58 79 79 77 84 79 79 77 84 105 11 84 105 11 84 41 79 80 58 79 80 57 79 79 27 79 79 77 109 13 109 79 79 27 79 79 77 109 13 109 108 12 78 23 180 50 60 79 19 105
79 19 19 105
19 79 108
79 108
79 27 105
79 108
19 19 21 22 19 79 79 108
79 79 108
79 108
19 21 22 19 21 79 79 108
79 79 108
19 105 11 44 19 16 108 12 85 79 80 58 79 79 77 84 79 79 77 84 105 11 84 105 11 84 41 79 80 58 79 80 57 79 79 27 79 79 77 109 13 109 79 79 27 79 79 77 109 13 109 108 12 78 23 180 50 60 79 19 105
79 19 19 105
19 79 108
19 79 108
19 79 108
105 13 27 105 11 57 79 108
79 108
13 109 13 27 79 108
12 109 13 109 35 79 29 107 22 105 79 105
13 109 11 58 79 108
13 109 79 108
13 27 19 109 11 19 52 79 108
13 27 27 109 13 108
11 58 79 105
13 27 108 13 108
11 58 108 12 126 79 108
12 126 25 196 48 62 79 108 12 108
79 79 105 12 105 12 108
79 79 105 12 105 12 108
79 79 108
13 27 19 109 11 79 79 108
13 27 79 105 11 109 13 27 79 105 11 109 13 27 79 105 11 109 13 27 79 105 11 109 13 27 79 105 11 109 13 27 79 105 11 122 22 194 109 13 109 79 79 108
79 105 11 51 79 79 105
13 79 79 105
79 79 57 79 79 105 12 105 12 108
79 79 57 79 79 105 12 105 12 108
79 108
23 25 79 19 108
41 35 79 29 107 22 105 79 105
19 20 19 105 13 27 105 11 57 79 105
13 105
79 108
13 57 79 108
13 105
79 108
13 57 79 108
13 105
105 13 27 105 11 57 79 108
13 27 109 11 57 91 53 79 27 105
11 57 79 108
13 105 13 77 52 79 108
13 27 109 15 2 42 27 105 13 32 35 107
20 105 105 13 27 105 11 57 91 53 79 27 105
11 57 79 105
41 79 108
13 27 109 11 57 79 108
13 57 79 108
13 79 108
13 105 105 13 27 105 11 57 91 53 79 27 105
11 57 79 105
41 79 108
13 57 79 108
13 27 109 11 57 79 108
11 58 79 108
11 58 79 108
11 58 79 108
11 57 79 108
13 27 23 19 79 108
13 110 42
13 105
79 108
13 57 79 108
13 105
79 108
13 57 79 108
19 106 44 15 79 79 19 105
79 79 57 79 79 105 12 105 12 108
25 19 19 19 27 35 107 105 12 105 13 27 105 13 105 12 105 13 27 105 13 105 12 105 13 105 13 108 79 108
44 107
27 27 108 20 105 20 105 27 105 19 105 105 105 13 105
105 13 32 79 108
13 32 105 13 57 105 11 57 34 51 35 27 107 40 19 65 105 12 19 65 105 12 107
79 27 19 109 13 109 79 105
13 79 35 27 35 107 27 105 13 105 13 105 13 108 13 107 105
57 79 108
57 79 108
57 79 108
19 57 79 108
19 19 57 79 108
13 27 109 13 109 79 105
13 79 108
13 105
32 105 11 57 79 105
13 79 108
13 105
79 108
105 11 44 15 79 108
79 79 35 27 35 107 27 105 13 79 79 105
13 105 13 105 13 105 13 108 13 107 105
79 108
11 57 35 79 105
13 29 107 27 19 105 27 79 108
11 105 79 105
79 108
11 57 35 79 105
13 29 107 27 19 105 79 105
79 108
11 57 35 79 105
13 29 107 27 19 105 79 105
79 108
11 57 35 79 105
13 29 107 27 19 105 79 105
79 108
11 57 79 108
11 57 35 79 105
13 29 107 27 19 105 79 105
57 79 108
13 19 105
19 79 108
35 79 105
13 29 107 79 105
35 79 105
13 29 107 79 105
44 107
79 108
79 108
21 22 19 19 21 79 79 108
79 79 108
19 79 108
79 108
79 27 105
19 57 79 108
79 79 105
79 27 105
79 108
79 108
19 19 21 22 19 79 79 108
79 79 108
19 105 11 44 19 16 108 12 85 79 80 58 79 79 77 84 79 79 77 84 105 11 84 105 11 84 41 79 80 58 79 80 57 79 79 27 79 79 77 109 13 109 79 79 27 79 79 77 109 13 109 108 12 78 23 180 50 60 79 19 105
79 19 19 105
79 108
19 20 79 108
79 79 108
79 108
79 108
19 79 108
79 108
79 108
22 20 19 19 21 79 79 108
79 79 108
19 105 11 44 19 16 108 12 85 79 80 58 79 79 77 84 79 79 77 84 105 11 84 105 11 84 41 79 80 58 79 80 57 79 79 27 79 79 77 109 13 109 79 79 27 79 79 77 109 13 109 108 12 78 23 180 50 60 79 19 105
79 19 19 105
79 27 105
79 108
19 19 21 22 19 79 79 108
79 79 108
79 108
19 21 22 19 21 79 79 108
79 79 108
19 105 11 44 19 16 108 12 85 79 80 58 79 79 77 84 79 79 77 84 105 11 84 105 11 84 41 79 80 58 79 80 57 79 79 27 79 79 77 109 13 109 79 79 27 79 79 77 109 13 109 108 12 78 23 180 50 60 79 19 105
79 19 19 105
21 21 91 20 54 79 79 105
21 21 91 20 54 79 79 105
13 27 105
12 25 48 61 105
13 27 105
13 27 105 11 58 105
13 105
209 41 14 8 41 8 41 27 105
13 27 105
105
13 91 20 53 105 11 121 79 108
13 105 13 105 12 23 180 50 62 79 108
13 105 13 105 13 34 58 57 79 108
13 79 19 105 13 105 13 105 105 18 14 105
41 2 2 5 34 54 65 105 12 50 60 65 105 12 2 209 41 65 105 41 35 79 108
13 27 105 13 32 105 13 57 105 11 57 19 65 107
13 57 35 107
27 105
13 27 105
13 35 107
2 105
11 54 105
13 65 107 105 13 27 105 13 105 13 27 105 13 105 13 107 27 27 108 105 13 32 20 105 20 105 27 105 19 105 105 105 13 105
21 19 19 91 20 53 79 108
79 108
21 19 19 91 20 53 79 108
79 108
79 27 105
79 108
19 21 22 19 79 79 108
79 79 108
