1 7 8
1 17 18
1 22 23
1 23 24
1 31 32
1 37 38
1 39 40
1 71 72
1 72 73
1 75 76
1 76 77
1 77 78
1 78 79
1 80 81
1 83 84
1 84 85
1 85 86
1 86 87
1 87 88
1 88 89
1 92 93
1 93 94
1 96 97
1 110 111
1 111 112
1 112 113
1 140 145
1 145 146
1 146 147
1 147 148
1 148 149
1 149 150
1 150 151
1 151 130
1 130 131
1 131 132
1 132 133
1 133 134
1 134 135
1 135 136
1 136 137
1 137 138
1 138 139
1 139 141
1 141 142
1 142 143
1 143 144
2 25 91
2 25 90
2 25 98
2 45 113
2 45 110
2 45 113
2 45 109
2 37 38
2 39 40
2 6 113
2 6 113
2 6 109
2 6 110
2 13 110
2 13 113
2 13 113
2 13 109
2 22 98
2 22 63
2 22 63
2 22 91
2 22 90
2 22 63
2 11 109
2 11 113
2 11 110
2 11 113
2 46 110
2 46 113
2 46 113
2 46 109
2 9 113
2 9 113
2 9 109
2 9 110
2 16 110
2 16 109
2 16 113
2 16 113
2 100 106
2 100 105
2 123 120
2 123 121
2 102 106
2 102 105
2 117 152
2 96 97
2 153 153
2 42 113
2 42 113
2 42 109
2 42 110
2 3 113
2 3 109
2 3 113
2 3 110
2 114 109
2 114 113
2 114 113
2 114 110
2 154 154
2 119 125
2 129 125
2 29 31
2 29 32
2 29 32
2 118 125
2 118 140
2 118 144
2 118 124
2 118 130
2 118 120
2 118 122
2 83 89
2 83 84
2 4 109
2 4 113
2 4 110
2 4 113
2 19 110
2 19 113
2 19 109
2 19 113
2 1 113
2 1 110
2 1 109
2 1 113
2 115 113
2 115 110
2 115 109
2 115 113
2 5 113
2 5 109
2 5 113
2 5 110
2 44 113
2 44 109
2 44 113
2 44 110
2 12 109
2 12 113
2 12 110
2 12 113
2 10 110
2 10 113
2 10 113
2 10 109
2 48 113
2 48 109
2 48 113
2 48 110
2 47 113
2 47 110
2 47 113
2 47 109
2 36 36
2 2 110
2 2 109
2 2 113
2 2 113
2 116 109
2 116 113
2 116 113
2 116 110
2 41 109
2 41 113
2 41 110
2 41 113
2 95 113
2 95 94
2 95 109
2 95 113
2 95 110
2 127 122
2 127 140
2 127 125
2 127 120
2 127 144
2 127 130
2 126 144
2 126 125
2 126 130
2 126 140
2 126 120
2 126 122
2 43 113
2 43 109
2 43 113
2 43 110
2 128 130
2 128 140
2 128 120
2 128 144
2 128 122
2 128 125
2 99 113
2 99 109
2 99 113
2 99 110
3 25 61
3 45 14
3 17 18
3 80 81
3 6 14
3 13 14
3 75 65
3 75 79
3 7 8
3 71 73
3 33 65
3 33 26
3 22 24
3 11 14
3 49 65
3 74 51
3 74 101
3 74 52
3 74 65
3 46 14
3 104 54
3 9 14
3 16 14
3 16 15
3 42 14
3 107 59
3 108 59
3 3 14
3 28 67
3 28 66
3 28 62
3 114 14
3 103 53
3 69 51
3 83 82
3 4 14
3 19 14
3 19 15
3 1 14
3 115 14
3 21 14
3 20 64
3 5 58
3 5 59
3 5 14
3 44 58
3 44 59
3 44 14
3 12 58
3 12 59
3 12 14
3 10 14
3 10 60
3 48 58
3 48 59
3 48 14
3 47 14
3 47 60
3 35 65
3 34 65
3 2 14
3 116 14
3 70 65
3 70 52
3 41 14
3 95 14
3 95 92
3 43 14
3 43 60
3 30 58
3 30 59
3 99 14
3 68 65
4 24 33
4 58 50
4 59 57
4 26 27
4 66 56
4 64 33
4 62 17
4 52 55
