20 20 105 11 58 51 52 105 11 58 107
107
105 11 44 15 108
19 105 11 44 19 16 108
109 11 44 106
19 106
106
35 29 107 105
79 108
19 19 109 13 32 79 105 13 77 109 13 32 109 11 44 106
19 19 52 105 11 58 80 57 108
19 109 11 45 106
106
13 108 13 105
13 108 13 105
108
19 106 105
13 107
108
19 57 79 57 79 105 11 58 109 11 21 52 108
27 105 11 57 27 105 13 27 105 12 108
106 79 58 108
13 86 23 85 108
11 57 35 29 107 105
19 106 108
35 29 107 22 105 105
106 21 105
105 11 45 15 79 108
79 79 108
79 105
20 19 19 79 105 13 91 57 105 11 57 105 11 52 105
13 27 105 13 32 105 13 105 11 105 11 19 108 11 35 107 206 105 13 27 105 13 219 206 105 13 27 105 13 219 206 105 13 27 105 13 219 206 105 13 105 13 105 13 27 19 36 19 105 11 108 13 72 19 27 72 108 13 44 21 107
20 19 106 21 105
105 13 107
57 107
79 57 27 79 105 15
106 27 105
13 32 57 79 19 105 108
106 27 105
13 32 57 79 19 105 15
44 15 79 77 79 108
79 79 105
109 11 44 19 16 79 79 105
109 11 44 106
19 106
79 108
19 19 109 13 32 79 105 13 77 109 13 32 27 109 11 44 106
19 109 11 44 106
19 19 105 13 21 105
106 105
35 29 107 105
13 105
35 105 13 29 107 19 105
13 19 9 105
111 21 9 105
106 21 105
105
35 29 107 22 105 105
57 57 35 29 107 105 22 105 105
13 108 13 35 27 107 27 105 105
11 91 51 35 29 107 27 105 27 105 105
22 105 105
13 79 105 13 27 57 105 11 57 105 11 58 79 105 13 105 11 62 57 105 11 58 2 41 79 105 13 41 105 11 52 79 105 13 105 13 41 2 41
57 35 29 107 22 105 105
35 29 107 105
57 35 29 107 22 105 105
57 27 93 105 11 58 27 93 105 11 58 19 57 35 27 107 105
19 44 15 79 105
79 108
44 15 79 79 105
105
13 35 105
13 29 107 105
19 105 13 21 105
106 105
107
105
13 35 105
13 29 107 105
19 91 20 53 35 107
109
35 27 107 27 27 108 13 105 13 32 105 27 27 105 13 32 105 27 27 105 13 32 105 27 27 105 13 32 108 11 105 27 27 105 13 32 105 79 108 13 105
19 20 36 79 105
13 27 105 13 32 27 105 13 86 79 105 35 21 107 86 79 20 105 79 19 105 79 57 79 57 35 20 107 108 11 58 20 105 79 105 105 11 62 35 105 13 107 105 13 105 13 20 36 19 20 105 11 62 108
11 57 107
41 14 41 14 108
41 14 108
41 107
41 14 79 57 79 105 11 58 79 105 86 79 57 79 105 11 57 79 105 86 15 14 108
13 32 105 13 105 15
13 32 105 13 105 15
13 21 105 11 84 35 79 29 107 79 22 108
13 86 79 27 105
13 32 105 13 105 15
19 52 91 108
19 27 105 11 27 105 11 58 58 19 57 79 27 105
13 32 105 13 57 105 11 105 11 58 108
13 32 79 20 105 19 16 105
19 52 108
35 107
13 108 13 35 27 107 105
79 108
27 108
9 3 105 13 32 9 79 77 79 79 77 79 79 77 79 78 78 78 6 78 6 113
13 27 105 13 32 105 13 57 105 11 57 105 11 52 79 105
13 27 105 13 32 105 13 57 105 11 57 105 11 19 51 79 21 105 15 79 19 105 41
27 108
27 108
13 109
19 79 57 79 105 13 57 105 11 105 11 57 58 79 105 13 100 108
13 105
11 58 35 107
40 19 52 79 105 13 105 13 100 58 35 107
105 11 21 52 108
20 20 105 11 58 51 52 105 11 58 108
108
19 93 35 27 107 105 13 105 13 105 13 108
108
108
13 105 13 57 105 11 58 19 41
13 105 13 57 105 11 58 91 41 105 11 44 105 11 57 91 41 91 41 91 41 91 41 91 41 44
11 87 35 27 107 105
107
79 105 41 14 8 19 93 35 27 107 79 105 13 105 13 105 13 108
79 105 15 79 108
106 108
106 108
106 108
19 108
11 57 79 105 13 35 107 79 57 105
11 58 79 109
108
108
80 57 108 12 85 80 57 79 77 121 105
79 105 11 84 80 57 78 23 50 57 108 12 78 181 85 79 105
79 105 13 109 13 109 13 109 11 57 109 13 32 109 13 32 109 13 109 11 57 109 13 32 79 109 13 105
41 14 8 108
108
40 93 79 105
13 86 35 79 107 105 13 32 86 79 77 105 79 77 105 79 79 105
11 58 93 79 105
11 58 107
42 80 57 107
42 79 105 13 35 107 79 57 105
13 105 79 80 105 79 93 79 105
11 105 79 19 105 79 105
13 109 13 109 11 57 109 13 32 79 109 13 32 109 13 32 105 41 14 107
40 93 79 105
11 58 93 79 105
11 58 79 27 27 105 80 57 107
42 93 79 105
105 41 93 35 27 107 105 13 105 13 105 13 108
19 19 79 80 57 79 79 79 77 121 105 79 79 105 11 62 79 79 105
79 80 57 79 79 79 77 121 105 79 105
