1 4 5
1 16 17
1 17 18
1 20 21
1 21 22
1 26 27
1 33 34
1 34 35
1 35 36
1 36 37
1 37 38
1 38 39
1 40 41
1 41 42
2 31 28
2 46 28
2 25 52
2 25 48
2 19 52
2 19 12
2 19 48
2 19 11
2 19 13
2 32 28
2 47 28
2 33 48
2 33 52
2 2 2
2 44 52
2 44 48
2 24 48
2 24 52
2 16 18
2 14 52
2 14 48
3 30 29
3 30 28
3 31 29
3 31 28
3 4 5
3 46 29
3 46 28
3 25 54
3 25 53
3 26 27
3 19 54
3 19 13
3 19 3
3 19 53
3 32 29
3 32 28
3 50 49
3 47 29
3 47 28
3 23 51
3 33 39
3 45 29
3 43 51
3 9 10
3 9 6
3 8 10
3 8 1
3 7 10
3 7 6
3 40 42
3 20 22
3 16 15
3 14 54
3 14 53
