13 105 105
19 27 105 13 32 105 13 57 105 11 57 108
35 107 27 105 27 105 93 105 13 105
20 35 27 107 105 13 105 13 108
35 107
13 27 105 27 20 105 105
79 108
19 108
79 79 108
35 27 107 27 105 19 105
15 79 79 35 27 107 105
35 79 107 86 35 79 79 105
19 19 79 105 13 35 79 29 107 22 105
79 80 57 79 108
35 29 107 27 105 19 105
19 19 20 52 52 105
11 57 35 108 13 27 107 105
13 105 13 19 19 108 13 108 13 105 11 58 27 35 27 107 105 13 105 13 108 57 105
19 106 100 105
106 105
13 22 105 21 109 13 91 20 53 109 13 32 105
13 105
79 57 79 105
21 19 19 109 11 21 52 35 29 107 105
106 79 57 79 105
35 27 107 105
11 57 27 35 108 13 27 107 108 13 105 27 19 105 27 19 105 20 105
13 19 105
13 21 19 108 13 105 35 27 35 27 107 108 13 105 13 105 13 108 13 107 105
27 105
27 105
27 105
21 21 21 21 20 106 21 105
86 21 105
13 32 86 79 105 21 105
13 32 86 21 105
13 32 86 79 105 21 105
13 32 86 105
13 105 13 27 105 13 32 27 35 27 107 105 13 105 13 105 13 108 35 27 107 105
106 105
13 21 105 21 109 13 91 20 53 109 13 32 105
13 105
106 79 57 79 105
19 109 11 21 52 35 29 107 105
107
27 105
27 105
19 19 35 79 107 79 27 105 13 105 13 108
13 108
106 27 19 27 108
79 57 79 79 105 35 27 107 79 105
79 105 13 79 35 107 105
35 107 27 105 27 105 79 105 13 19 105
27 35 107 27 105 27 105 105 13 19 105
