13 105 19 105 15 14 93 27 108 41
27 93 105 13 27 93 105 11 58 93 27 105 13 32 27 105 11 58 27 18 27 41 8 41
105 13 93 35 107 27 105 13 34 105 13 27 105 13 105 13 108 35 107 100 2 34 54 93 105 11 19 54 35 107 93 105 13 27 105 13 65 105 13 105 13 65 27 105 13 19 65 93 35 107 27 105 13 105 13 27 105 13 105 13 105 13 108 35 107 35 35 107 107 8 8 105 13 57 58 8 41 58 8 41 105 27 108 13 105 41 14 105 40 14 93 27 108 209 2 42 105 105 13 93 19 36 19 72 19 72 19 72 19 72 105 41 14 93 27 108 41 14 34 54 35 35 107 93 105 13 27 105 13 65 105 13 105 13 107 105 209 41 93 34 54 35 35 107 93 105 13 27 105 13 65 105 13 105 13 107 105 209 41 14 93 35 107 27 105 13 65 105 13 105 13 108 41 8 42 14 93 35 107 27 105 13 65 105 13 105 13 108 41 40
105
11 57 35 27 107 105 13 105 105 11 35 105 13 107 79 27 19 105 13 20 36 23 105 11 19 52 105 105 105 108 13 18 121 180 19 36 19 23 182 121 183 124 108 13 72 105
13 27 105 13 32 105 13 57 105 11 57 19 16 19 41
13 105 13 20 105 13 57 35 107 109 13 109 11 58 8 18 109 13 32 77 215 57 19 58 105 41 19 41
109
21 19 106 21 105
106 108 13 86 35 107
106 21 105
79 108
19 79 108
79 108
79 108
13 79 108
13 105
13 105 13 32 105
13 79 91 20 53 35 27 107 105 13 105 13 108 13 35 27 107 79 105
19 79 108
