19 79 79 105 13 105 13 79 79 105 13 105 13 57 105 11 58 79 79 108
93 105
13 29 107 20 105
106 19 105
106 105
105
13 107
13 105
13 21 105 13 105 21 105
108
13 86 79 58 21 105
13 32 86 79 108
79 105
11 107
107
79 79 79 79 77 105
79 79 79 79 79 77 209 105
19 79 108
79 57 105 11 58 27 105 11 58 27 105 11 58 35 107 27 105 13 105 13 105 13 35 27 108 13 107 22 105 79 105
19 35 107 108 13 105 13 79 105 13 105 13 27 109
35 107 27 105 79 108
13 105
27 105 13 32 105 13 57 105 11 57 19 16 19 41
13 57 19 87 8 18 35 79 107 105 13 108 13 41 14 41
