1 8 19
1 19 25
1 25 26
1 26 27
1 27 28
1 28 29
1 29 30
1 30 31
1 31 9
1 9 10
1 10 11
1 11 12
1 12 13
1 13 14
1 14 15
1 15 16
1 16 17
1 17 18
1 18 20
1 20 21
1 21 22
1 22 23
1 23 24
1 37 38
1 38 39
1 39 40
1 40 41
1 41 42
1 42 43
1 51 52
1 55 56
1 56 57
1 57 58
1 58 59
1 60 61
1 61 62
1 62 63
1 63 64
1 68 69
1 69 70
1 70 71
1 71 72
1 72 73
2 37 43
2 8 28
3 32 33
3 37 39
3 36 35
3 55 35
3 55 59
3 60 35
3 60 64
3 49 35
3 44 35
3 66 35
3 1 3
3 7 33
3 51 52
3 53 33
3 68 73
3 8 10
3 5 33
3 4 33
3 6 33
3 45 35
3 48 35
3 46 35
4 24 54
4 24 2
4 33 67
4 35 34
4 24 67
4 24 50
4 24 65
4 24 74
4 24 47
