105 11 21 52 105
106 107
13 108
79 77 79 84 35 107 27 105 105 105 13 27 108 98 79 91 91 105
79 77 79 84 35 107 27 105 105 105 13 27 108 79 84 91 91 105
98 209 98 98 79 91 105
79 27 27 20 19 52 91 55 98 91 170 98 91 20 52 20 98 98 41 170 98 35 107 27 105 91 105 105 91 105 105 13 108 91 91 105
27 27 27 27 27 109 11 19 19 21 52 105
13 107 105 13 35 107 105 105 105 13 108 79 93 105 105 105 41 14 105 41 14 105 35 105
13 107 27 108 13 105 13 27 35 107 105 105 105 13 108 108 13 27 105 13 105 13 105 13 105
41 14 105 41 35 27 107 27 105 35 108 13 105 13 107 108 13 27 105 21 105
13 27 105 105 21 105
13 108
13 105
41 35 107 21 105
13 105 21 105
13 105 105 35 107
27 105 105 13 105 16 21 19 52 80 21 20 58 87 79 105 79 105 79 105 79 105 79 105 79 105 79 105 79 105 105
105
13 21 105 13 109 80 52 79 105
13 105 13 105 41 79 105
13 21 105 13 105 41 87 79 105 79 105 79 105 79 105 79 105 79 105 79 105 79 105 105
13 105 13 109 79 105
13 21 105 13 105 16 21 52 35 29 107 105
11 52 105
13 21 105 13 35 108 13 107 105
13 21 105 13 35 108 13 107 105
13 105 13 105 13 105 105 13 108 13 86 105 35 35 107 108 13 105 93 105 27 105 105 13 107 105 11 58 105 11 41 19 27 27 57 35 35 107 108 13 105 93 105 105 105 13 107 105 11 57 105 13 108 105 13 19 34 54 35 65 107 105 209 41 105 105 13 108 20 35 35 108 13 105 13 107 107 35 35 107 108 13 105 93 105 27 105 105 13 107 105 13 35 107 105 105 105 13 108 79 93 105 105 105 41 14 105 41 14 105 35 108 13 105 13 107 105 11 57 91 20 53 27 27 108 35 105
13 107 105 11 58 105 11 41 19 57 35 105
13 107 105 11 57 105 13 108 105 13 34 54 35 65 107 105 209 41 105 105 13 108 35 35 105
13 107 107 35 105
106 107
13 19 27 105 13 27 27 109 13 86 27 19 109 11 98 109 11 52 98 35 29 107 105
106
13 27 105 105
105 13 27 105 11 58 27 105 11 58 27 105 11 58 27 105 11 57 27 27 108 108
106 27 27 108 27 105
13 32 105
13 27 19 105 11 35 29 107 22 108
13 105
13 35 107 105 13 19 105 13 108 12 105 13 21 105 13 27 105 13 105 13 21 105 13 105 13 35 107 21 105 13 105 27 105 105
13 27 105 13 105 105 13 105 13 27 105 105
13 105 11 105 13 105 35 107 27 105 105
98 35 107 27 105 105 105 13 27 108 44 41 107
79 79 105
79 105
106 107
9 20 20 108 13 20 108 13 20 108 13 20 108 13 19 19 19 20 108 13 20 19 19 19 44 42 79 79 79 105 11 58 79 79 20 108 13 86 79 79 79 105 11 52 79 79 86 79 79 79 105 11 52 79 79 86 79 79 79 105 11 52 79 79 20 108 13 86 79 79 79 105 11 52 79 79 86 79 79 79 105 11 52 79 79 86 79 79 79 105 11 52 79 79 86 79 79 79 105 11 52 79 79 20 108 13 86 42 79 79 79 105 11 58 79 79 20 108 13 86 79 79 79 105 11 52 79 79 86 79 79 79 105 11 52 79 79 86 79 79 79 105 11 52 79 79 20 108 13 86 79 79 79 105 11 52 79 79 86 79 79 79 105 11 52 79 79 86 79 79 79 105 11 52 79 79 86 79 79 79 105 11 52 79 79 20 108 13 86 42 79 79 79 105 11 58 79 79 20 108 13 86 79 79 79 105 11 52 79 79 86 79 79 79 105 11 52 79 79 86 79 79 79 105 11 52 79 79 20 108 13 86 79 79 79 105 11 52 79 79 86 79 79 79 105 11 52 79 79 86 79 79 79 105 11 52 79 79 86 79 79 79 105 11 52 79 79 20 108 13 86 42 79 79 79 105 11 58 79 79 20 108 13 86 79 79 79 105 11 52 79 79 86 79 79 79 105 11 52 79 79 86 79 79 79 105 11 52 79 79 20 108 13 86 79 79 79 105 11 52 79 79 86 79 79 79 105 11 52 79 79 86 79 79 79 105 11 52 79 79 86 79 79 79 105 11 52 79 79 20 108 13 86 42 79 79 79 105 11 58 79 79 20 108 13 86 79 79 79 105 11 52 79 79 86 79 79 79 105 11 52 79 79 86 79 79 79 105 11 52 79 79 20 108 13 86 79 79 79 105 11 52 79 79 86 79 79 79 105 11 52 79 79 86 79 79 79 105 11 52 79 79 86 79 79 79 105 11 52 79 79 20 108 13 86 42 79 79 79 105 11 58 79 79 20 108 13 86 79 79 79 105 11 52 79 79 86 79 79 79 105 11 52 79 79 86 79 79 79 105 11 52 79 79 20 108 13 86 79 79 79 105 11 52 79 79 86 79 79 79 105 11 52 79 79 86 79 79 79 105 11 52 79 79 86 79 79 79 105 11 52 79 79 20 108 13 86 42 79 79 79 105 11 58 79 79 108 13 86 79 79 79 105 11 52 79 79 86 79 79 79 105 11 52 79 79 86 79 79 79 105 11 52 79 79 20 108 13 86 79 79 79 105 11 52 79 79 20 108 13 86 79 79 79 105 11 52 79 79 86 79 79 79 105 11 52 79 79 86 79 79 79 105 11 52 79 79 20 108 13 86 79 79 79 105 11 52 79 79 19 108 13 86 79 79 79 105 11 52 79 79 20 108 13 86 79 79 79 105 11 20 52 79 79 20 108 13 86 79 79 79 105 11 20 52 79 79 20 108 13 86 79 79 79 105 11 20 52 79 79 20 108 13 86 42 79 79 79 105 11 58 79 79 108 13 86 79 79 79 105 11 52 79 79 108 13 86 79 79 79 105 11 52 79 79 20 108 13 86 79 79 79 105 11 52 79 79 20 108 13 86 79 79 79 105 11 52 79 79 20 108 13 86 79 79 79 105 11 52 79 79 20 108 13 86 79 79 79 105 11 52 79 79 20 108 13 86 79 79 79 105 11 52 79 79 20 108 13 86 79 79 79 105 11 52 79 79 108 13 86 79 79 79 105 11 52 79 79 20 108 13 86 79 79 79 105 11 20 52 79 79 20 108 13 86 79 79 79 105 11 20 52 79 79 20 108 13 86 79 79 79 105 11 20 52 79 79 20 108 13 86 42 79 79 79 105 11 58 79 79 108 13 86 79 79 79 105 11 52 79 79 20 108 13 86 79 79 79 105 11 52 79 79 20 108 13 86 79 79 79 105 11 52 79 79 20 108 13 86 79 79 79 105 11 52 79 79 20 108 13 86 79 79 79 105 11 52 79 79 20 108 13 86 79 79 79 105 11 52 79 79 20 108 13 86 79 79 79 105 11 19 52 79 79 20 108 13 86 79 79 79 105 11 52 79 79 20 108 13 86 79 79 79 105 11 20 52 79 79 20 108 13 86 79 79 79 105 11 52 79 79 108 13 86 79 79 79 105 11 52 79 79 20 108 13 86 79 79 79 105 11 20 52 79 79 20 108 13 86 79 79 79 105 11 20 52 79 79 20 108 13 86 79 79 79 105 11 20 52 79 79 20 108 13 86 42 79 79 79 105 11 58 79 79 19 108 13 86 79 79 79 105 11 52 79 79 108 13 86 79 79 79 105 11 52 79 79 20 108 13 86 79 79 79 105 11 52 79 79 20 108 13 86 79 79 79 105 11 52 79 79 20 108 13 86 79 79 79 105 11 52 79 79 20 108 13 86 79 79 79 105 11 52 79 79 20 108 13 86 79 79 79 105 11 19 52 79 79 20 108 13 86 79 79 79 105 11 52 79 79 86 79 79 79 105 11 20 52 79 79 20 108 13 86 79 79 79 105 11 52 79 79 108 13 86 79 79 79 105 11 52 79 79 20 108 13 86 79 79 79 105 11 20 52 79 79 20 108 13 86 79 79 79 105 11 20 52 79 79 20 108 13 86 79 79 79 105 11 20 52 79 79 20 108 13 86 79 79 105
79 108 13 86 35 107 27 105 79 79 105 105 13 27 108 79 105
106 107
79 80 19 19 52 42 105 13 32 79 27 105 13 86 79 79 65 86 79 79 65 86 79 79 19 65 86 79 35 107 79 79 105 105 79 79 105 105 13 86 19 79 34 54 65 79 79 105 11 57 79 209 84 209 41 79 77 20 27 54 79 35 107 105 79 77 105 105 13 86 79 79 79 79 27 105 11 58 79 79 27 105 11 58 79 79 27 105 11 58 79 79 27 105 11 58 79 79 27 105 11 58 79 79 27 105 11 58 79 79 27 105 11 58 79 79 27 105 11 58 79 79 27 105 11 57 79 35 107 105 79 79 105 105 13 86 79 79 105 13 79 79 105 13 35 107 79 79 105 105 79 79 105 105 79 79 105 105 13 100 19 34 27 54 65 93 105 11 57 57 65 32 100 93 108 41 27 108 209 41 93 108 35 79 105
13 29 107 93 27 105 35 107 79 79 105 105 79 77 105 105 79 79 105 105 13 27 105 35 107 79 79 105 105 79 79 105 105 79 79 105 105 13 108 35 107 105 27 105 79 77 105 105 79 79 105 105 13 27 105 27 27 105 27 105 79 105
79 105
106 107
105 13 105 79 105
13 108 79 105
13 108
27 27 108 35 107 79 108
11 27 105 79 19 105
105 13 105 79 105
13 108 79 105
13 108
27 27 108 35 107 79 108
11 27 105 79 19 105
106 107
108 13 35 107 27 105 105 105 13 27 108 79 105
106 107
109 11 21 19 51 21 51 106 11 16 19 27 105
13 32 105
13 105 13 105 79 105 13 109 13 105 13 86 79 105 13 105 13 105 13 86 107
41 14 105 78 78 50 59 79 105 11 57 27 105
13 32 108 13 79 86 35 79 27 107 105 13 86 105 13 86 105 13 86 79 108 11 79 108 11 79 108 11 35 107 27 105 105 105 13 27 108 105 19 170 105 19 105 20 79 105 13 105 11 105 20 79 105 13 105 11 105 20 105 35 29 107 35 107 20 105 11 201 21 27 105 27 105 79 27 105 105
13 22 108
106 107
