1 15 16
1 16 17
1 17 18
1 20 21
1 22 23
1 24 25
1 27 28
1 29 30
1 46 50
1 50 51
1 51 52
1 52 53
1 53 54
1 54 55
1 55 56
1 56 36
1 36 37
1 37 38
1 38 39
1 39 40
1 40 41
1 41 42
1 42 43
1 43 44
1 44 45
1 45 47
1 47 48
1 48 49
1 57 58
1 58 59
1 62 63
1 63 64
1 65 66
1 67 68
2 31 49
2 31 34
2 31 34
2 31 46
2 31 46
2 31 60
2 31 35
2 10 34
3 27 28
3 20 21
3 7 1
3 19 61
3 29 30
3 13 1
3 6 5
3 6 3
3 6 4
3 26 61
3 24 25
3 22 23
3 15 16
3 14 9
3 33 32
3 67 68
3 65 66
3 57 59
3 62 64
4 64 6
4 11 13
4 5 13
4 4 13
4 68 6
4 16 26
4 8 2
4 18 26
4 3 13
4 66 6
5 18 12
