13 58 35 107
19 106 105
35 29 107 105
35 29 107 105
35 29 107 105
106 105
19 80 51 107
13 29 107 105
15 27 108 13 105 27 105 105
21 21 21 19 19 94 58 15 93 79 57 93 79 77 105 13 32 80 57 93 79 77 105 13 32 79 105 11 62 93 79 77 105 13 32 79 105 11 51 2 2 93 79 77 105 13 32 79 105 11 54 93 79 77 105 13 32 79 105 13 32 80 57 93 79 77 105 13 32 79 105 13 32 87 93 79 77 105 13 32 79 105 13 32 80 57 93 79 77 105 13 32 79 105 13 32 79 105
105 13 27 105 13 27 105 13 27 105 11 57 27 105 11 57 35 107 27 27 105 35 29 107 105 105
106
19 19 21 19 106 105
19 109 11 44 19 16 107
19 19 109 13 109 13 105
13 21 105 13 105 11 57 35 107 27 27 105 35 29 107 105 105
16 109 13 109 13 105
13 21 105 13 105 11 57 35 107 27 27 105 35 29 107 105 105
106 107
94 57 15 19 87 107
13 35 107 27 79 105 27 105 27 92 105 27 91 105 27 91 105 35 29 107 105 19 105
19 94 57 15 87 107
13 35 107 27 79 105 27 105 27 92 105 35 29 107 105 105
80 19 52 35 105
13 29 107 105
19 106 105
19 27 27 108 80 52 35 105
13 29 107 105
35 107 27 27 105 35 105
13 29 107 105 105
94 58 105
35 107 27 105 35 79 77 105 13 32 79 77 105 13 32 79 107 27 108 13 105 79 80 19 52 27 105 79 105
19 19 109 11 45 16 107
19 19 86 86 79 80 57 86 35 107 86 79 19 105 79 19 105 79 19 105 79 105 79 105 79 105 16 14 35 107 27 105 13 105 13 105 13 105 13 107
11 58 91 57 93 105 2 91 54 93 65 79 105 209 41 19 42
12 105
93 93 105
13 105
93 93 105
13 105
19 41 93 105
12 93 105
13 78 93 105
13 78 180 50 62 93 105
13 93 105
11 58 91 57 93 105 2 91 54 93 65 79 105 209 41 101 16 91 57 93 105 2 91 54 93 65 79 105 209 41 94 57 101 57 93 105
12 105
41 35 93 105
13 107 105 42 2 93 79 105 11 54 93 79 105 13 32 80 57 2 93 79 105 13 32 79 105 11 54 93 79 105 13 32 79 105 13 32 80 57 93 93 79 105 13 32 93 79 105 13 32 79 105 13 32 27 105
13 93 105
93 93 105
13 105
93 93 105
13 93 105
57 93 105
13 93 105
19 19 2 93 79 105 11 54 93 79 105 13 32 86 93 79 105 13 32 86 93 79 105 13 32 86 93 79 105 13 32 86 2 93 79 105 13 32 79 105 11 54 93 79 105 13 32 79 105 13 32 86 209 2 41 209 2 41 79 87 35 107 27 93 105 27 92 105 27 108
11 105 27 108
11 105 35 107 105 79 19 105
79 57 35 107 79 105 105 105 11 121 105 17 14 105 41 14 105 41 14 105 41 14 105 41 14 105 41 23 41
86 35 27 107 27 105 79 105 13 19 105
79 105
35 107 27 27 105 27 93 79 105 35 79 105
13 29 107 105 79 105
35 107 27 27 105 27 93 79 105 35 79 105
13 29 107 105 79 105
35 107 27 27 105 27 93 79 105 35 79 105
13 29 107 105 79 105
