1 1 2
1 2 3
1 3 4
1 4 5
1 5 6
1 6 7
1 11 12
1 12 13
1 24 25
1 25 26
1 26 27
1 27 28
1 28 29
1 29 30
1 30 31
1 51 52
2 24 31
2 46 22
2 19 57
2 19 51
2 19 49
2 19 55
2 19 54
2 19 49
2 19 56
2 19 53
2 19 52
2 19 51
2 19 51
2 19 54
2 19 47
2 19 54
2 19 50
2 19 48
2 14 22
2 17 22
2 18 22
2 33 42
2 33 32
2 33 43
2 33 40
2 33 32
2 33 38
2 33 32
2 33 43
2 33 37
2 39 37
2 39 45
3 24 25
3 14 22
3 17 20
3 17 22
3 1 7
3 18 22
3 18 23
3 18 21
3 11 13
3 16 15
3 33 41
3 39 36
3 39 41
3 39 34
3 39 35
3 39 44
3 8 10
3 8 9
