105
105
105 11 79 105 11 52 79 105 13 105 13 105 11 62 79 105 13 105 13 105 11 62 35 107 27 79 105 13 105 13 105 27 79 105 13 105 13 105 35 19 79 107
13 27 19 105 13 27 19 109 13 27 19 109 13 57 58 35 29 107 105
19 79 105
105 13 79 105
13 27 19 105 13 27 105 11 27 105 11 52 52 27 19 109 13 27 19 109 13 27 105 13 27 105 13 108
13 35 107 27 105 13 105 13 27 105 13 105 13 105 13 35 79 29 107 21 105 27 105 79 105
19 79 105
13 105 13 27 105 11 52 79 105
13 27 19 105 13 27 19 109 13 27 19 109 13 27 105 13 27 105 13 108
13 35 107 27 105 13 105 13 27 105 13 105 13 105 13 35 79 29 107 21 105 27 105 79 105
79 105
