79 79 108
79 27 19 105
13 29 107 79 105
19 87 35 107 29 105 105
11 16 29 105 105
79 105
13 29 105 22 105 27 27 105 79 105
106 21 105
79 105 13 20 105 105 35 105 13 107
27 105 13 32 19 105 13 19 105 13 57 105 11 57 19 41 19 57 105 11 57 19 41 19 58 57 19 35 29 107 27 105 105
79 58 79 105
13 57 108 13 86 79 105 105
13 86 41 77 20 19 52 79 20 105 41 79 20 105 79 105
13 105 11 58 21 84 79 35 93 105
13 107 93 105
13 105
13 105 13 105
107
79 105
79 105
13 105
13 109
35 107 79 29 105 22 105 79 19 105
13 29 105 22 105 27 27 105 105
86 35 29 107 79 19 105
21 21 21 105
