1 51 52
1 66 67
1 67 68
1 68 69
1 69 70
1 70 71
1 71 72
1 72 73
1 77 78
1 78 79
1 80 81
1 81 82
1 85 86
1 87 88
1 89 90
1 91 92
1 93 94
1 95 96
1 97 98
1 99 100
1 101 102
1 103 104
1 105 106
1 107 108
2 30 27
2 30 28
2 57 60
2 59 60
2 61 28
2 61 27
2 66 43
2 66 73
2 66 2
2 66 64
2 66 64
2 62 28
2 62 27
2 56 60
2 53 55
2 10 11
2 10 12
2 26 28
2 26 27
2 58 60
2 17 16
2 17 14
2 29 28
2 23 27
2 23 28
2 31 5
2 31 6
2 33 4
2 40 37
2 40 38
2 42 11
2 42 12
2 42 9
2 42 46
2 42 2
2 32 11
2 32 9
2 32 12
2 32 5
2 34 4
2 22 15
2 22 21
2 22 28
2 22 14
2 22 20
2 22 27
2 22 20
2 22 18
2 22 16
2 7 4
2 41 44
2 41 47
2 41 35
2 41 36
2 41 1
2 41 45
2 49 50
2 48 50
2 39 36
2 39 44
2 39 47
2 39 45
2 39 35
2 3 8
2 3 11
2 3 12
2 3 9
2 19 18
2 19 14
2 19 16
2 13 12
2 13 8
2 13 11
2 25 27
2 25 28
2 84 27
2 84 28
2 109 27
2 109 28
2 24 28
2 24 27
2 83 63
2 83 64
2 83 64
3 53 54
3 103 104
3 91 92
3 101 102
3 89 90
3 97 98
3 99 100
3 77 79
3 80 82
3 107 108
3 95 96
3 85 86
3 87 88
3 105 106
3 93 94
3 51 52
4 88 62
4 104 62
4 94 62
4 86 62
4 90 62
4 65 61
4 79 75
4 92 62
4 100 62
4 106 62
4 108 62
4 98 62
4 102 62
4 76 74
4 96 62
