19 35 27 107 19 105
11 57 27 105 13 32 105 13 57 105 11 57 2 16 19 41 2 41
79 108
105 15 14 8 27 108
105 41 15
79 105 15 14 41
79 27 108
13 105 13 80 57 27 105
13 105 13 77 107
35 107 105
105 13 32 18
105 13 32 18
79 105
105 11 57 105 11 58 35 107 40 15
23 50 61 35 27 107 40 61 35 27 107 40 35 27 107 105 11 57 35 27 107 105 11 57 105 35 8 2 2 5 112
13 105 11 57 105 11 58 35 35 107 27 105 13 105 13 105 13 107 40 14 31 40 77 209 84 79 27 105 79 20 105 79 105 79 20 105 79 105 107
30 79 58 31 15 35 79 105 13 107 105 13 109 11 57 109 13 32 108
79 105 35 35 35 79 19 107 93 107 107 86 31 15
105
13 86 79 105 79 105 79 19 105 79 19 105 79 105 80 57 19 18 79 105 11 213 19 52 79 105 13 86 79 41 213 19 52 79 27 105 13 108 11 57 35 27 107 40 35 107 209 107
105 13 32 18
19 80 57 15 107
87 58 107
19 87 107
105
19 77 52 79 32 79 105
11 87 79 79 35 27 107 105
27 105 13 32 105 13 57 105 11 57 19 16 19 41
79 108
106 79 105
79 79 79 35 107
79 79 109
79 79 109
79 79 79 109
105 209 41 15
13 34 19 54 65 105 209 41 15
105 209 41 209 2 41 15
13 27 107 105 11 58 15 105 11 57 105 13 34 19 54 65 105 209 41 105 41
105
79 79 93 108
105
79 105
19 19 107 86 19 93 105
13 109 11 58 105 209 41 15
79 105 15
79 105 11 16
105 13 57 34 56 108 34 34 19 54 65 55 15 105 209 209 41
105
79 109 13 18 14 108
13 105 11 16
79 77 108
13 105
105
13 19 8 8 8 112
20 19 19 19 19 105 13 20 105
106 79 105
79 105
106 79 108
106 79 105
13 32 105 13 108
111 21 105
19 19 106 21 105
19 79 35 107 105 13 86 79 57 79 27 105 11 57 16 19 41
79 79 23 21 8 110 79 79 105 13 86 79 57 79 27 105 79 105 12 108 13 79 105 12 108 13 105
105
19 19 106 36 35 107
72 108
21 105
105
13 105 21 105
13 32 86 105
13 27 108 13 79 105 27 105
13 32 86 79 35 107 105 13 86 79 57 79 27 105 11 57 105
106 21 105
106 21 105
13 29 107 27 79 32 105 27 79 105 105
35 79 105
13 29 107 44 79 108
13 19 105 79 105
79 105
13 27 79 79 32 105 27 105 79 105
79 105
79 79 105
35 79 107 79 108
35 79 105
13 29 107 27 79 79 32 105 27 105 27 79 79 105 79 105
35 79 105
13 29 107 27 79 79 32 105 27 105 27 79 79 105 79 105
35 79 105
13 29 107 27 79 79 32 105 27 105 27 27 105 79 105
35 79 105
13 29 107 27 79 79 32 105 27 105 27 27 105 79 105
35 79 105
13 29 107 27 79 79 32 105 27 105 27 27 105 79 105
35 79 105
13 29 107 27 79 79 32 105 27 105 27 27 105 79 105
35 79 105
13 29 107 27 79 79 32 105 27 105 27 27 105 79 105
35 79 105
13 29 107 27 79 79 32 105 27 105 27 27 105 79 105
35 79 105
13 29 107 27 79 79 32 105 27 105 27 27 105 79 105
35 79 105
13 29 107 27 79 79 32 105 27 105 27 27 105 79 105
35 79 105
13 29 107 27 79 79 32 105 27 105 27 27 105 79 105
35 79 105
13 29 107 27 79 79 32 105 27 105 27 27 105 79 105
58 79 27 105 13 32 21 19 105 13 21 105 13 32 35 77 77 212 213 107 105 93 105 79 108
