1 4 5
1 5 6
1 6 7
1 7 8
1 23 34
1 34 35
1 35 36
1 36 37
1 37 38
1 38 39
1 39 40
1 40 41
1 41 24
1 24 25
1 25 26
1 26 27
1 27 28
1 28 29
1 29 30
1 30 31
1 31 32
1 32 33
1 45 46
1 46 47
1 58 59
1 75 76
1 76 77
1 77 78
1 78 79
1 79 80
1 80 81
1 84 85
1 85 86
1 91 92
1 98 99
1 100 101
1 104 107
1 107 108
1 108 109
1 109 110
1 110 111
1 111 112
1 112 113
1 113 114
1 114 105
1 105 106
2 104 105
2 104 106
2 93 93
2 93 94
2 93 97
2 98 99
2 71 88
2 71 88
2 71 88
2 100 100
2 100 101
2 12 12
2 20 20
2 11 90
2 11 90
2 11 90
2 3 84
2 3 86
2 3 86
2 60 89
2 60 89
2 60 89
2 48 48
2 102 103
2 102 103
2 102 103
2 19 87
2 19 87
2 19 87
2 42 95
2 42 97
2 42 96
2 42 96
2 2 84
2 2 86
2 2 86
2 61 89
2 61 89
2 61 89
3 55 58
3 98 99
3 16 15
3 71 72
3 71 69
3 71 73
3 52 53
3 75 81
3 50 53
3 51 53
3 68 73
3 45 47
3 4 8
3 23 33
4 15 57
4 73 74
4 18 82
4 66 43
4 83 63
4 17 54
4 59 14
4 44 104
4 92 104
4 47 104
4 58 43
4 20 104
4 69 1
4 65 49
4 62 9
4 64 70
4 72 63
4 58 14
4 21 104
4 59 43
4 67 57
4 13 104
4 22 104
4 10 63
4 48 104
4 12 104
4 62 70
5 58 56
5 92 91
