106 22 105
19 52 79 108
79 108
35 107 79 108
13 108
13 29 105 27 19 105 79 108
13 108
13 105
106 21 105
19 52 105 11 58 35 107 29 105 105
79 35 79 107 108
108 13 105 11 58 35 27 107 79 20 105
35 79 29 107 79 20 105
106
80 58 35 107 29 105 105
19 109 11 44 19 16 107
35 107 79 29 105 27 79 78 105 27 79 78 105 27 79 79 105 27 79 79 105 27 79 79 105 27 79 79 105 27 79 79 105 27 79 79 105 27 79 79 105 79 20 105
35 107 79 29 105 27 79 79 105 27 35 27 107 93 79 78 105 13 105 13 105 13 105 27 79 79 105 79 19 105
79 35 79 107 108
108 13 58 15 105 11 58 35 27 107 79 20 105
35 79 29 107 79 20 105
35 79 29 107 79 20 105
35 107 79 108
13 78 105 27 79 108
13 78 105 27 79 108
13 79 105 27 79 108
13 79 105 27 79 108
13 79 105 27 79 108
13 79 105 27 79 108
13 79 105 27 79 108
13 79 105 27 79 108
13 79 105 79 108
13 19 105
13 29 105 27 79 77 105 27 79 79 105 27 79 79 105 27 35 79 79 108 13 107 27 105 13 93 79 77 65 105 13 105 13 105 13 105 27 79 79 105 27 79 77 105 27 79 108
13 79 79 105 27 79 108
13 79 79 105 27 79 108
13 78 105 27 79 108
13 78 105 27 79 108
13 78 105 27 79 108
13 78 105 27 79 108
13 78 105 27 79 79 105 27 79 108
106
111
35 79 29 107 79 20 105
35 79 108
13 29 107 79 108
13 20 105
108 13 58 15 105 11 58 35 27 107 79 20 105
21 21 19 19 106
79 19 87 79 105
79 19 87 79 105
79 19 87 79 105
13 105 19 105
106 21 105
19 105 13 32 57 79 108
44 15 19 52 105
21 21 21 106 105
19 27 109 11 109 11 52 2 35 107 57 29 105 27 27 109 11 109 13 105 27 27 109 11 109 11 105 27 27 109 11 109 13 105 27 27 109 11 109 13 105 27 27 109 11 109 11 105 27 27 109 11 109 13 105 27 27 109 11 109 13 105 27 27 109 11 109 13 105 27 27 109 11 109 12 105 27 27 109 11 109 12 105 27 27 109 11 109 12 105 27 27 109 11 109 12 105 27 27 109 11 109 12 105 27 27 109 11 109 13 105 27 27 109 11 109 13 105 27 27 109 11 109 13 105 27 27 109 11 109 12 105 27 27 109 11 109 12 105 27 27 109 11 109 13 105 27 27 109 11 109 13 105 27 27 109 11 109 13 105 27 27 109 11 109 13 105 27 27 109 11 109 13 105 27 27 109 11 109 13 105 27 27 109 11 109 13 105 27 105 109 58 20 105
15 19 42 29 42 105
79 108
19 52 79 108
79 108 13 109 13 27 109 109 35 107 93 79 80 57 79 29 105 79 105
19 106 21 105
19 52 105 11 58 79 57 35 107 29 105 105
35 107 79 29 105 79 105
35 107 79 29 105 79 105
35 107 79 29 105 79 105
79 108
35 107 29 105 105
106 21 105
19 109 11 44 19 16 107
35 107 29 105 27 93 79 79 105 105
35 107 29 105 105
19 19 23 106 22 105
105 13 32 27 105 11 57 79 108
13 105
15 27 105 11 57 79 108
13 27 79 108
13 105
13 105 79 19 79 108
13 105
106 19 105
23 108 12 181 149 23 50 62 108 35 107 79 29 105 79 105
13 32 105 13 58 27 110
13 21 105 13 19 35 35 110
13 21 105 13 108 13 107 27 105 13 27 105 13 9 79 79 108 13 105 13 27 105 13 9 79 79 108 13 105 13 27 105 13 113 13 105 13 27 105 13 9 79 79 108 13 105 13 27 105 13 108 13 105 13 27 105 13 108 13 105 13 27 105 13 108 13 105 13 105 13 107 105 13 8 32 8 20 105 20 105 19 105 27 105 105 11 20 52 35 105 13 107 105 13 27 105 13 27 19 65 105 11 57 9 79 27 19 36 19 9 79 79 72 19 9 79 79 72 19 9 79 79 72 19 9 79 79 72 19 9 79 79 72 19 9 79 79 72 105 9 79 19 87 57 105 15 35 19 65 107 40 14 57 105 40 35 35 27 107 105 13 105 13 107 40
13 21 110 13 108 13 107 27 105 13 105 13 107 105 13 8 32 8 20 105 20 105 19 105 19 105 19 105 27 105 27 27 105 35 107 35 27 107 9 79 79 108 13 105 13 27 105 13 9 79 79 108 13 105 13 27 105 13 9 79 79 108 13 105 13 27 105 13 9 79 108 13 105 13 27 105 13 9 79 108 13 105 13 27 105 13 9 79 108 13 105 13 27 105 13 9 79 108 13 105 13 27 105 13 9 79 108 13 105 13 27 105 13 9 79 108 13 105 13 27 105 13 9 79 108 13 105 13 27 105 13 9 79 108 13 105 13 27 105 13 9 79 108 13 105 13 27 105 13 9 79 108 13 105 13 27 105 13 9 79 108 13 105 13 27 105 13 9 79 108 13 105 13 27 105 13 9 79 108 13 105 13 27 105 13 9 79 108 13 105 13 27 105 13 9 79 108 13 105 13 27 105 13 9 79 108 13 105 13 27 105 13 9 79 108 13 105 13 27 105 13 9 79 108 13 105 13 27 105 13 9 79 108 13 105 13 9 79 57 35 27 9 107 9 79 9 113 13 9 105 13 105 13 105 13 57 35 27 9 107 9 79 9 9 105 13 105 13 105 13 105 13 105 35 105 13 107 105 13 105 105 105 105 11 20 52 35 105 13 107 105 13 27 105 13 27 19 65 105 11 57 35 19 65 19 65 107
13 21 105 13 108 13 107 27 105 13 105 13 107 105 13 8 32 8 20 105 20 105 19 105 19 105 19 105 27 105 27 27 105 35 105 13 107 35 27 107 79 79 108 13 105 13 27 105 13 79 79 108 13 105 13 105 13 105 105 105 105 11 20 52 35 105 13 107 105 13 27 105 13 27 19 65 105 11 57 79 19 65 86 79 35 19 65 108 13 107 27 105 13 19 65 105 13 27 105 13 19 65 105 13 105 13 86 79 27 19 36 19 79 79 72 19 79 79 72 19 79 79 72 105 57 105 15 35 19 65 107 40 14 57 105 40 35 35 27 107 105 13 105 13 107 40
13 21 105 13 108 13 107 27 105 13 105 13 107 105 13 8 32 8 20 105 20 105 19 105 19 105 19 105 27 105 27 27 105 35 105 13 107 35 27 107 113 13 105 13 27 105 13 113 13 105 13 105 13 105 105 105 105 11 20 52 35 105 13 107 105 13 27 105 13 27 19 65 105 11 57 9 86 9 86 19 65 86 35 19 65 108 13 107 27 105 13 19 65 105 13 27 105 13 19 65 105 13 105 13 86 27 86 27 86 27 9 105 11 87 27 9 105 11 57 27 86 80 58 9 79 27 19 36 19 27 72 105 13 109 11 87 109 80 57 9 79 27 19 36 19 79 72 19 79 72 19 79 72 19 79 72 19 79 72 19 79 72 105 57 105 109 9 86 15 35 19 65 107 40 35 35 27 107 105 13 105 13 107 40
13 21 105 13 108 13 107 27 105 13 105 13 107 105 13 8 32 8 20 105 20 105 19 105 19 105 19 105 27 105 27 27 105 35 107 35 27 107 79 79 108 13 105 13 27 105 13 79 79 108 13 105 13 27 105 13 113 13 105 13 27 105 13 113 13 105 13 105 13 105 35 105 13 107 105 13 105 105 105 93 35 27 107 79 79 108 13 105 13 27 105 13 79 79 108 13 105 13 27 105 13 113 13 105 13 27 105 13 113 13 105 13 105 13 105 105 11 20 52 35 105 13 107 105 13 27 105 13 27 19 65 105 11 57 19 65 93 35 27 107 105 13 105 13 105 79 27 19 36 19 113 13 72 105 57 105 18 35 19 65 107 40 14 57 105 40 35 35 27 107 105 13 105 13 107 40
19 93 35 27 107 105 13 105 13 105 44 15 52 105 13 93 105 13 108 13 105 13 93 105
41 52 35 29 107 20 105
30 106 93 27 105 93 57 108 13 57 105 11 57 93 105
13 105 13 86 15 14 93 35 27 107 105 13 105 13 105 41
13 105 13 86 15 14 93 35 27 107 105 13 105 13 105 41
13 105 79 105 79 30 79 19 108
79 19 105 13 35 107 27 105 13 105 105 79 105 19 107
79 108
13 105 32 105 13 109 13 105 11 209 105 13 35 107 93 105 79 19 105
105 13 27 105 11 57 27 105 13 32 105 11 20 51 79 108
13 35 105 13 108 13 107 27 105 13 105 13 105 13 105 13 105 15 27 105 11 57 79 19 105
79 108
13 19 105 79 105 11 57 79 105 79 105 15
21 19 106 19 105
108 13 86 79 105 13 109 11 62 21 105
13 105 109 13 109 11 58 15 109 13 32 79 35 105 13 108 13 107 27 105 13 105 13 105 13 105 13 105 41 27 79 105 41
21 105
105
21 105
13 32 35 107
105 35 107 86 35 107 86 21 105
13 32 79 105 79 105 21 105
13 32 79 105 79 105 35 27 107 79 105
35 27 107 79 105
