1 3 8
1 8 9
1 9 10
1 10 11
1 11 12
1 12 13
1 13 14
1 14 15
1 15 4
1 4 5
1 5 6
1 6 7
1 21 23
1 23 24
1 24 25
1 25 26
1 37 38
1 38 39
1 42 43
2 41 19
2 41 29
2 41 35
2 17 29
2 17 36
2 3 36
2 3 29
2 16 36
2 16 29
2 30 19
2 30 28
2 37 38
2 37 36
2 37 39
2 27 36
2 27 32
2 27 21
2 27 22
2 27 29
2 27 33
2 27 19
2 27 26
2 42 43
2 20 28
3 41 31
3 41 18
3 3 7
3 30 1
3 27 18
3 27 34
3 27 33
3 20 1
4 48 41
4 55 45
4 58 51
4 58 56
4 54 40
4 52 44
4 57 59
4 50 41
4 53 47
5 50 49
5 48 46
5 7 2
