1 8 9
1 9 10
1 14 15
1 15 16
1 22 23
1 23 24
1 45 50
1 50 51
1 51 52
1 52 53
1 53 54
1 54 55
1 55 56
1 56 57
1 57 46
1 46 47
1 47 48
1 48 49
1 58 59
1 59 60
1 60 61
1 61 62
1 62 63
1 63 64
1 65 66
1 66 67
1 67 68
1 68 69
1 69 70
1 70 71
1 72 73
1 73 74
1 76 77
1 78 79
1 81 88
1 88 89
1 89 90
1 90 91
1 91 92
1 92 93
1 93 94
1 94 95
1 95 82
1 82 83
1 83 84
1 84 85
1 85 86
1 86 87
1 96 107
1 107 118
1 118 129
1 129 140
1 140 144
1 144 145
1 145 146
1 146 147
1 147 97
1 97 98
1 98 99
1 99 100
1 100 101
1 101 102
1 102 103
1 103 104
1 104 105
1 105 106
1 106 108
1 108 109
1 109 110
1 110 111
1 111 112
1 112 113
1 113 114
1 114 115
1 115 116
1 116 117
1 117 119
1 119 120
1 120 121
1 121 122
1 122 123
1 123 124
1 124 125
1 125 126
1 126 127
1 127 128
1 128 130
1 130 131
1 131 132
1 132 133
1 133 134
1 134 135
1 135 136
1 136 137
1 137 138
1 138 139
1 139 141
1 141 142
1 142 143
1 148 149
2 34 35
2 34 35
2 34 40
2 33 35
2 33 35
2 33 35
2 21 25
2 31 35
2 31 35
2 31 35
2 8 7
2 44 42
2 44 43
2 14 16
2 96 143
2 75 80
2 78 79
2 20 25
2 13 17
2 41 6
3 34 37
3 34 36
3 33 37
3 33 36
3 12 11
3 22 24
3 31 37
3 31 36
3 8 10
3 2 3
3 29 28
3 26 27
3 45 49
3 72 74
3 58 64
3 30 37
3 30 36
3 30 39
3 30 38
3 18 19
3 78 79
3 76 77
3 148 149
3 4 5
3 81 87
3 65 71
4 32 1
4 11 1
