1 1 2
1 3 4
1 4 5
1 5 6
1 8 9
1 9 10
1 32 33
1 47 48
1 55 56
1 59 60
1 65 66
1 66 67
1 67 68
1 68 69
1 69 70
1 70 71
1 71 72
1 72 73
1 73 74
1 74 75
1 75 76
1 76 77
1 77 78
1 78 79
1 79 80
1 80 81
1 81 82
1 82 83
1 83 84
1 84 85
1 85 86
1 86 87
1 87 88
1 88 89
1 89 90
1 90 91
1 91 92
1 92 93
1 110 111
2 13 44
2 102 105
2 104 105
2 101 105
2 3 52
2 3 54
2 3 65
2 3 93
2 3 34
2 3 51
2 12 34
2 12 54
2 12 52
2 57 45
2 57 44
2 61 59
2 61 60
2 61 52
2 61 60
2 103 105
2 106 62
2 27 62
2 14 62
2 113 62
2 30 62
2 39 62
2 64 62
2 15 62
2 36 62
2 63 62
2 41 62
2 40 62
2 23 62
2 114 62
2 108 62
2 43 62
2 24 62
2 28 62
2 38 62
2 99 62
2 35 62
2 96 62
2 21 62
2 31 62
2 98 62
2 26 62
2 97 62
2 115 62
2 95 62
2 37 62
2 94 62
2 109 62
2 20 62
2 112 62
2 29 62
2 100 62
2 107 62
2 25 62
2 18 62
2 1 2
2 1 1
2 50 48
2 50 53
2 50 49
2 50 54
2 50 47
2 50 52
2 58 58
2 22 62
2 46 62
2 19 62
3 3 6
3 55 56
3 57 42
3 7 11
3 32 33
3 110 111
3 8 10
3 17 16
