20 35 107 107
19 106 105
19 106 80 57 105
15 19 87 105
13 27 105 13 86 93 35 107 27 105 13 79 105 13 105 13 108
79 57 93 27 108
79 79 108 13 105 41 93 27 108
35 27 79 108 13 107 105
13 108
13 105 27 105 105
35 107 27 105 27 105 20 107
19 106 93 27 108
35 29 107 27 105
13 105 13 105 93 105
13 105 13 108
22 105 105
19 105 13 58 18 35 27 107 105 13 19 105
106
108
13 27 27 105
13 86 79 108 11 58 35 107 19 105
13 32 105 13 57 105 11 57 19 16 19 41
107
107
11 57 35 107 27 20 105 19 105
105 13 105 13 35 77 77 27 107
13 108
79 108
13 57 79 108
13 105 11 20 54 79 19 36 19 27 72 19 27 72 108
79 108
13 34 19 52 79 19 36 19 27 72 19 27 72 108
35 107 79 108
13 34 62 27 79 108
13 105 79 19 105
105
79 79 105
11 57 79 19 108
79 108
13 19 105 79 108
13 105 79 79 105
13 105
13 109 11 58 15 109 13 32 79 105
13 32 105 13 57 105 11 57 19 16 19 41
106 100 19 105
108
