19 106 22 105
35 79 29 107 79 105
105 11 44 15 79 19 105
35 29 107 27 105 105
105 11 44 15 79 20 105
35 29 107 27 105 105
79 77 44 15 105 11 44 41 79 19 105
35 29 107 27 105 105
19 19 106 21 105
106 21 105
105
13 35 107 29 105 13 86 27 105 13 27 105 13 79 105
33 57 8 32 105
19 106 105
109
109
27 35 107 27 105 13 80 108 13 105 13 105 13 108
19 19 27 27 108
108 13 105 13 79 105
19 107 84 84 19 86 35 107
13 19 19 108
108
13 35 79 107
79 57 79 105 11 62 27 79 105
105
19 19 27 100 27 100 101 101 100 35 27 107
35 107 105 13 32 20 105 19 105 105 105 13 35 107
