1 6 17
1 17 27
1 27 28
1 28 29
1 29 30
1 30 31
1 31 32
1 32 33
1 33 7
1 7 8
1 8 9
1 9 10
1 10 11
1 11 12
1 12 13
1 13 14
1 14 15
1 15 16
1 16 18
1 18 19
1 19 20
1 20 21
1 21 22
1 22 23
1 23 24
1 24 25
1 25 26
1 41 52
1 52 63
1 63 74
1 74 85
1 85 94
1 94 95
1 95 96
1 96 97
1 97 42
1 42 43
1 43 44
1 44 45
1 45 46
1 46 47
1 47 48
1 48 49
1 49 50
1 50 51
1 51 53
1 53 54
1 54 55
1 55 56
1 56 57
1 57 58
1 58 59
1 59 60
1 60 61
1 61 62
1 62 64
1 64 65
1 65 66
1 66 67
1 67 68
1 68 69
1 69 70
1 70 71
1 71 72
1 72 73
1 73 75
1 75 76
1 76 77
1 77 78
1 78 79
1 79 80
1 80 81
1 81 82
1 82 83
1 83 84
1 84 86
1 86 87
1 87 88
1 88 89
1 89 90
1 90 91
1 91 92
1 92 93
1 100 101
1 101 102
1 102 103
1 111 112
1 112 113
1 116 117
1 117 118
1 124 125
1 125 126
1 126 127
1 128 134
1 134 135
1 135 136
1 136 137
1 137 138
1 138 139
1 139 140
1 140 141
1 141 129
1 129 130
1 130 131
1 131 132
1 132 133
1 142 143
1 143 144
1 144 145
1 163 164
1 164 165
1 165 166
1 166 167
1 176 183
1 183 184
1 184 185
1 185 186
1 186 187
1 187 188
1 188 189
1 189 190
1 190 177
1 177 178
1 178 179
1 179 180
1 180 181
1 181 182
1 195 196
1 197 208
1 208 219
1 219 229
1 229 230
1 230 231
1 231 232
1 232 233
1 233 234
1 234 198
1 198 199
1 199 200
1 200 201
1 201 202
1 202 203
1 203 204
1 204 205
1 205 206
1 206 207
1 207 209
1 209 210
1 210 211
1 211 212
1 212 213
1 213 214
1 214 215
1 215 216
1 216 217
1 217 218
1 218 220
1 220 221
1 221 222
1 222 223
1 223 224
1 224 225
1 225 226
1 226 227
1 227 228
1 245 246
1 273 274
1 274 275
1 356 357
1 361 362
1 362 363
1 364 365
1 365 366
1 380 381
1 388 389
2 197 290
2 197 326
2 197 292
2 197 421
2 197 320
2 123 326
2 109 326
2 175 421
2 175 320
2 175 292
2 175 133
2 175 290
2 149 326
2 1 326
2 238 326
2 168 326
2 105 421
2 105 326
2 105 320
2 105 292
2 105 290
2 98 98
2 98 326
2 192 326
2 41 290
2 41 421
2 41 90
2 41 326
2 41 292
2 41 320
2 159 326
2 151 292
2 151 326
2 151 320
2 151 290
2 151 421
2 115 290
2 115 421
2 115 320
2 115 292
2 115 326
2 37 326
2 158 290
2 158 292
2 158 326
2 158 173
2 158 320
2 158 421
2 6 326
2 235 326
2 3 320
2 3 290
2 3 292
2 3 421
2 191 326
2 241 326
2 241 320
2 241 290
2 241 292
2 241 421
2 108 421
2 108 173
2 108 326
2 108 320
2 108 290
2 108 292
2 34 326
2 147 326
2 147 322
2 147 323
2 148 326
2 160 326
2 120 290
2 120 320
2 120 421
2 120 326
2 120 292
2 104 326
2 174 320
2 174 421
2 174 292
2 174 290
2 239 326
2 169 326
2 176 320
2 176 292
2 176 326
2 176 421
2 176 290
2 119 326
2 36 326
2 170 326
2 172 290
2 172 320
2 172 326
2 172 421
2 172 292
2 122 326
2 122 290
2 122 320
2 122 421
2 122 292
2 150 292
2 150 320
2 150 290
2 150 326
2 150 421
2 152 326
2 161 326
2 242 326
2 2 173
2 2 326
2 296 421
2 296 292
2 296 290
2 296 320
2 297 421
2 297 292
2 297 320
2 297 290
2 295 290
2 295 421
2 295 320
2 295 292
2 293 421
2 293 292
2 293 320
2 293 290
2 294 290
2 294 292
2 294 320
2 294 421
2 304 292
2 304 421
2 304 290
2 304 320
2 439 326
2 446 326
2 444 326
2 99 326
2 441 326
2 236 326
2 372 292
2 372 421
2 372 320
2 372 290
2 380 381
2 380 381
2 373 292
2 373 290
2 373 421
2 373 320
2 376 421
2 376 290
2 376 320
2 376 292
2 418 320
2 418 290
2 418 421
2 418 292
2 400 290
2 400 421
2 400 326
2 400 323
2 400 322
2 400 320
2 400 292
2 400 256
2 405 421
2 405 322
2 405 290
2 405 323
2 405 320
2 405 326
2 405 256
2 405 292
2 422 326
2 422 323
2 422 256
2 422 320
2 422 421
2 422 292
2 422 290
2 422 322
2 262 320
2 262 326
2 262 421
2 262 322
2 262 290
2 262 292
2 262 323
2 351 320
2 351 292
2 351 290
2 351 256
2 351 323
2 351 421
2 351 326
2 351 322
2 378 173
2 391 320
2 391 290
2 391 421
2 391 292
2 377 292
2 377 290
2 377 421
2 377 320
2 436 326
2 447 326
2 328 328
2 393 300
2 414 326
2 414 256
2 414 292
2 414 290
2 414 320
2 414 421
2 414 322
2 414 323
2 394 300
2 269 326
2 269 322
2 269 256
2 269 292
2 269 421
2 269 290
2 269 323
2 269 320
2 412 256
2 412 326
2 412 322
2 412 290
2 412 323
2 412 421
2 412 292
2 412 320
2 367 133
2 437 326
2 432 326
2 438 326
2 379 133
2 384 292
2 384 421
2 384 290
2 384 320
2 392 320
2 392 290
2 392 421
2 392 292
2 416 292
2 416 421
2 416 320
2 416 290
2 415 290
2 415 320
2 415 421
2 415 292
2 417 320
2 417 421
2 417 292
2 417 290
2 257 290
2 257 320
2 257 292
2 257 421
2 270 421
2 270 292
2 270 290
2 270 320
2 268 326
2 413 320
2 413 421
2 413 292
2 413 290
2 413 326
2 413 322
2 413 323
2 413 256
2 371 133
2 332 292
2 332 290
2 332 421
2 332 320
2 289 292
2 289 320
2 289 290
2 289 421
2 440 326
2 440 431
2 433 326
2 433 431
2 267 323
2 267 322
2 267 326
2 267 292
2 267 320
2 267 290
2 267 421
2 267 256
2 420 290
2 420 323
2 420 320
2 420 421
2 420 292
2 420 256
2 420 326
2 420 322
2 445 326
2 442 326
2 443 326
2 434 326
2 435 326
2 121 326
2 114 326
2 111 320
2 111 292
2 111 421
2 111 290
2 106 326
2 100 421
2 100 292
2 100 320
2 100 290
2 237 292
2 237 320
2 237 421
2 237 290
2 240 326
2 195 292
2 195 320
2 195 421
2 195 290
2 5 326
2 171 326
2 163 290
2 163 421
2 163 322
2 163 320
2 163 326
2 163 256
2 163 323
2 163 292
2 353 292
2 353 421
2 353 290
2 353 320
2 419 292
2 419 290
2 419 421
2 419 320
2 352 292
2 352 320
2 352 421
2 352 290
2 396 292
2 396 320
2 396 290
2 396 421
2 429 320
2 429 256
2 429 322
2 429 292
2 429 290
2 429 326
2 429 323
2 429 421
2 408 326
2 317 326
2 397 292
2 397 290
2 397 320
2 397 421
2 344 323
2 344 322
2 344 326
2 402 326
2 286 320
2 286 421
2 286 290
2 286 256
2 286 323
2 286 292
2 286 326
2 286 322
2 280 323
2 280 421
2 280 290
2 280 256
2 280 322
2 280 292
2 280 320
2 280 326
2 427 323
2 427 290
2 427 256
2 427 320
2 427 326
2 427 421
2 427 322
2 427 292
2 278 292
2 278 326
2 278 256
2 278 320
2 278 322
2 278 290
2 278 421
2 278 323
2 398 300
2 345 326
2 287 421
2 287 256
2 287 290
2 287 322
2 287 320
2 287 292
2 287 326
2 287 323
2 312 326
2 281 292
2 281 320
2 281 322
2 281 290
2 281 323
2 281 326
2 281 421
2 281 256
2 428 421
2 428 326
2 428 322
2 428 292
2 428 290
2 428 323
2 428 256
2 428 320
2 309 326
2 285 323
2 285 320
2 285 290
2 285 256
2 285 322
2 285 292
2 285 326
2 285 421
2 279 326
2 279 323
2 279 421
2 279 256
2 279 320
2 279 290
2 279 322
2 279 292
2 426 290
2 426 323
2 426 421
2 426 326
2 426 256
2 426 320
2 426 322
2 426 292
2 288 320
2 288 256
2 288 421
2 288 292
2 288 323
2 288 326
2 288 290
2 288 322
2 260 290
2 260 320
2 260 421
2 260 292
2 243 292
2 243 290
2 243 421
2 243 320
2 263 320
2 263 292
2 263 421
2 263 290
2 354 320
2 354 421
2 354 292
2 354 290
2 254 421
2 254 290
2 254 320
2 254 292
2 261 421
2 261 320
2 261 290
2 261 292
2 248 320
2 248 421
2 248 290
2 248 292
2 251 292
2 251 320
2 251 290
2 251 421
2 250 320
2 250 290
2 250 292
2 250 421
2 253 320
2 253 421
2 253 290
2 253 292
2 258 322
2 258 323
2 258 421
2 258 326
2 258 292
2 258 320
2 258 290
2 264 320
2 264 421
2 264 292
2 264 290
2 255 292
2 255 320
2 255 421
2 255 290
2 249 320
2 249 292
2 249 290
2 249 421
2 252 290
2 252 421
2 252 320
2 252 292
3 197 228
3 109 329
3 175 128
3 105 318
3 105 330
3 105 325
3 41 93
3 37 325
3 158 153
3 158 154
3 158 155
3 158 359
3 158 156
3 158 157
3 6 26
3 3 318
3 147 146
3 147 318
3 147 335
3 147 321
3 147 336
3 147 340
3 142 145
3 124 127
3 161 325
3 370 358
3 368 325
3 376 325
3 400 335
3 400 321
3 400 336
3 356 357
3 405 337
3 405 339
3 351 335
3 351 321
3 351 336
3 351 193
3 351 194
3 351 337
3 351 340
3 351 339
3 351 324
3 361 363
3 107 40
3 378 157
3 393 299
3 355 110
3 273 275
3 364 366
3 414 340
3 360 334
3 394 338
3 298 324
3 266 265
3 269 333
3 269 38
3 269 335
3 269 321
3 269 336
3 412 335
3 412 321
3 412 336
3 390 324
3 259 324
3 271 40
3 331 324
3 367 128
3 379 128
3 272 40
3 268 244
3 413 244
3 369 358
3 382 319
3 374 324
3 383 324
3 371 128
3 371 359
3 371 156
3 332 318
3 267 335
3 267 321
3 267 336
3 116 110
3 116 118
3 111 113
3 100 40
3 100 103
3 195 196
3 163 167
3 313 39
3 282 193
3 408 244
3 306 39
3 317 244
3 348 194
3 277 39
3 425 299
3 341 340
3 344 335
3 344 321
3 344 336
3 402 244
3 406 335
3 305 193
3 315 339
3 399 39
3 308 335
3 308 321
3 308 336
3 423 193
3 388 389
3 350 194
3 307 335
3 307 321
3 307 336
3 310 340
3 395 39
3 278 335
3 278 321
3 278 336
3 342 194
3 398 299
3 345 244
3 411 291
3 312 244
3 281 340
3 343 39
3 407 335
3 407 321
3 407 336
3 316 335
3 316 321
3 316 336
3 347 340
3 309 244
3 276 337
3 385 162
3 424 39
3 283 39
3 410 340
3 401 335
3 401 321
3 401 336
3 349 39
3 311 193
3 279 244
3 314 337
3 284 339
3 346 340
3 404 340
3 387 324
3 386 162
3 245 246
3 247 327
3 303 301
3 303 302
4 329 41
4 139 142
4 194 197
4 375 158
4 324 6
4 40 6
4 193 41
4 103 158
4 430 41
4 139 124
4 103 168
4 38 168
4 4 41
4 193 6
4 182 3
4 324 41
4 35 158
4 403 41
4 324 197
4 110 148
4 409 41
4 244 158
4 127 142
4 193 197
4 162 148
5 118 111
5 110 111
5 162 163
