106
106
20 19 19 105 13 27 105 11 57 27 105 13 27 105 13 93 108 11 57 108
13 35 29 107 27 105 13 27 19 109 13 32 19 108 13 105 13 105
105
21 21 19 19 19 105
86 105
13 32 86 79 105
79 35 105
13 107
105
79 35 107
105
79 35 107
105
79 35 107
13 21 105 106
105 79 35 107
105 79 35 107
105 19 36 36 27 72 21 105
13 72 72 36 27 72 21 105
13 72 72 36 27 72 21 105
13 72 72 34 2 54 65 19 108 13 21 105 13 32 65 105 65 105 79 79 65 105 13 105 13 105 13 105 209 2 41 79 21 105 13 32 86 42 80 57 19 108 13 86 79 27 105 79 79 27 105 13 79 105 13 105 13 105 19 108 13 86 79 27 105 79 79 27 105 13 79 105 13 105 13 105 79 20 105 91 20 53 79 105 79 35 107
105 79 105
105
13 105
108
21 105
100 21 105
13 32 86 79 105 79 22 105 79 105 13 86 105
13 20 105 105
13 21 105 11 87 21 105
13 32 86 79 21 105 13 32 86 79 21 105 13 32 86 79 21 105 13 32 86 79 21 105 13 32 86 79 21 105 13 32 86 79 21 105 13 32 86 79 21 105 13 86 80 57 79 21 105 13 32 86 35 79 107
19 100 106
109 11 21 52 35 29 107 105
19 101 79 105 13 27 108 11 58 27 108 11 58 27 108 11 57 108
19 19 106
41 80 57 35 29 107 105
13 27 105 13 35 27 107 27 105 27 105 27 105 108 12 27 105 27 105 105
35 29 107 21 105 27 105 27 105 105
19 20 19 19 19 105
13 32 86 21 105
13 32 86 21 105
13 86 21 105
13 32 86 21 105
13 32 86 21 105
13 32 86 21 105
13 86 21 105
13 32 86 21 105
13 32 86 21 105
13 32 86 35 79 107
13 21 105 106
86 79 35 107
105
21 105
13 32 86 79 105 79 22 105 79 105 13 86 91 53 79 105 19 36 36 27 72 21 105
13 72 72 36 27 72 21 105
13 72 72 36 27 72 21 105
13 72 72 34 2 54 65 21 108 13 21 105 13 32 65 105 65 105 79 79 65 105 13 105 13 21 105 13 105 209 2 41 79 105 79 35 107
105
79 35 107
105
108
79 35 107
105
79 35 107
105
79 35 107
105
79 35 107
105
79 105 91 53 79 35 107
105 80 57 79 79 105 79 35 107
21 105
105 35 107
79 105 79 35 107
105 35 107
79 105
79 105 79 35 107
105 79 35 107
105 79 105 79 35 107
105 79 35 107
105 79 35 107
105 79 35 107
100 105
105 79 105
79 35 107
105
27 105
13 32 86 79 57 79 79 20 105 57 27 105 11 105
27 105 11 57 105
105
13 105
13 21 105 11 87 21 105
13 32 86 21 108 13 86 79 21 105 13 32 86 79 21 105 13 32 86 35 107
86 79 79 105
21 105
79 57 79 79 19 105 19 100 106
19 105 11 57 106
19 109 11 21 52 105
106
11 16 21 52 105
41 21 52 35 29 107 105
19 19 101 108
19 19 106
19 19 27 79 105
19 19 105
108
106
13 105 105
19 19 52 52 93 105 13 79 79 27 108 11 57 35 107
108
19 86 106
79 105
19 105
19 109 11 21 52 105
106
11 16 109 11 21 52 35 27 107 27 19 105 27 19 108 13 105 79 105 11 36 86 19 79 105 13 2 109 11 57 109 13 32 79 209 79 78 71 2 41 19 105
19 105
19 19 108
79 57 27 79 105 27 27 105 106
108
19 105
19 106 108
13 105
11 58 91 20 54 35 107 105
35 29 107 105
20 93 35 93 29 107 105
13 105
11 57 108
13 105
11 93 108
13 20 84 105 41
93 35 93 29 107 105
93 27 105 13 32 105 108
13 105
11 57 91 20 53 108
13 105
11 58 93 35 93 29 107 105
15 93 35 93 29 107 105
41 108
19 106 108
13 105
11 58 91 20 54 35 107 105
35 29 107 105
35 27 107 105
19 105 13 27 105 11 57 107
21 21 19 20 19 105
106
19 108
108
108
13 105 35 107 21 105 21 105 35 107 105
13 105 35 107 21 105 35 29 107 105
13 105 35 107 21 105 21 105 35 107 105
105 79 105 35 107 27 105 105 35 107 27 105 35 29 107 27 19 105 13 105
13 105 13 105 13 105 19 105 35 107 105
106
79 57 79 105
79 57 108
108
13 105 105
19 52 19 52 93 105 13 57 34 62 108
13 19 64 105
13 57 105
13 77 108
106
19 105
106
19 108
27 77 105 106
108
23 92 50 58 108 12 91 20 53 93 105 13 93 105 13 19 105 13 78 50 58 5 108 13 105 13 35 35 107 105 13 93 105 13 93 105 13 105 13 93 105 13 27 105 13 105 13 107 35 27 107 105 12 105 50 58 105 13 105 105 35 27 107 105 105 108 12 99 92 17 35 93 105 13 79 107 105 12 41 14 5 42 14 41 14 5 41 14 41 5 41
106 79 108
106 35 107 105
105
105 21 105
13 32 86 21 105
13 32 86 79 35 107
105 79 35 107
105 35 107 27 105 27 105 27 105 27 105 35 107
86 105
13 21 105 106
108
21 105
105
13 21 105 11 87 21 105
13 32 21 105 21 105
13 32 86 35 107
86 79 79 105 79 35 107
79 57 79 105
108
11 57 105
11 58 19 35 29 107 27 105 27 105 105
19 52 19 52 78 23 50 62 27 105 13 32 78 108
106
19 19 93 57 93 105 19 100 100 105
13 32 86 21 105
13 86 21 105
13 86 21 105
13 86 21 105
13 32 86 21 105
13 86 21 105
13 32 86 21 105
13 32 86 21 105
13 32 86 35 79 107
86 35 107
13 21 105 106
86 35 107
86 79 35 107
105
79 79 105 35 107 105
13 21 105 11 105 79 105 79 105 79 79 105 35 107
79 105 79 105 79 35 107
105 79 35 107
105 79 35 107
105 79 35 107
105 79 35 107
108
105 79 35 107
105 79 35 107
105 79 35 107
105 79 35 107
105
108
13 105
11 87 105
13 105
21 105
21 105
13 32 86 21 105
13 32 86 21 105
13 32 86 21 105
13 32 86 21 105
93 52 19 100 106
108
105
106
19 108
27 78 105 27 79 105 11 105 106
108
108
35 107
13 29 107 27 19 105 13 105
79 35 79 105
13 29 107 27 19 105 13 105
79 105 13 32 79 105
79 108
108
19 52 108
79 105
79 105
79 105
79 105
79 105
13 27 9 105 27 105 27 105 27 105 57 105 11 36 27 105 27 3 105 27 105 19 42 2 41
21 20 19 58 105
35 107 19 79 34 54 79 66 57 79 109 13 109 209 41 109 11 58 79 79 105
79 79 105
79 105
79 105
79 57 21 105 13 32 105 15 79 79 105
79 19 105
79 84 79 19 105
11 58 35 27 27 19 108 13 107 79 105
105 13 33 57 32 105
19 19 105 11 58 108
105
19 19 19 79 79 105 13 109 11 62 79 79 105 13 105 13 105 11 19 54 2 2 105 11 54 105 11 20 53 20 56 2 209 41 2 57 108
19 108
19 79 105
19 79 19 105
35 27 107 27 105 27 79 21 105
13 105 27 79 21 105
13 105 79 105
79 79 79 79 108
79 79 79 79 79 79 108
80 57 79 79 105
19 19 80 57 79 79 105
80 57 79 79 105
80 57 79 79 105
19 79 79 79 105
79 79 79 79 79 108
79 79 79 79 108
79 79 105
19 79 79 105
79 79 105
79 79 105
19 19 79 108
93 105 13 93 79 105 13 57 35 107 108 13 27 19 108 13 105 13 105 13 105 108 13 105 13 105 93 105 13 27 105 19 18 14 41
35 27 27 79 19 108 13 107 105
19 19 19 19 35 107 93 105 13 35 27 107 20 105
35 107
35 107
35 107
35 107
35 19 107
79 27 19 108
13 27 105 27 19 105 105
78 79 108 13 18
35 27 107 27 105 27 93 79 108 13 105 105
13 105 27 105 41 35 27 107 27 105 27 105 13 105 105
58 79 79 105
35 107
79 79 79 105
79 79 79 79 79 80 105
79 79 79 105
79 79 79 105
19 79 79 105
79 79 79 105
79 79 79 105
19 79 79 105
79 79 79 79 79 80 105
79 79 79 79 108
79 79 79 79 108
79 79 79 105
19 79 79 105
105 13 93 22 105
13 105 13 105
19 35 107 93 105 13 35 27 107 105
16 52 35 27 35 107 27 105 13 19 105 11 209 105 13 105 13 105 13 108 13 107 105
27 105 13 32 105 13 32 109
27 105 13 32 105 13 32 109
108 11 57 15 57 27 35 107 105 13 108 13 105 13 105 13 108 13 35 27 107 105
19 91 20 53 57 105 15 105 105 105 57 35 105 13 107
19 35 27 27 27 19 108 13 107 93 105 13 19 105
13 105 105
77 44 106 15 79 79 79 57 79 79 79 77 77 105 41 79 79 79 57 79 79 79 105 41 79 79 79 57 79 79 79 77 121 105 41 44
19 94 57 101 35 107 93 29 105 13 21 105 13 27 105 93 105
11 57 2 93 105 13 27 27 105 11 58 93 35 27 107 105
79 108
106 108
35 27 27 27 19 108 13 107 105
11 57 15 35 27 93 107 27 105 27 19 105 105
105 13 27 105 11 57 108 13 35 27 107 33 58 22 105 105
11 57 27 105 13 32 105 11 57 105 13 105 13 93 105 11 57 105 13 27 105 13 105 11 58 27 35 27 19 108 13 107 58 22 105 105
11 57 15 35 27 107 29 105 27 105 93 21 105 13 105 105
11 57 15 35 27 27 19 108 13 107 105
35 27 107 27 105 105
11 57 15 35 27 27 19 108 13 107 33 58 22 105 105
79 79 79 105
79 79 79 79 19 108
79 57 79 79 79 79 79 80 105
19 79 79 79 79 108
19 79 79 105
79 79 79 105
79 79 79 79 108
79 79 79 79 19 108
79 57 79 79 79 79 79 80 105
19 79 79 79 79 108
19 19 19 105 13 33 57 32 105
19 19 57 79 105
19 57 105 13 32 79 77 77 51 19 19 8 58 79 21 19 108 13 35 107
19 52 79 19 108
79 105
105 13 33 57 32 79 79 79 79 108
13 105
11 58 16 93 105
11 58 16 93 105 13 93 19 105
79 79 105
19 105 13 33 57 32 80 57 35 27 79 105
13 107 27 79 105
13 27 105 13 105 27 105 79 105
79 79 105
13 35 107 93 105
13 105 79 19 105
108
19 79 108
79 108
108
79 19 105
79 79 57 79 79 105
32 105 11 57 79 79 79 109 79 79 57 79 79 105
79 108
79 35 79 29 107 27 19 105 13 105
19 32 108
79 105
79 79 105
108
32 108
11 79 57 79 105 79 121 105 19 16
79 79 79 105
19 79 79 27 108
22 20 19 19 57 105 13 32 77 79 77 51 8 8 58 105
79 79 79 77 105
58 79 79 79 79 79 77 105
79 79 79 79 79 105
35 27 27 79 79 105
13 19 108 13 107 79 79 79 105
79 27 19 108
79 105
21 19 58 105
79 79 57 79 79 79 105
79 79 58 79 79 79 108
79 79 79 79 79 108
58 79 79 19 105
19 79 79 80 58 2 105
79 79 105
79 79 108
105 13 33 57 32 108
79 79 79 105
19 79 79 105
79 79 35 79 79 29 107 27 105 13 27 79 79 19 108 13 105 13 105
79 79 79 105
105 13 33 57 33 57 33 58 108
79 79 79 105
79 79 79 105
19 79 79 105
79 79 35 79 79 29 107 27 105 13 27 79 79 19 108 13 105 13 105
79 79 79 105
79 79 79 105
19 79 79 58 108
19 19 19 79 79 58 79 79 108
79 79 58 79 79 79 108
19 23 19 19 57 105 13 32 77 79 77 51 8 8 105
19 20 19 19 57 105 13 32 77 79 77 51 8 8 58 79 21 108 13 35 107
19 57 105 13 32 77 77 51 19 19 8 58 105
21 21 20 20 19 57 80 57 105 13 58 19 8 58 105
20 19 19 57 105 13 32 77 77 51 8 8 58 27 27 108 105 13 21 108 13 35 107
19 105 11 58 108
35 107 79 105 79 105 79 105 79 105 79 105 93 105 13 35 27 107 19 105
19 105 13 105 13 33 57 32 105
79 79 79 105
79 79 79 79 79 80 105
79 79 79 105
79 32 109
19 79 32 109
79 32 109
79 32 109
35 79 29 107 21 105 79 105
93 105 13 32 58 105 13 105 13 93 105 105 13 32 57 105 13 105 13 105 86 18 14 35 35 107 27 105 13 105 13 27 105 13 27 105 13 105 13 107
19 19 94 57 27 35 107 27 105 13 105 13 105 13 108 80 57 77 60 35 27 107 40 105
19 19 19 19 27 105 11 58 106 13 18 27 109 13 93 105 13 58 105 13 105 11 19 105 13 105 57 105 11 52 52 58 35 35 107 109 13 105 13 27 105 13 105 13 105 13 107 40 51 79 105
106 79 19 105 105
19 19 80 57 105
77 44 106 15 79 80 57 79 19 105
79 105
79 79 79 32 109
19 79 79 57 79 19 86 79 79 79 77 2 2 110
19 19 19 19 27 105 11 58 106 13 18 27 109 13 93 105 13 58 105 13 105 11 19 105 13 105 57 105 11 52 52 58 35 35 107 109 13 105 13 27 105 13 105 13 105 13 107 40 51 79 105
91 19 54 19 52 105 11 58 105
106 79 19 105 105
19 19 80 57 105
106 79 105
19 19 106 87 87 79 105 80 58 87 79 105
19 106 87 79 105 79 105
77 44 106 15 79 80 57 79 19 105
