79 57 80 58 79 27 108 19 18 30 35 107 27 105 108 13 27 105 79 35 27 107 105 13 105 13 108 79 35 27 107 105 13 27 105 13 105
19 19 79 35 107 108
79 108
13 27 108 79 108
35 107 108 13 27 105 79 108
11 58 35 27 107 35 27 27 107 105 27 27 105 27 27 105 105
35 107 27 105 79 79 105
13 105 79 105
79 108
94 57 27 27 108 79 35 107
105 13 57 19 105 13 57 109 13 109 11 58 19 16 109 13 32 79 27 105 11 57 79 100 41 14 19 41
19 79 105 13 105 13 109 13 109 11 57 109 13 32 34 2 54 65 79 27 105 11 57 79 35 107 27 105 13 79 105 13 105 13 105
11 57 27 19 105 105
35 29 107 105
19 52 19 52 57 86 106
19 19 106 105
13 32 86 21 105
13 32 86 21 105
13 32 86 79 79 105
107
107
21 105
13 32 86 79 105 79 35 107
105 79 35 107
105 77 52 105
13 105 105
11 84 21 105
13 105 21 105
13 32 105 35 79 107
86 105 35 79 107
86 108
11 107
107
107
107
108
105
108
13 57 27 105 13 105 11 57 107
11 52 107
35 107
86 35 107
86 79 105
27 105
13 32 86 21 105
19 109 11 44 106 11 16 107
41 35 29 107 105
41 35 105
13 29 107 105
106 107
79 57 79 109
35 29 107 79 19 105
106 21 105
106 35 105
13 29 107 105
13 79 19 105
79 108
57 108 13 19 35 107 105 13 105
106 105
21 19 108 13 105 79 19 108
32 79 105
80 58 15 79 23 105 41 14 27 35 107 27 105 13 105 13 105 13 108 41
19 105 11 108
79 108
32 79 105
79 108
19 19 79 58 15 79 105 79 79 105 13 105 79 105 57 79 105 79 20 105 35 79 105 13 29 107 79 105 13 108
79 27 105 13 32 79 27 105 13 32 19 27 105 13 86 19 27 105 13 86 79 105 79 105 15
79 105 79 105 15
105
13 105 11 58 18 105 13 57 105 11 57 108
79 108
79 108
11 58 15 79 105 13 105 11 62 19 105 13 32 78 25 48 59 79 108
13 20 105
79 108
11 57 79 108
13 23 105 41
