1 5 6
1 6 7
1 7 8
1 8 3
1 3 4
1 30 31
1 31 32
1 32 33
1 41 42
1 66 67
1 69 70
1 71 72
1 78 79
2 53 30
2 53 33
2 53 9
2 53 80
2 53 2
2 56 44
2 41 39
2 47 44
2 20 21
2 74 37
2 74 44
2 11 14
2 13 16
2 13 15
2 24 19
2 24 2
2 24 26
2 24 21
2 17 14
2 23 35
2 22 4
2 22 36
2 22 5
2 22 27
2 22 9
2 22 34
2 22 4
2 29 5
2 29 28
2 29 4
2 29 4
2 29 9
2 25 5
2 25 27
2 25 4
2 25 34
2 25 9
2 25 1
2 25 36
2 25 14
2 25 4
2 10 4
2 10 19
2 10 18
2 10 4
2 10 9
2 10 21
2 10 5
2 12 21
2 12 15
2 12 19
3 41 42
3 81 78
3 74 37
3 74 43
3 74 45
3 57 58
3 76 52
3 75 50
3 73 63
3 73 64
3 77 51
3 69 70
3 71 72
4 51 46
4 79 68
4 61 59
4 50 54
4 52 59
4 63 49
4 50 55
4 38 40
4 67 62
4 66 49
4 64 49
4 78 68
4 60 40
4 48 40
5 66 65
5 64 65
5 63 65
