19 35 27 107 19 105
19 19 27 105 11 58 2 57 27 105 13 32 105 13 57 105 11 57 2 16 2 41 2 41 2 41
93 80 57 27 107
11 57 79 27 105 13 32 57 105 13 57 105 13 108
11 57 79 27 105 13 32 57 105 13 108
13 108
93 107
13 108
11 57 108 13 57 105 13 108
79 108
79 79 79 109
79 79 109
79 79 79 79 105
105 35 79 107
105 41 15
79 105 15 14 41
79 27 108
13 105 13 18 14 35 107
13 105 13 77 107
35 107 105
105 13 32 18
79 108
79 79 93 108
79 108
79 79 79 79 108
79 105 11 16
105 13 57 34 56 108 34 34 19 54 65 55 15 105 209 209 41
13 105 11 108
79 109 13 18 14 108
13 27 107 105 11 57 105 35 107
86 35 27 107 35 107
86 35 27 107 105
13 79 105
13 34 19 54 65 105 209 41 15
13 27 107 105 11 57 105 11 57 105 13 34 2 54 65 105 209 41 105 34 2 54 65 108
105 209 41 112
19 19 35 27 107 35 27 107 105 13 105 13 35 107 105 13 27 105 13 105 13 108 13 105 105 13 105
13 35 27 108 13 107 105
13 105
19 58 100 86 93 86 93 86 93 86 93 86 108
20 19 19 19 106 105
11 57 15 79 58 79 58 107
35 29 107 33 58 22 105 105
11 58 2 19 2 8 2 19 54 109
15 108 13 105 11 19 105 11 209 105 11 35 27 107 105 13 27 105 13 105 13 27 105 13 105 13 105 13 35 27 107 105 13 27 105 13 105 13 27 105 13 105 13 27 105 13 77 105 13 27 105 13 105 13 35 27 107 27 105 27 36 19 72 105 27 105 27 105 27 79 108 13 105 27 108
19 19 19 106 21 105
106 79 105
57 35 27 27 108 13 107 105
19 19 19 106 21 105
35 29 107 105 105
35 29 107 105
35 29 107 105
19 19 19 106 36 35 107
106 21 105
106 21 105
106 79 105
58 79 79 108
105 13 27 105 11 57 105 13 35 107 27 105 19 105
19 106 108 13 86 79 35 107
57 35 27 27 108 13 107 105
109 11 44 106 11 16 35 29 107 105
20 19 19 19 19 106 21 105
35 107 27 105 35 29 107 105 20 105
35 107 27 105 27 19 105 35 29 107 105 20 105
21 19 45 15 52 27 93 108
109 11 44 106 11 16 35 29 107 20 105
41 35 29 107 105
19 106 21 105
35 79 105
13 29 107 79 20 105
35 79 105
13 29 107 79 20 105
44 15 79 77 77 108
77 77 62 79 108
58 79 79 108
79 108
79 108
27 27 35 107 105 13 105 13 105 13 105 13 86 91 20 53 21 21 108 13 105 13 27 79 105 35 29 107 105 105
15 35 107 27 79 105 35 29 107 105 105
15 27 35 107 105 11 58 105 108 13 105 11 105 11 209 105 11 35 107 105 13 105 13 27 105 13 105 13 27 105 13 105 13 27 105 13 105 13 35 107 19 105 105 11 105 11 209 105 11 35 107 105 13 105 13 27 105 13 105 13 27 105 13 105 13 27 105 13 105 13 35 107 105 11 57 105 105 11 57 19 58 109 105
79 108
