105
106
19 19 19 106 87 93 30 93 57 93 93 58 100 105
13 27 105 11 57 35 107 35 27 27 107 105 27 105 105
13 105 13 105 27 27 105 13 32 105 27 93 79 105 27 27 105 13 32 105 107
27 108
19 105
79 58 93 57 93 86 100 105
13 33 57 93 51 33 57 79 93 52 105
31 86 87 86 105
13 27 105 13 58 27 107
15 27 107
31 41 14 31 40 35 107
105
13 105
35 107 35 27 27 107 105 108
105 13 22 105
35 107 27 27 105 79 35 27 107
20 80 58 35 79 107 105 13 32 79 105
105 13 35 35 107 20 107 35 107 80 58 105 13 57 105 27 105 41 105 13 35 107 27 105 13 105 13 105 13 108
13 58 27 108
79 93 105
105 15 108 13 80 57 27 27 109 13 108 11 58 91 20 52 27 27 27 109 13 105 105 13 108
19 105 105 105 11 20 55 54 27 105 13 58 35 107 27 105 13 105 13 27 105 13 105 13 108
23 30 79 57 79 58 27 108
35 107 27 79 105 27 79 105 18
19 107 86 19 86 105
19 35 107 27 105 13 105 13 27 105 13 105 13 108
19 93 57 93 105 11 16 105 13 35 29 107 22 105
27 105 13 32 105 13 58 19 18 105 11 44 27 41 27 41 27 41 44
22 93 58 35 107 105 13 35 27 27 108 13 107 105
19 93 57 93 18 105 13 35 27 27 108 13 107 19 105
93 58 35 107 105 13 105 13 57 105 11 57 27 105 11 57 27 27 108 13 35 107 27 105 13 93 105 13 105 13 108 13 105 13 93 105 13 105 11 58 27 105 13 93 105 13 105 11 62 35 107 105 13 27 105 13 105 13 105 13 35 107 93 105 13 27 105 13 93 105 13 105 13 35 107 27 105 13 105 13 27 105 13 105 13 27 105 13 105 13 27 105 13 105 13 27 105 13 27 105 13 105 13 35 107 105 13 27 105 13 27 105 13 27 105 13 27 105 13 105 13 100 93 18
35 107 27 105 13 79 105 13 105 13 108
35 79 107 105 13 32 79 108
19 105 105 105 11 20 53 20 53 35 107 27 105 13 105 13 27 105 13 79 105 13 105 13 108
79 105 13 32 58 27 108
21 21 106 22 105
105
13 105
13 108
35 107 29 105 13 105
13 105 13 105
13 21 105 13 105 13 105
106 35 107 21 105 13 21 105 13 27 35 107
105 13 105 21 105
22 105
13 32 86 21 105
13 32 86 79 105 13 86 79 109 79 19 109 35 107 86 108 13 86 79 20 105 79 79 105 107
79 108
106 108 13 86 15
80 57 79 105 15
