1 1 2
1 2 3
1 3 4
1 4 5
1 8 9
1 9 10
1 19 20
1 20 21
1 29 30
1 30 31
1 31 32
1 33 36
1 36 37
1 37 38
1 38 39
1 39 40
1 40 41
1 41 42
1 42 43
1 43 34
1 34 35
1 47 48
1 48 49
1 58 68
1 68 69
1 69 70
1 70 71
1 71 72
1 72 73
1 73 74
1 74 75
1 75 59
1 59 60
1 60 61
1 61 62
1 62 63
1 63 64
1 64 65
1 65 66
1 66 67
1 87 88
1 89 94
1 94 95
1 95 96
1 96 97
1 97 98
1 98 99
1 99 100
1 100 101
1 101 90
1 90 91
1 91 92
1 92 93
1 108 109
1 113 114
1 114 115
1 115 116
1 116 117
1 117 118
1 119 120
1 120 121
1 121 122
1 122 123
1 129 132
1 132 133
1 133 134
1 134 135
1 135 136
1 136 137
1 137 138
1 138 139
1 139 130
1 130 131
1 145 146
1 146 147
1 147 148
1 148 149
1 149 150
1 151 152
1 152 153
1 153 154
1 154 155
1 155 156
2 17 25
2 17 25
2 44 143
2 44 77
2 44 125
2 145 78
2 145 151
2 145 144
2 145 144
2 145 161
2 145 160
2 145 79
2 145 163
2 145 156
2 145 156
2 145 140
2 145 76
2 107 110
2 129 160
2 129 140
2 129 157
2 129 163
2 129 79
2 129 78
2 129 158
2 129 76
2 108 111
2 108 106
2 108 111
2 108 87
2 108 88
2 108 86
2 108 105
2 33 25
2 33 25
2 33 25
2 33 53
2 33 79
2 33 78
2 33 76
2 89 78
2 89 79
2 159 163
2 159 140
2 159 78
2 159 76
2 159 79
2 159 161
2 56 57
2 56 54
2 162 163
2 55 54
2 55 57
2 84 79
2 84 78
2 85 79
2 85 78
2 82 79
2 82 78
2 83 79
2 83 78
2 80 161
2 80 76
2 80 163
2 103 105
2 102 111
2 102 105
2 102 111
3 58 142
3 58 141
3 58 67
3 44 143
3 44 141
3 44 164
3 44 126
3 19 21
3 145 150
3 8 10
3 47 49
3 107 104
3 129 131
3 108 109
3 33 26
3 33 35
3 24 22
3 89 128
3 89 93
3 112 128
3 112 127
3 112 126
3 112 124
3 1 5
3 52 50
3 113 118
3 119 123
3 18 23
3 46 51
3 7 11
3 80 81
3 29 32
4 28 47
4 26 33
4 27 16
4 28 19
4 28 13
4 28 6
4 28 45
4 12 14
4 28 15
