79 52 35 107
93 105
13 27 105 15 79 52 35 107
93 105
13 27 105 41 79 52 35 27 107 27 105 27 19 36 19 93 79 79 79 72 105 27 27 105 27 35 107 105 13 79 105 13 105 13 35 107 105 13 27 105 13 105 13 35 107 105 13 79 105 13 105 13 27 105 27 108
19 105
77 105 58 105
19 105
106 100 105
13 27 35 29 107 22 105 13 105
13 27 35 29 107 22 105 13 105
98 93 58 35 93 29 107 93 105
19 19 105
20 9 3 105
19 105
20 19 106 100 101 108 12 99 19 105
106 27 27 108 35 107
77 105 58 105
19 105
106 100 105
13 27 35 29 107 22 105 13 105
13 27 35 29 107 22 105 13 105
13 27 35 29 107 22 105 13 105
209 98 93 105
35 107 105 13 32 105 105 13 108 13 105
105 13 105 15 14 105 41 27 27 108 35 93 29 107 93 105
13 105
209 93 79 79 105 13 32 79 27 105 11 57 35 27 79 108 13 107 93 105
19 19 22 19 19 108
13 105
13 35 107 27 105 13 105 13 105 13 108
108 11 93 79 79 105 13 32 79 27 105 11 57 35 27 93 79 79 105 13 32 79 108 13 107 79 105
111 100 93 110
13 21 9 105
13 32 9 86 27 35 107 27 105 13 9 77 209 9 84 105 13 105 13 108 20 19 3 54 93 79 79 105 11 3 54 93 79 79 3 105 13 32 79 27 105 11 57 35 107 29 9 105 13 3 9 84 35 112 19 36 19 21 70 93 79 79 3 105 13 32 79 9 105 19 36 93 79 79 3 105 13 32 79 9 105 35 107 27 105 13 3 105 13 105 13 9 105 13 93 79 79 3 105 13 32 79 9 105 13 9 105
13 105 13 77 98 27 108
13 110
13 105
19 9 105
27 35 107 27 105 13 9 77 209 9 84 105 13 105 13 108 93 58 35 107
27 35 107 27 105 13 9 77 209 9 84 105 13 105 13 108 20 93 79 79 105 11 3 54 93 79 79 3 105 13 32 79 27 105 11 57 3 9 84 209 41 93 79 79 3 105 13 32 79 27 105 11 57 3 9 84 41 21 9 105
27 35 107 27 105 13 9 77 209 9 84 105 13 105 13 108 110
13 110
21 106 108
19 19 105
77 105 58 105
19 105
106 100 105
13 27 35 29 107 22 105 13 105
13 27 35 29 107 22 105 13 105
13 27 35 29 107 22 105 13 105
8 32 77 98 93 105
86 27 23 19 79 110 41
79 109
79 105
30 107
27 105 13 32 105 13 57 105 11 58 27 18 14 93 27 109
105 13 32 108
108
13 105
13 57 35 27 107 108
13 105
13 108
13 105
13 105 105 13 57 105 13 105 108
13 105
13 105
105 13 108
13 79 105
13 27 105 11 57 93 51 108
15 27 105 11 57 93 51 108
41 27 105 11 57 35 107 27 105 13 27 105 13 105 13 105 13 108
108
13 105
13 27 105 13 105
13 105 13 18
13 79 105
13 27 105 13 32 57 105 13 57 105 13 18 27 41
13 27 105 13 32 57 105 13 57 105 11 45 27 18 27 41 27 41 27 41 2 41 45
57 27 105 13 105 11 57 108
13 27 105 13 32 35 29 107 27 105 22 108
106 108
106 108
79 109
79 109
21 19 25 79 105 13 109 13 2 109 11 57 109 13 32 79 105 13 57 105 11 105 12 50 60 47 60 2 8 2 8 5 41 50 62 46 58 50 60 2 8 41 18 5 2 8 41
13 110 15 105 11 41 79 108
13 19 105 13 41 27 108
27 108
13 105
13 105
11 58 108
35 29 107 27 105 105
13 105 13 105 11 58 27 108
13 105 13 105 11 57 105 13 27 105 13 32 58 15 27 108
35 107 27 105 13 105 13 105 13 105 13 108
93 27 108
13 105 13 105 11 57 27 108
79 108
13 79 108
13 105 93 19 108
35 107 27 105 13 105 13 105 13 108
35 107 27 105 13 105 13 105 13 108
13 107 27 105 79 19 22 108
79 79 78 23 182 77 122 79 110 15 27 108
86 79 79 78 182 77 122 79 110 35 107
105
35 107 27 105 13 105 13 105 13 108
106
13 105 79 79 105
13 79 80 57 79 79 105 13 86 79 79 105 11 57 79 86 27 19 36 79 72 79 72 108 13 108
108
108
13 108
19 108
108
13 35 27 108
13 107 105
19 108
19 108
108
13 35 27 108
13 107 105
19 94 58 101 35 93 29 107 93 93 79 105
13 93 79 105
35 93 29 107 27 105 93 105
35 93 29 107 27 105 93 105
13 107 105
19 19 105 13 32 108
13 22 105
35 29 107 27 105 108
27 105 13 105 11 57 105 13 108
13 105
13 105
13 57 108
13 105 11 57 93 51 93 52 35 107 27 105 13 108
13 105 13 27 105 13 105 13 108
108
13 105
13 27 105 13 32 105 2 16 14 8 2 8 35 107 27 105 13 105 13 105 13 105 13 105 13 108
13 35 29 107 27 105 105
13 35 29 107 27 105 105
35 29 105 13 107 20 105 35 27 107 105 19 105
79 105 79 105 11 57 79 105 15 14 27 108
35 107 27 105 13 105 13 105 13 108
108
13 105
11 58 27 108
35 27
107 40 106
35 107 27 105 13 105 11 105 13 105 13 108
105
13 27 108 11 35 107 27 105 13 105 13 105 13 108
108
11 58 105 11 57 19 51 27 108
105 105 35 107
93 57 93 105 11 57 93 105 41 14 93 57 93 105 11 57 93 105 40 27 105 11 57 108
29 30 93 58 27 105 13 32 19 27 105 13 100 31 93 105 29 105 105
35 107 27 105 13 108
100 93 35 27 107 105
13 57 105 13 18 27 108
35 79 79 107
19 35 79 105
13 35 29 107 105 57 105 27 105 11 57 27 79 105 105
