1 3 4
1 7 8
1 8 9
1 10 11
1 11 12
1 12 13
1 13 14
1 14 15
1 15 16
1 17 18
1 18 19
1 19 20
1 20 21
1 21 22
1 23 24
1 24 25
1 25 26
1 26 27
1 27 28
1 28 29
1 30 31
1 31 32
1 32 33
1 34 35
1 39 40
1 40 41
1 42 43
1 43 44
1 44 45
1 45 46
1 46 47
1 47 48
1 48 49
1 49 50
1 50 51
1 52 53
1 53 54
1 55 61
1 61 62
1 62 63
1 63 64
1 64 65
1 65 66
1 66 67
1 67 68
1 68 56
1 56 57
1 57 58
1 58 59
1 59 60
1 69 80
1 80 91
1 91 93
1 93 94
1 94 95
1 95 96
1 96 97
1 97 98
1 98 70
1 70 71
1 71 72
1 72 73
1 73 74
1 74 75
1 75 76
1 76 77
1 77 78
1 78 79
1 79 81
1 81 82
1 82 83
1 83 84
1 84 85
1 85 86
1 86 87
1 87 88
1 88 89
1 89 90
1 90 92
1 103 112
1 112 113
1 113 114
1 114 115
1 115 116
1 116 117
1 117 118
1 118 119
1 119 104
1 104 105
1 105 106
1 106 107
1 107 108
1 108 109
1 109 110
1 110 111
1 121 122
1 122 123
1 123 124
1 124 125
1 125 126
1 126 127
1 127 128
1 128 129
1 132 133
1 134 136
1 136 137
1 137 138
1 138 139
1 139 140
1 140 141
1 141 142
1 142 143
1 143 135
1 144 145
1 146 147
1 147 148
1 148 149
1 151 152
1 153 154
1 154 155
1 155 156
1 156 157
1 157 158
1 158 159
1 159 160
1 161 163
1 163 164
1 165 170
1 170 171
1 171 172
1 172 173
1 173 174
1 174 175
1 175 176
1 176 177
1 177 166
1 166 167
1 167 168
1 168 169
1 178 179
1 179 180
1 181 182
1 183 184
1 184 185
1 185 186
1 187 198
1 198 206
1 206 207
1 207 208
1 208 209
1 209 210
1 210 211
1 211 212
1 212 188
1 188 189
1 189 190
1 190 191
1 191 192
1 192 193
1 193 194
1 194 195
1 195 196
1 196 197
1 197 199
1 199 200
1 200 201
1 201 202
1 202 203
1 203 204
1 204 205
1 213 224
1 224 227
1 227 228
1 228 229
1 229 230
1 230 231
1 231 232
1 232 233
1 233 214
1 214 215
1 215 216
1 216 217
1 217 218
1 218 219
1 219 220
1 220 221
1 221 222
1 222 223
1 223 225
1 225 226
1 236 237
1 237 238
1 238 239
1 240 241
1 249 250
1 251 252
1 252 253
1 256 259
1 259 260
1 260 261
1 261 262
1 262 263
1 263 264
1 264 265
1 265 266
1 266 257
1 257 258
1 268 269
1 269 270
1 270 271
1 272 275
1 275 276
1 276 277
1 277 278
1 278 279
1 279 280
1 280 281
1 281 282
1 282 273
1 273 274
1 283 292
1 292 293
1 293 294
1 294 295
1 295 296
1 296 297
1 297 298
1 298 299
1 299 284
1 284 285
1 285 286
1 286 287
1 287 288
1 288 289
1 289 290
1 290 291
1 304 305
1 308 319
1 319 328
1 328 329
1 329 330
1 330 331
1 331 332
1 332 333
1 333 334
1 334 309
1 309 310
1 310 311
1 311 312
1 312 313
1 313 314
1 314 315
1 315 316
1 316 317
1 317 318
1 318 320
1 320 321
1 321 322
1 322 323
1 323 324
1 324 325
1 325 326
1 326 327
1 337 338
1 339 340
1 340 341
1 341 342
1 342 343
1 343 344
1 344 345
1 346 347
1 347 348
1 348 349
1 349 350
1 351 352
1 353 354
1 355 356
1 357 358
1 359 360
1 360 361
1 362 363
1 367 368
1 372 373
1 373 374
1 374 375
1 375 376
1 376 377
1 377 378
1 378 379
1 379 380
1 381 382
1 385 386
1 386 387
1 387 388
1 388 389
1 389 390
1 390 391
1 391 392
1 393 394
1 395 396
1 396 397
1 397 398
1 398 399
1 399 400
1 400 401
1 402 403
1 404 405
1 405 406
1 406 407
1 407 408
1 408 409
1 409 410
1 411 412
1 413 414
1 415 416
1 417 418
1 419 420
1 420 421
1 427 428
1 429 430
1 430 431
1 431 432
1 433 434
1 435 436
1 436 437
1 437 438
1 438 439
1 439 440
1 440 441
1 441 442
1 446 456
1 456 457
1 457 458
1 458 459
1 459 460
1 460 461
1 461 462
1 462 463
1 463 447
1 447 448
1 448 449
1 449 450
1 450 451
1 451 452
1 452 453
1 453 454
1 454 455
1 464 465
1 465 466
1 468 469
1 472 483
1 483 492
1 492 493
1 493 494
1 494 495
1 495 496
1 496 497
1 497 498
1 498 473
1 473 474
1 474 475
1 475 476
1 476 477
1 477 478
1 478 479
1 479 480
1 480 481
1 481 482
1 482 484
1 484 485
1 485 486
1 486 487
1 487 488
1 488 489
1 489 490
1 490 491
1 500 501
1 502 503
1 504 505
1 505 506
1 506 507
1 507 508
1 508 509
1 509 510
1 511 512
1 512 513
1 513 514
1 514 515
1 516 517
1 518 519
1 520 521
1 527 528
1 529 530
1 531 532
1 532 533
1 536 537
1 537 538
1 538 539
1 543 544
2 445 383
2 445 525
2 445 522
2 335 384
2 335 383
2 34 35
2 499 384
2 499 383
2 499 526
2 499 522
2 302 384
2 302 383
2 247 384
2 247 383
2 38 422
2 38 423
2 38 424
2 38 384
2 38 267
2 38 425
2 38 426
2 38 383
2 161 540
2 161 164
2 55 384
2 55 383
2 243 384
2 243 383
2 243 524
2 444 383
2 444 384
2 444 523
2 444 522
2 246 384
2 246 383
2 69 82
2 235 384
2 235 522
2 235 383
2 543 542
2 301 384
2 301 383
2 121 540
2 121 122
2 251 384
2 251 383
2 364 384
2 364 540
2 364 383
2 364 42
2 272 274
2 337 338
2 337 540
2 411 540
2 411 412
2 353 354
2 366 384
2 366 540
2 366 383
2 366 42
2 520 521
2 372 373
2 372 540
2 500 501
2 393 540
2 393 394
2 357 540
2 357 358
2 404 405
2 404 540
2 527 540
2 527 528
2 283 540
2 283 286
2 402 403
2 402 540
2 415 416
2 415 540
2 518 519
2 339 340
2 339 540
2 435 436
2 435 540
2 385 540
2 385 386
2 249 250
2 249 540
2 502 503
2 502 540
2 367 368
2 367 540
2 144 145
2 144 540
2 351 352
2 132 540
2 132 133
2 529 540
2 529 530
2 417 540
2 417 418
2 433 434
2 413 540
2 413 414
2 504 540
2 504 505
2 355 540
2 355 356
2 381 382
2 381 540
2 427 428
2 395 396
2 395 540
2 516 517
2 541 540
2 365 384
2 365 383
2 365 540
2 365 42
2 255 255
2 248 383
2 248 384
2 248 540
2 248 1
2 443 383
2 443 384
2 443 1
2 443 540
2 300 384
2 300 383
2 300 426
2 369 4
2 369 384
2 369 1
2 369 540
2 369 535
2 369 3
2 369 383
2 254 384
2 254 383
2 256 384
2 256 383
3 213 226
3 472 491
3 153 160
3 181 182
3 130 131
3 101 99
3 23 29
3 161 162
3 55 60
3 236 239
3 446 455
3 165 169
3 187 205
3 52 54
3 464 466
3 308 327
3 100 99
3 103 111
3 17 22
3 69 92
3 543 544
3 183 186
3 121 129
3 531 533
3 419 421
3 359 361
3 10 16
3 7 9
3 178 180
3 251 253
3 364 51
3 272 36
3 272 37
3 534 2
3 366 51
3 151 152
3 372 380
3 404 410
3 283 284
3 304 305
3 240 241
3 371 102
3 339 345
3 435 442
3 385 392
3 468 469
3 134 135
3 504 510
3 395 401
3 365 51
3 370 102
3 30 33
3 39 41
3 346 350
3 511 515
3 146 149
3 536 539
3 268 271
3 362 363
3 254 336
3 429 432
3 256 258
4 180 52
4 291 17
4 51 69
4 380 120
4 51 246
4 345 52
4 51 165
4 307 243
4 182 52
4 471 243
4 51 100
4 54 100
4 152 301
4 33 153
4 152 213
4 305 303
4 442 52
4 392 52
4 102 130
4 51 234
4 150 153
4 469 499
4 539 52
4 510 52
4 152 23
4 152 445
4 305 335
4 401 242
4 9 52
4 99 38
4 92 100
4 363 100
4 51 17
4 16 52
4 244 243
4 241 245
4 336 306
4 336 470
4 469 467
4 131 100
4 169 100
4 51 6
4 111 100
4 410 52
4 5 52
4 241 187
