13 32 105 13 21 105
13 27 19 105 11 105 20 105
13 32 86 79 27 105 11 87 79 27 105 11 87 80 58 80 58 19 105
15 14 93 27 105 41 14 93 27 105 41 80 57 79 27 79 110 80 57 79 27 79 110 35 107 86 79 35 107
44 15 35 29 107 105
106
44 106
11 16 105
13 27 19 105 11 19 51 35 29 107 105
44 106
11 16 108
13 105
11 58 108
13 105
11 57 19 105
108 11 108 41 35 29 107 22 105 20 105
21 21 19 19 19 106
87 105
13 27 105 13 86 105
13 27 105 13 105
13 27 105 11 27 105 11 62 58 35 27 105
13 27 105 13 108 13 107 105
106
21 105
21 105
13 32 86 79 105 13 109 79 105 13 19 109 21 105
13 32 86 79 105 35 107
86 105
13 105
35 107
108
13 35 29 107 22 105 93 105 93 105
13 93 19 105 11 105 105
106
108 13 86 15 14 27 19 108 13 105 41
15 35 29 107 27 105 22 105 105
80 58 35 29 107 105
19 106
27 19 105 11 87 80 57 105
13 105
105
13 32 105 13 108
13 27 19 105
108
13 105
21 105
13 105 11 57 79 105
13 105
13 27 105
13 105
13 105 13 57 105
106
79 57 79 105
13 58 35 29 107 19 105 20 105 105
19 19 79 105
105
11 58 105
11 57 35 29 107 27 105
13 27 105 27 21 105
13 32 105 13 109 13 105 27 105 27 105 27 105 27 105 27 105 27 105 105
13 57 27 105
13 27 105 11 27 105
13 27 105
13 27 105
13 27 105
13 27 105
13 27 105
13 27 105 11 57 2 35 107
19 19 105
13 105
11 62 108
13 86 105
13 27 108 13 86 105
13 86 79 27 19 105 11 58 79 105
13 86 79 105
11 87 107
15 19 105
41 79 105
13 86 79 105
106
11 87 79 58 35 105
13 107 86 79 27 105 11 84 79 105
13 105
11 54 79 105
13 105
13 27 105
11 77 52 79 79 105
13 105
13 27 105
13 27 27 105 209 41 14 105
108
41 35 107 27 105 27 105 22 105 35 29 107 105 105
13 105
11 57 19 105
108
13 105
13 57 108
13 105
35 29 107 27 19 105 105
106
106
13 27 105 11 105 20 105
106
13 86 79 35 107
108 107
105
13 27 19 105 11 57 105
79 107
13 107
15 21 105
13 20 105 41 93 27 105 35 107 27 105 27 105 22 105 35 29 107 105 105
108
13 105
13 57 108
13 105
13 105 11 62 21 105
21 105
13 32 19 105 105
13 27 108 13 86 35 107 86 79 105
21 19 106
19 27 105
13 32 105 13 108
13 27 21 105
13 32 105 13 109 13 19 105
108
13 105
87 35 27 27 36 19 108
13 105
13 77 105 13 32 105 13 72 108 13 108 13 107 20 105
106
93 27 105 80 58 35 107 27 105 27 105 22 105 35 29 107 105 105
79 27 105
13 32 105 13 108
19 79 108
13 77 105 13 32 27 105 11 57 35 27 108 13 107 79 105
13 105
13 79 108
13 105
13 79 108
13 105
13 57 79 108
13 77 105 13 32 57 79 108
13 77 105 13 32 27 105 11 58 57 79 108
79 27 105
13 32 105 13 108
109 35 79 108
13 29 107 27 77 105 27 79 108
13 27 19 105 11 105 79 108
13 20 105
105
19 22 19 105 11 79 105 11 52 35 29 107 105 93 105
13 93 105 11 105 105
106
21 105
21 105
13 32 86 21 105
13 32 86 21 105
13 32 86 21 105
13 32 86 79 105 79 105 105
13 105
21 105
13 108 13 107 105
13 32 27 105
13 32 105 13 108
106
11 62 105
13 27 108 13 86 107
15 19 105
41 35 107 27 105 27 105 22 105 35 29 107 105 105
108
13 105
11 57 19 105
108
13 105
13 57 108
13 105
13 105
44 106
11 16 105
13 27 19 105 11 19 51 35 29 107 105
106
80 58 35 29 107 105
19 93 27 105 79 105 13 109 13 105 13 108 12 108 13 58 27 27 107
15 14 19 41 27 35 107 105 13 105 13 108 105 12 26 198 105 12 196 105 12 108 12 165 108 12 130 98 27 35 91 108 13 107 105 13 108 91 61 27 27 107
41 79 105 13 105 13 100 93 19 105
13 109 13 93 93 109 109 35 29 107 22 105 93 105 87 105
21 21 21 19 19 106
11 105 21 105
13 32 79 105
11 105 79 105 105
13 27 105 13 105 27 105 13 57 105 13 105 11 62 105
13 32 105 105
13 109 13 105 11 105
13 109 13 105 11 56 20 105 11 54 35 107 20 105 105 105
13 32 35 107
105 105
13 32 79 105
108
11 108 13 105 21 105
13 32 86 79 21 108 13 105 35 21 93 107 21 105 79 105 79 105
13 57 105
13 35 79 105
13 107 105 93 105
13 93 19 109 13 57 79 105 11 105 105
13 105
13 86 105
13 27 108 13 86 21 105
21 105
13 19 105 105
13 27 19 105 11 57 106
21 105
13 79 105
20 106
13 32 108
13 105
11 105 105
13 27 108 13 105 27 105 21 105
13 35 107
105 21 105
13 35 107
105 21 105
13 32 86 21 105
13 32 86 21 105
108
13 32 86 79 105 79 105 79 105 79 105 105
13 105
13 105
13 105
13 86 21 105
21 105
13 108
13 105
11 105 21 105
21 21 19 19 106
19 21 105
108
13 105
13 105
13 27 105 11 57 35 29 107 27 27 105 105
19 19 105 11 79 105 11 52 35 29 107 27 105
13 27 105 11 105 27 27 105 105
21 19 106
21 19 19 19 106
19 105 11 79 105 11 52 87 35 29 107 93 19 105 105
21 19 19 106
21 19 19 106
19 98 27 105
79 79 105 79 79 105 79 79 79 79 105 105 12 108 13 105 12 108 13 79 108
79 27 105
13 32 105 13 108
19 19 93 105 79 21 105
13 79 21 105
13 27 105 11 58 27 105 11 57 35 27 108 13 107 79 105
79 109 13 27 79 108
19 79 35 79 107 108
19 21 19 19 93 35 27 107 105 13 105 13 105 105 13 27 105 11 57 35 27 107 105 13 105 13 35 79 108
13 27 105 11 105 79 108
13 105
13 29 107 27 79 108
13 105
13 27 105 13 105 27 105 27 79 108
13 105
13 27 105 13 105 27 105 27 105 27 79 108
13 105
13 27 105 13 105 27 79 108
13 105
13 107 105 13 108 13 105
79 19 105
79 105
13 79 105
79 105
21 19 77 44 106 15 79 105 13 32 108
42 35 79 105 13 32 105
13 107 105 27 27 27 105 79 105 13 32 79 105
41 79 105 13 32 108
41 79 105 13 32 80 58 79 105 13 32 105
13 32 79 105 13 32 21 105
13 105 79 105 13 32 21 105
13 105 41 79 105 13 32 80 58 79 105 13 32 105
13 32 79 105 13 32 21 105
13 105 42 79 105 13 32 108
42 79 105 13 32 19 105
19 79 108
13 77 105 13 32 27 105 11 57 35 27 108 13 107 79 105
79 27 105
13 32 105 13 108
13 27 35 27 107 105 13 105 13 19 105
108
13 105
15 35 79 29 107 27 105 27 105 27 79 105
13 27 105 11 105 79 20 105
13 105
13 79 108
13 105
13 79 108
13 105
13 57 79 108
13 77 105 13 32 57 79 108
13 77 105 13 32 27 105 11 58 57 79 108
79 105
19 20 106
19 93 27 105 79 105 13 109 13 105 13 108 12 108 13 58 27 27 107
21 19 106
19 19 19 105 11 79 105 11 52 87 35 29 107 22 105 22 105 27 105
13 27 105 11 105 27 27 105 105
21 19 106
35 29 107 19 87 22 105 22 105 105 11 79 105 11 52 93 19 105 27 79 79 105 105
21 19 19 106
11 105 21 105
13 32 79 105
11 105 79 105 105
13 27 105 13 105 27 105 13 57 105 13 105 11 62 105
13 32 105 105
13 109 13 105 11 105
13 109 13 105 11 56 20 105 11 54 35 107 20 105 105 105
13 32 35 107
105 21 105
13 32 86 21 105
105
13 32 86 21 105
13 32 86 21 105
13 32 86 21 105
13 32 86 21 105
13 32 86 21 105
13 32 86 21 105
13 32 86 79 105 79 105 79 105 79 105 105
13 105
13 27 108 13 86 105
13 27 105 13 32 86 21 105
21 105
13 19 105 105
13 27 19 105 11 57 106
21 105
13 79 105
21 19 19 106
35 79 32 29 107 105 105 27 79 105 13 27 105 11 105 27 27 105 79 105
79 27 105
13 32 105 13 108
79 27 105
13 32 105 13 108
13 27 79 21 105
13 32 105 13 109 13 19 105
108
13 105
35 79 29 107 79 105
35 107 79 108
13 29 105 22 105 27 79 108
13 105
13 27 19 105 11 105 27 27 105 79 108
13 105
79 27 105
13 32 105 13 108
79 27 105
13 32 105 13 108
79 27 105
13 32 105 13 108
79 27 105
13 32 105 13 108
19 79 105 13 32 77 27 35 108 13 107 105 13 108 79 87 35 79 29 107 22 105 22 105 27 79 105
13 27 19 105 11 105 27 27 105 27 105
13 32 105 79 105
79 19 105
35 79 29 107 27 19 105 79 105
79 105
21 105 13 79 105 79 77 105
21 105 13 79 105 79 77 105
79 27 105
13 32 105 13 108
79 19 105
21 105 13 79 105 79 77 105
21 105 13 79 105 79 77 105
19 79 27 105
13 32 105 13 108
13 27 79 21 105
13 32 105 13 109 13 19 105
108
13 105
35 79 29 107 27 79 105
13 27 19 105 11 105 27 79 105
13 27 105 11 105 79 20 105
79 27 105
13 32 105 13 108
79 27 105 13 32 105 13 57 105 11 19 51 58 105 11 16 19 41
19 19 79 27 105 13 32 105 13 105 13 19 105 13 57 105 11 58 105 11 58 105 11 58 2 16 2 41 105 11 58 105 11 58 2 41 2 41
19 79 27 105
13 32 105 13 108
13 27 79 21 105
13 32 105 13 109 13 19 105
108
13 105
79 105
13 27 19 105 11 51 35 79 29 107 79 105
79 27 105
13 32 105 13 108
79 27 105
13 32 105 13 108
13 27 79 21 105
13 32 105 13 109 13 19 105
108
13 105
35 79 29 107 27 19 105 79 105
79 27 105
13 32 105 13 108
79 27 105
13 32 105 13 108
13 27 79 21 105
13 32 105 13 109 13 19 105
108
13 105
35 79 29 107 79 105
79 27 105
13 32 105 13 108
79 27 105
13 32 105 13 108
79 27 105
13 32 105 13 108
79 27 105
13 32 105 13 108
19 79 105 13 32 77 27 35 108 13 107 105 13 108 79 87 35 79 29 107 22 105 22 105 27 79 105
13 27 19 105 11 105 27 27 105 105
13 32 100 79 105
13 35 107 105 13 108 13 105 209 41 14 79 19 105
79 27 105 13 32 105 2 16 14 105 2 41 14 2 41 14 19 41 2 41
13 27 27 105 13 107 105 13 108 13 27 105
13 107 105 13 108 13 105 209 41 14 19 105 41 14 79 105
13 107 105 13 108 13 79 105
79 27 105
13 32 105 13 108
19 19 27 105 11 57 27 27 105 13 27 27 105 13 35 79 29 107 27 79 105
13 27 105 13 105 27 105 27 105 27 79 105
13 27 105 13 105 27 105 27 79 105
13 27 105 13 105 27 105 27 105 79 105
79 27 105
13 32 105 13 108
19 19 79 27 105
13 32 105 13 108
13 27 79 21 105
13 32 105 13 109 13 19 105
108
13 105
105 79 105
13 27 105 11 51 35 79 29 107 79 105
79 79 105 79 79 105 79 79 79 79 105 105 12 108 13 105 12 108 13 79 108
21 21 19 21 27 27 108 13 21 105
19 20 106
21 21 21 21 21 27 27 108 13 21 105
13 27 105 13 27 105 11 57 27 108
13 105
13 105
13 105 27 35 27 107 105
13 32 105 13 109 13 105 13 27 105 13 105
13 32 105 13 109 13 105 13 27 105 13 105
13 32 105 13 109 13 105 13 27 105 13 105
13 32 105 13 109 13 105 13 27 105 13 105
13 32 105 13 109 13 105 13 105 13 105 27 105 105
13 32 105 13 109 13 105 13 105 13 105 11 58 35 108 13 107 27 105 13 105 13 27 108 13 21 105
13 32 105 13 109 13 105 13 105 13 105 11 58 35 108 13 107 27 105 13 105 13 27 108 13 21 105
13 32 105 13 109 13 105 13 105 13 105 11 58 35 108 13 107 27 105 13 105 13 27 108 13 21 105
13 32 105 13 109 13 105 13 105 13 105 11 58 35 108 13 107 27 105 13 105 13 93 21 105
13 32 105 13 109 13 105 13 105 13 105 11 58 35 108 13 107 27 105 13 105 13 105 11 62 35 107 27 105 13 105 13 27 19 105 13 105 13 105 15 14 35 108 13 107 27 105 13 105 13 42 14 35 108 13 107 27 105 13 105 13 42 14 35 108 13 107 27 105 13 105 13 42 14 35 108 13 107 27 105 13 105 13 42 14 35 108 13 107 27 105 13 105 13 42 35 27 107 27 19 36 19 108
13 105
13 105
13 72 105 105
19 93 27 105 79 105 13 109 13 105 13 108 12 108 13 58 27 27 107
15 14 19 41 27 35 107 105 13 105 13 108 105 12 26 198 105 12 196 105 12 108 12 165 108 12 130 98 27 35 91 108 13 107 105 13 108 91 61 27 27 107
41 35 29 107 22 105 93 105 105
21 19 106
19 19 19 105 11 79 105 11 52 87 35 29 107 22 105 22 105 27 105
13 27 105 11 105 27 27 105 105
21 19 106
35 29 107 19 87 22 105 22 105 105 11 79 105 11 52 93 19 105 27 79 19 105 105
21 19 19 106
11 105 21 105
13 32 79 105
11 105 79 105 105
13 27 105 13 105 27 105 13 57 105 13 105 11 62 105
13 32 105 105
13 109 13 105 11 105
13 109 13 105 11 56 20 105 11 54 35 107 20 105 105 105
13 32 35 107
105 21 105
13 32 86 21 105
105
13 32 86 21 105
13 32 86 21 105
13 32 86 21 105
13 32 86 21 105
13 32 86 21 105
13 32 86 21 105
13 32 86 79 105 79 105 79 105 79 105 105
13 105
13 27 108 13 86 105
13 27 105 13 32 86 21 105
21 105
13 19 105 105
13 27 19 105 11 57 106
21 105
13 79 105
21 19 19 106
79 27 105
13 32 105 13 108
79 27 105
13 32 105 13 108
79 27 105
13 32 105 13 108
13 27 79 21 105
13 32 105 13 109 13 19 105
108
13 105
35 79 29 107 79 105
35 107 79 108
13 29 105 22 105 27 79 108
13 105
13 27 19 105 11 105 27 27 105 79 108
13 105
79 27 105
13 32 105 13 108
79 27 105
13 32 105 13 108
79 27 105
13 32 105 13 108
105 79 27 105 13 32 105 13 35 27 107
35 107 79 27 105 13 32 105 13 35 27 107
19 35 107 35 107 79 27 105 13 32 105 13 35 27 107
108 13 108 13 35 107 35 107 79 27 105 13 32 105 13 35 27 107
105 79 27 105 13 32 105 13 35 27 107
79 27 105
13 32 105 13 108
79 27 105
13 32 105 13 108
19 79 105 13 32 77 27 35 108 13 107 105 13 108 79 87 35 79 29 107 22 105 22 105 27 79 105
13 27 19 105 11 105 27 27 105 27 105
13 32 105 79 105
77 45 106 15 79 105 13 32 19 105
19 79 79 79 79 105 79 79 79 79 105 79 80 57 79 79 27 105 13 79 80 57 79 79 27 105 13 57 57 105 12 105 12 50 62 105 12 108 13 105 12 108 13 79 108
19 79 20 105
79 105
13 27 19 105 11 44 108
35 79 29 107 22 105 79 20 105
16 79 105 13 57 105 11 58 107
79 105
93 30 93 58 27 105 13 32 19 27 105 13 100 31 27 27 108 93 105 105 105
19 27 35 27 107 105 13 105 13 105 13 108 94 58 19 101 105 13 105 13 29 105 13 105 11 58 108
35 107 105 13 105 13 27 105 13 105 13 27 35 27 107 105 13 105 13 108 108
