1 1 2
1 2 3
1 3 4
1 4 5
1 5 6
1 6 7
1 11 12
1 12 13
1 24 25
1 25 26
1 26 27
1 27 28
1 28 29
1 29 30
1 30 31
1 47 48
1 52 53
2 24 31
2 45 19
2 18 66
2 18 57
2 18 56
2 18 52
2 18 51
2 18 67
2 18 53
2 18 68
2 18 65
2 18 66
2 18 52
2 18 51
2 18 51
2 18 52
2 18 61
2 18 62
2 14 19
2 16 19
2 17 19
2 69 66
2 69 66
2 69 53
2 69 56
2 69 52
2 69 60
2 69 46
2 69 57
2 69 64
2 69 48
2 69 49
2 69 51
2 69 58
2 69 65
2 69 63
2 69 51
2 69 59
2 69 67
2 69 52
2 69 59
2 69 60
2 69 51
2 69 62
2 69 50
2 69 52
2 69 47
2 69 54
2 69 46
2 69 68
2 69 55
2 69 61
2 69 58
2 42 43
2 42 44
2 42 36
2 42 37
2 42 33
2 42 41
3 24 25
3 14 19
3 16 22
3 16 19
3 17 19
3 17 20
3 17 21
3 1 7
3 11 13
3 42 40
3 42 35
3 42 38
3 42 39
3 42 34
3 32 35
3 15 23
3 8 9
3 8 10
