1 7 8
1 8 9
1 9 10
1 10 11
1 12 23
1 23 34
1 34 44
1 44 45
1 45 46
1 46 47
1 47 48
1 48 49
1 49 13
1 13 14
1 14 15
1 15 16
1 16 17
1 17 18
1 18 19
1 19 20
1 20 21
1 21 22
1 22 24
1 24 25
1 25 26
1 26 27
1 27 28
1 28 29
1 29 30
1 30 31
1 31 32
1 32 33
1 33 35
1 35 36
1 36 37
1 37 38
1 38 39
1 39 40
1 40 41
1 41 42
1 42 43
1 56 57
1 57 58
1 58 59
1 59 60
1 125 126
1 126 127
1 127 128
1 128 129
2 3 114
2 3 79
2 3 100
2 3 113
2 3 74
2 54 76
2 54 113
2 54 79
2 54 80
2 54 114
2 54 74
2 56 76
2 56 60
2 50 113
2 50 93
2 50 114
2 50 80
2 50 94
2 50 74
2 50 79
2 12 91
2 51 113
2 51 79
2 51 80
2 51 74
2 51 114
2 83 79
2 83 113
2 83 80
2 83 74
2 83 114
2 90 74
2 90 113
2 90 80
2 90 114
2 90 79
2 105 79
2 105 113
2 105 93
2 105 114
2 105 75
2 105 74
2 105 76
2 105 80
2 52 74
2 52 114
2 52 91
2 52 79
2 52 113
2 52 80
2 102 74
2 102 76
2 69 91
2 69 101
2 69 74
2 103 101
2 103 74
2 103 91
2 107 74
2 107 80
2 107 114
2 107 113
2 107 79
2 66 79
2 66 113
2 66 80
2 66 114
2 66 74
2 86 74
2 86 113
2 86 114
2 86 80
2 86 79
2 110 5
2 112 80
2 112 79
2 112 114
2 112 74
2 112 113
2 99 91
2 111 4
2 98 91
2 61 74
2 61 79
2 61 114
2 61 113
2 61 80
2 61 91
2 85 138
2 85 113
2 85 133
2 85 137
2 85 74
2 85 134
2 85 80
2 85 91
2 85 135
2 85 79
2 85 136
2 85 114
2 130 113
2 130 79
2 130 114
2 130 80
2 130 74
2 130 91
2 116 80
2 116 114
2 116 113
2 116 79
2 116 74
2 71 114
2 71 113
2 71 71
2 97 74
2 97 78
2 73 80
2 73 79
2 73 114
2 73 113
2 73 74
2 122 74
2 122 91
2 89 114
2 89 80
2 89 74
2 89 79
2 89 113
2 72 113
2 72 114
2 95 79
2 95 113
2 95 80
2 95 74
2 95 114
2 96 79
2 96 74
2 96 80
2 96 114
2 96 113
2 140 2
2 140 1
2 140 2
2 104 74
2 104 139
2 88 79
2 88 113
2 88 80
2 88 114
2 88 74
2 109 94
2 109 93
2 65 79
2 65 80
2 65 113
2 65 114
2 65 74
2 62 91
2 68 74
2 68 113
2 68 80
2 68 114
2 68 79
2 67 79
2 67 114
2 67 113
2 67 80
2 67 74
2 53 113
2 53 80
2 53 79
2 53 91
2 53 114
2 53 74
2 55 114
2 55 74
2 55 113
2 55 79
2 55 80
2 7 91
2 131 74
2 132 114
2 132 74
2 132 113
2 132 79
2 132 80
2 121 74
2 106 74
2 106 113
2 106 79
2 106 80
2 106 114
2 70 91
3 56 92
3 12 43
3 52 6
3 63 6
3 64 6
3 108 6
3 112 77
3 125 129
3 61 6
3 85 84
3 130 6
3 120 6
3 122 6
3 89 81
3 118 6
3 123 81
3 87 81
3 95 81
3 96 81
3 115 82
3 119 6
3 124 81
3 62 6
3 7 6
3 7 11
3 117 6
4 92 12
4 129 12
4 6 12
