11 57 105 13 108 11 57 93 27 108
11 57 105 13 105 13 18 93 27 108
106 108
13 93 105 57 21 108 13 105 35 107
13 93 105 21 108 13 105 42
108 13 105 13 27 105 11 57 35 27 107 105 13 35 107 105 105
20 52 58 57 27 105 13 57 105 13 27 105 11 57 105
15 27 27 105 13 105
19 108 13 105 41 105
13 105
13 32 33 57 32 105
19 19 106 105
108
13 105
108
13 105
108
13 105
108
13 105
108
108 13 27 105
13 105 13 105 100 108
13 105 13 105 77 58 35 107
86 79 105
107
108
13 27 105
11 57 107
105
13 35 107
23 105 21 105
13 32 107
13 80 57 105
35 107
86 79 105
108
13 80 57 79 108
13 105
13 105
11 107
105
13 107
13 20 105 108
13 105
108
13 105
108
13 105
106 105
19 77 58 79 105
19 19 79 105
19 106
19 106 108
27 27 108 79 108
19 105 13 27 35 107 27 105 13 105 13 105 13 108 27 105 11 57 27 23 105 12 108
13 105
13 57 79 58 15 27 19 36 35 107 105 13 27 105 13 105 13 72 35 107 27 20 108 13 105 27 79 105 105 13 93 105 79 108 13 27 105 11 57 108
13 79 79 105
41 27 105 11 57 27 105 13 32 105 11 57 108
105 11 45 15 79 105
19 19 105 11 45 2 16 79 105
79 105
79 105
19 105
79 105
20 20 58 35 27 107 40 108 12 79 57 35 20 107 8 105 79 109 13 109 13 109 11 57 109 13 32 79 109 13 57 108
19 84 105
79 105
19 79 108
19 35 27 19 107 27 105 79 79 105 13 105
79 79 108
19 79 57 79 27 105 13 32 79 27 105 13 32 32 79 27 105 13 32 32 79 27 105 13 32 8 8 8 79 79 105 13 79 108 13 110 13 57 27 35 107 27 105 13 109 11 105 13 105 13 108 79 19 105
79 58 79 27 105 13 32 105 13 86 79 108 11 57 79 105 13 27 108 13 86 79 18
79 27 105 13 32 105 13 18
19 27 105 13 32 105 13 57 105 11 52 2 16 19 41
35 27 107 27 35 107 105 13 27 105 13 105 13 27 105 13 105 13 105 13 105 27 105 57 35 107 27 108 13 105 58 27 105 108
35 107 105 11 57 105 35 107 93 20 105 105 105 15 14 105 41
35 107 105 15
19 19 19 105 11 57 105 105 13 57 105 13 105 105 35 107 105 57 105 16 14 105 2 41 14 105 41 14 8 105 57 105 2 41 14 105 2 41 14 105 57 105 2 41 14 105 2 41 14 57 105 40 14 105 41 14 8 41 14 8 41 14 41
23 105 8 8 8 8 8 8 110
19 8 8 8 8 8 8 110
35 107 35 107
79 57 79 27 105 13 108 11 57 27 27 105 11 57 79 79 105
79 79 57 79 79 109
79 79 57 79 79 109
79 108
19 108
79 21 105
19 108
13 105 13 19 36 19 29 72 19 29 72 105 13 19 36 19 79 72 19 79 105
13 57 8 35 27 107 22 105 35 107 108 13 105 79 105
11 169 105 12 35 107 105 12 121 24 182 181 50 60 105 11 57 209 209 41 14 27 27 19 36 19 105 13 72 108 13 108 16
35 79 107 105 79 105 13 19 107
79 79 21 105
79 79 21 105
79 109
105
79 108
86 35 79 107 86 79 35 107
19 79 21 108 13 105 35 107 27 105 27 105 27 108 13 105 27 108 12 108 13 105 27 108 13 105 79 105 13 93 105 15
27 35 107 27 105 13 105 13 105 13 108 108
79 105
79 108
79 79 79 109
79 105
105 13 27 105 13 108
19 105 13 27 105 13 32 79 79 105
27 27 108 79 108
79 105 13 105 13 105 13 79 105 13 105 13 105 13 79 79 19 105
19 79 108
79 105
13 105 13 93 105 15
13 105 13 93 105 15
79 108
108
79 108
79 108
79 108
79 108
79 108
108
79 108
79 108
105 11 21 52 79 20 105 79 27 105
79 27 105
15 105 11 21 52 108
13 27 105
11 57 35 27 107 27 105 79 20 105
27 35 107 27 105 13 79 77 105 13 105 13 108 79 77 19 52 27 35 107 27 105 13 79 77 105 13 105 13 108 79 108
79 108 13 105
19 19 19 79 108
11 108 13 105 79 105 13 93 105 209 2 41 14 105 15
11 108 13 105 79 105 13 93 105 209 2 41 14 105 15
11 27 105 27 108 13 105 27 108 13 105 79 105 13 93 105 209 2 41 14 2 8 2 2 41 14 105 15 14 2 8 41 14 2 8 41
11 108 13 105 79 105 13 93 105 209 2 41 14 105 15
13 105 79 105 13 93 105 209 2 41 14 105 15
13 105 79 105 13 93 105 209 2 41 14 105 15
11 107 79 108
105
