1 4 5
1 5 6
1 6 7
1 8 9
1 10 11
1 13 14
1 14 15
1 15 16
1 17 18
1 18 19
1 19 20
1 21 24
1 24 25
1 25 26
1 26 27
1 27 28
1 28 29
1 29 30
1 30 31
1 31 22
1 22 23
1 38 39
1 47 48
1 48 49
1 49 50
1 50 51
1 51 52
2 40 41
2 38 39
2 53 46
2 53 46
2 53 54
2 53 46
2 53 52
2 53 55
2 53 47
2 32 35
2 32 35
2 32 35
2 12 35
2 12 35
2 12 35
2 42 44
3 21 23
3 8 9
3 10 11
3 17 20
3 45 33
3 45 34
3 43 33
3 43 34
3 4 7
3 13 16
4 2 36
4 2 3
4 2 1
4 7 1
4 16 1
4 9 36
4 11 3
4 2 37
4 2 53
4 23 3
