106 108
108 13 35 27 107 79 105
19 106 108
35 107 79 108
13 105
13 29 105 79 108
13 19 105
35 107 79 105
13 29 105 79 19 105
35 107 79 105
13 29 105 79 105
79 105
19 58 35 107 79 108
13 105
13 29 105 79 108
13 105
19 58 52 27 105 13 109 13 108 11 108
13 105
11 80 57 79 105
106
106 107
11 58 35 107 105
13 29 105 105
108
11 87 79 35 107
105
79 35 107
105
79 19 105 79 21 105 108
13 105
11 57 108
19 27 108 79 105
105 13 27 105 11 57 15 27 105 11 58 35 27 107 105 13 105 13 108 13 35 27 107 105
100 58 57 27 105 11 58 35 29 107 105
79 58 79 58 79 58 15 79 57 79 105 79 57 79 105 79 57 79 105 41 14 41
106 108
20 106 19 105
106 35 107 86 79 79 105 79 19 105 105
13 79 105 13 79 105 79 105 13 105 12 105 12 110 35 107
105
79 58 15 79 57 79 105 41 14 41
19 79 77 105
9 80 58 108
93 65 58 15 93 65 57 93 65 105 41 14 41
94 58 108
13 32 105 11 57 105 13 57 105 13 105 11 58 105 11 19 51 105 11 20 51 105 11 20 51 105 11 20 51 105 11 19 51 105 11 19 52 105 11 19 52 27 19 65 33 57 19 36 19 35 79 79 79 107
41 79 79 105 105
11 58 79 79 35 107
105 105
11 58 35 79 107 79 79 105 19 105 79 79 35 107
105 105
11 58 79 79 105 79 79 105 41
20 20 19 19 19 106 105
20 109
19 109
