1 1 2
1 4 5
1 5 6
1 7 8
1 8 9
1 10 11
1 12 13
1 18 19
1 19 20
1 21 22
1 22 23
1 25 26
1 26 27
1 29 30
1 30 31
1 31 32
1 32 33
1 33 34
1 35 36
1 36 37
1 37 38
1 40 41
1 41 42
1 43 44
1 44 45
1 46 47
1 47 48
1 48 49
1 49 50
1 50 51
1 51 52
1 53 54
1 54 55
1 60 61
1 61 62
1 64 65
1 65 66
1 70 71
1 71 72
1 73 74
1 74 75
1 77 78
1 78 79
1 81 82
1 82 83
1 92 103
1 103 106
1 106 107
1 107 108
1 108 109
1 109 110
1 110 111
1 111 112
1 112 93
1 93 94
1 94 95
1 95 96
1 96 97
1 97 98
1 98 99
1 99 100
1 100 101
1 101 102
1 102 104
1 104 105
2 69 89
2 91 113
2 84 114
2 92 113
2 92 100
2 92 115
2 92 99
2 92 100
2 92 105
2 92 115
2 21 85
2 21 85
2 87 88
2 87 88
2 87 88
2 86 88
2 86 88
2 86 88
2 68 90
2 68 90
2 68 90
2 56 90
2 56 90
2 56 90
2 57 90
2 57 90
2 57 90
2 58 90
2 58 90
2 58 90
2 67 90
2 67 90
2 67 90
3 60 62
3 40 42
3 77 79
3 25 27
3 4 6
3 73 75
3 1 2
3 7 9
3 43 45
3 81 83
3 64 66
3 35 38
3 53 55
3 70 72
3 29 34
3 10 11
3 46 52
3 17 28
3 12 13
3 21 23
3 18 20
3 24 28
4 34 76
4 28 29
4 66 76
4 45 76
4 83 76
4 14 3
4 13 80
4 42 76
4 55 76
4 72 76
4 62 76
4 79 76
4 27 76
4 16 39
4 15 63
4 75 76
4 6 76
4 11 76
4 2 76
4 9 76
4 52 59
