106 19 86 35 29 107 105
13 79 19 105
108
106 108
35 29 107 105
13 79 19 105
106 108
35 29 107 105
13 79 19 105
19 86 35 29 107 105
13 79 19 105
35 79 29 107 27 108
13 105 79 105
35 79 29 107 22 105 79 105
79 35 79 29 107 105
79 35 79 29 107 105
79 108
35 79 79 29 107 22 105 79 79 108
13 105
79 79 105
21 19 79 108
13 105
11 58 35 79 29 107 22 105 79 105
79 19 108
19 106 108
35 29 107 105
13 79 19 105
13 105 13 27 105 13 105 13 105 13 105 27 35 105 13 107 108 13 105 105
108
106 19 105
21 105
21 105
13 32 86 79 105 13 35 107
105 35 29 107 105
35 107
105
11 58 105
11 57 35 29 107 105
108
106 108
35 29 107 105
13 79 19 105
106 108
35 29 107 105
13 79 19 105
79 108
13 57 79 108
13 105
13 57 79 108
13 105
13 105
13 57 27 105 13 34 209 65 27 105 11 58 27 105 11 58 27 105 11 58 27 105 11 58 27 105 11 58 27 105 11 58 27 105 11 58 27 105 11 58 27 105 11 57 35 79 29 107 79 105
106 108
35 29 107 105
13 79 19 105
19 19 109 93 57 93 105 13 93 51 93 105 35 107
19 19 109 93 57 93 105 13 93 51 93 105 35 107
19 19 109 93 57 93 105 13 93 51 93 105 35 107
19 19 19 19 20 108
106 108
35 29 107 105
13 79 19 105
108
106 108
35 29 107 105
13 79 19 105
19 19 93 57 93 105 13 93 51 93 105 79 21 105
19 19 93 57 93 105 13 93 51 93 105 35 107
21 21 21 19 108
106 108
35 29 107 105
13 79 19 105
106 108
35 29 107 105
13 79 19 105
19 19 106 35 105
106 108
35 29 107 105
13 79 19 105
108
106 108
35 29 107 105
13 79 19 105
108 13 27 110 9 80 3 57 24 113 27 27 27 27 27 27 9 79 9 113
27 105 13 32 58 19 18 19 105 13 19 109 11 209 59 109 13 32 105 13 58 209 41
27 105 11 57 79 105
27 105 11 57 79 105
11 57 19 84 79 58 79 27 105 13 32 86 79 27 77 213 121 19 8 110 79 105 79 105 79 27 23 19 8 110 79 58 105
27 105 13 32 105 13 57 105 11 57 19 16 19 41
35 107 35 107 109 13 109 13 109 11 57 109 13 32 109 13 32 105 13 20 105 13 109 13 32 105 109 11 57 20 105 41 105 13 105 13 19 105 13 32 19 105 19 105 34 105 27 105 27 27 105 105 13 105 105 105 11 20 51 35 35 107 27 105 13 105 13 105 13 107 40 20 36 105 13 105 105 35 107 18
19 108 13 27 105 79 57 79 57 79 58 79 108
108 13 27 110 20 3 36 9 79 9 9 79 9 113
15 9 79 9 27 113
35 112 9 79 9 110 13 27 110 13 9 79 9 110 13 27 110 13 110 13 9 79 9 27 113
35 112 9 79 9 110 13 27 110 13 110 13 9 79 9 113
13 9 79 9 113
13 113
13 9 79 9 27 113
35 9 9 107 35 9 9 107 110 13 32 110 11 57 27 35 112 27 110 13 110 12 110 13 27 110 13 110 13 9 9 105 9 79 9 27 113
105 105 11 20 3 51 20 3 51 110 112
42 14 9 79 9 105 13 113
112
13 9 79 9 113
42 27 9 105 13 23 57 27 110 11 3 105 13 27 110 13 20 65 113 13 110 12 9 79 9 27 113
105 11 3 121 6 148 35 105 13 20 9 9 3 107 9 79 9 27 113
13 113
9 79 9 113
13 113 13 110 11 9 79 9 113
11 136 9 79 9 35 112 27 110 13 9 3 105 13 110 13 113
9 79 9 27 113
35 35 112 9 79 9 110 13 27 110 13 9 79 9 110 13 110 13 9 9 107 35 9 79 9 9 9 107 9 79 9 35 112 27 110 13 110 13 110 13 110 13 113
110 11 58 110 11 58 112
209 41 105 15 14 41
35 35 107 27 105 13 105 13 105 13 107 35 105 13 107 19 27 105 11 57 105 13 27 105 11 57 19 41 27 105 11 57 19 105 18 19 52 35 107 105 13 27 105 13 105 13 27 105 13 105 13 41 14 27 41
20 27 35 27 108 13 107 35 27 108 13 107 20 20 20 20 19 19 110 27 9 105 11 58 27 9 105 11 58 27 9 105 11 57 93 27 19 36 19 19 105 11 209 108 13 72 19 19 105 11 108 13 72 19 19 105 11 108 13 72 19 20 105 11 108 13 72 19 20 105 11 213 212 108 13 72 108 13 8 18 35 35 107 9 105 13 27 105 13 105 13 107 105 13 105 13 35 35 107 107 105 13 58 105 11 57 19 20 105 209 41 19 20 105 209 35 107 27 105 13 105 13 105 13 41 14 41
