1 1 2
1 2 3
1 3 4
1 4 5
1 6 7
1 7 8
1 8 9
1 9 10
1 10 11
1 11 12
1 15 16
1 16 17
1 17 18
1 18 19
1 19 20
1 20 21
1 22 23
1 23 24
1 24 25
1 25 26
1 26 27
1 27 28
1 31 32
1 32 33
1 41 42
1 42 43
1 44 55
1 55 66
1 66 77
1 77 83
1 83 84
1 84 85
1 85 86
1 86 87
1 87 45
1 45 46
1 46 47
1 47 48
1 48 49
1 49 50
1 50 51
1 51 52
1 52 53
1 53 54
1 54 56
1 56 57
1 57 58
1 58 59
1 59 60
1 60 61
1 61 62
1 62 63
1 63 64
1 64 65
1 65 67
1 67 68
1 68 69
1 69 70
1 70 71
1 71 72
1 72 73
1 73 74
1 74 75
1 75 76
1 76 78
1 78 79
1 79 80
1 80 81
1 81 82
1 88 99
1 99 103
1 103 104
1 104 105
1 105 106
1 106 107
1 107 108
1 108 109
1 109 89
1 89 90
1 90 91
1 91 92
1 92 93
1 93 94
1 94 95
1 95 96
1 96 97
1 97 98
1 98 100
1 100 101
1 101 102
1 116 117
1 118 119
1 122 123
1 130 131
1 131 132
1 133 143
1 143 144
1 144 145
1 145 146
1 146 147
1 147 148
1 148 149
1 149 150
1 150 134
1 134 135
1 135 136
1 136 137
1 137 138
1 138 139
1 139 140
1 140 141
1 141 142
1 156 157
1 157 158
1 160 161
1 161 162
1 162 163
1 163 164
1 164 165
1 165 166
1 166 167
1 170 174
1 174 175
1 175 176
1 176 177
1 177 178
1 178 179
1 179 180
1 180 181
1 181 171
1 171 172
1 172 173
1 182 183
1 183 184
1 184 185
1 185 186
1 186 187
1 187 188
1 188 189
1 189 190
1 191 192
1 192 193
1 193 194
1 194 195
1 195 196
1 196 197
1 198 199
1 199 200
1 200 201
1 201 202
1 202 203
1 203 204
1 204 205
1 205 206
1 207 208
1 208 209
1 209 210
1 210 211
1 211 212
1 212 213
1 213 214
1 215 216
1 216 217
1 217 218
1 218 219
1 220 221
1 222 223
1 223 224
1 224 225
1 225 226
1 226 227
1 227 228
1 228 229
1 239 240
1 240 241
1 241 242
1 242 243
1 243 244
1 244 245
1 246 247
1 247 248
1 248 249
1 253 254
1 254 255
1 255 256
1 257 258
1 258 259
1 259 260
1 260 261
1 261 262
1 263 264
1 264 265
1 265 266
1 266 267
1 267 268
1 268 269
1 270 271
1 271 272
1 272 273
1 273 274
1 274 275
1 275 276
1 276 277
1 278 281
1 281 282
1 282 283
1 283 284
1 284 285
1 285 286
1 286 287
1 287 288
1 288 279
1 279 280
1 289 297
1 297 298
1 298 299
1 299 300
1 300 301
1 301 302
1 302 303
1 303 304
1 304 290
1 290 291
1 291 292
1 292 293
1 293 294
1 294 295
1 295 296
1 305 306
1 306 307
1 307 308
1 308 309
1 309 310
1 310 311
1 311 312
1 313 318
1 318 319
1 319 320
1 320 321
1 321 322
1 322 323
1 323 324
1 324 325
1 325 314
1 314 315
1 315 316
1 316 317
1 326 337
1 337 338
1 338 339
1 339 340
1 340 341
1 341 342
1 342 343
1 343 344
1 344 327
1 327 328
1 328 329
1 329 330
1 330 331
1 331 332
1 332 333
1 333 334
1 334 335
1 335 336
1 361 369
1 369 370
1 370 371
1 371 372
1 372 373
1 373 374
1 374 375
1 375 376
1 376 362
1 362 363
1 363 364
1 364 365
1 365 366
1 366 367
1 367 368
1 379 380
1 380 381
1 382 386
1 386 387
1 387 388
1 388 389
1 389 390
1 390 391
1 391 392
1 392 393
1 393 383
1 383 384
1 384 385
1 394 395
1 395 396
2 246 249
2 246 221
2 246 220
2 246 256
2 133 142
2 133 142
2 44 82
2 44 396
2 44 394
2 44 381
2 44 379
2 44 13
2 44 168
2 239 256
2 239 245
2 110 262
2 88 102
2 88 262
2 114 262
2 232 256
2 232 221
2 232 220
2 230 256
2 230 220
2 230 221
2 231 220
2 231 221
2 231 256
2 222 229
2 222 256
2 215 256
2 215 219
2 38 262
2 112 262
2 120 123
2 113 262
2 347 350
2 359 262
2 377 396
2 377 394
2 378 379
2 378 381
2 35 262
2 34 262
2 349 350
2 234 251
2 234 250
2 234 221
2 234 252
2 234 220
2 234 250
2 234 250
2 234 256
3 246 238
3 44 397
3 6 12
3 239 253
3 114 257
3 230 238
3 130 132
3 231 238
3 156 158
3 222 237
3 215 237
3 182 190
3 112 257
3 37 169
3 160 167
3 1 3
3 152 398
3 15 21
3 116 117
3 120 122
3 305 312
3 113 257
3 191 197
3 270 277
3 36 398
3 155 398
3 22 28
3 361 368
3 326 336
3 118 119
3 198 206
3 263 269
3 345 346
3 289 296
3 151 154
3 382 385
3 39 358
3 207 214
3 359 353
3 359 354
3 359 111
3 359 358
3 359 355
3 359 352
3 359 357
3 359 356
3 359 351
3 126 127
3 170 173
3 360 358
3 278 280
3 313 317
3 233 235
3 41 43
3 31 33
3 234 238
3 234 236
4 124 30
4 111 44
4 368 133
4 111 125
4 206 125
4 33 44
4 385 159
4 124 128
4 43 44
4 358 153
4 119 30
4 117 348
4 124 14
4 368 44
4 368 29
4 398 29
4 33 348
4 33 128
4 336 133
4 296 125
4 398 125
4 43 128
4 33 29
4 111 128
4 40 14
4 5 159
4 3 133
4 111 14
4 312 153
4 124 125
4 368 30
4 354 29
4 43 14
4 357 129
4 368 125
4 398 348
4 398 128
4 43 348
4 277 153
4 336 159
4 355 115
4 398 14
4 119 14
4 33 125
4 356 121
4 368 348
4 296 128
4 296 159
4 398 30
4 43 125
4 119 125
4 346 29
4 124 44
4 111 30
4 124 29
4 33 14
4 197 29
4 119 348
4 127 153
4 269 29
4 368 128
4 124 348
4 206 30
4 111 29
4 214 128
4 33 30
4 353 29
4 368 14
4 43 29
4 296 133
4 43 30
4 398 44
4 119 44
4 336 30
4 111 348
4 397 239
4 119 128
4 119 29
