79 79 27 105 13 57 79 27 105 13 27 105 11 57 35 29 107 27 79 105 27 108
13 105
11 105 105
79 105
15 35 107 29 105 27 79 105 27 19 105 79 105
106
35 107 86 22 105
105
13 21 105
13 32 86 27 105 13 27 105 13 27 105 13 35 107
79 107
79 35 107
86 27 105 13 32 93 105 13 86 27 105 13 32 109 13 93 105 11 84 93 105 11 84 93 35 107
106
35 107 79 108
13 29 105 27 108
13 105
13 105 27 19 105 27 108
13 105
13 105 79 79 108
13 105
35 107 79 108
13 29 105 27 108
13 105
13 105 27 19 105 27 108
13 105
13 105 79 79 108
13 105
19 19 19 106
106
79 105
79 105
13 108 13 35 27 107 79 105
105 11 58 79 105
19 105 11 52 79 105
108
19 19 105 13 27 105 11 58 27 105 11 57 79 108
105 13 27 105 11 57 79 105
79 108
35 107 79 29 105 27 105 79 105
79 105
79 105
13 108 13 35 27 107 79 105
21 19 106
13 105
108
13 105
13 105
13 105 11 57 108
13 105
13 105
108
13 29 27 109
108
93 105
35 107 86 21 105
108
13 105
35 107
86 35 107
13 79 79 79 107
13 79 35 107
112
86 79 105
21 108
13 105 11 58 35 107 105
13 105
11 108
13 105
11 108
13 86 107
107
105
107
105
108
13 105 13 27 105 13 93 105 13 105 13 100 22 108 105
13 105
13 105
13 19 107
27 105
13 32 27 105 13 86 79 105 107
13 108
35 107 108
107
86 86 108
13 105
19 79 57 79 105
13 105
107
13 105
107
13 105
107
13 105
108
13 105
13 105
79 105
106
108
79 105 15
86 79 57 79 105
86 79 57 79 105
86 108
13 29 27 109
35 35 107
107 105 107
13 57 107
106
13 108 13 105 105
79 105
108
19 107
108
35 107 79 29 105 27 79 108
13 105 79 105
35 27 107 79 108
13 108 13 105 79 105
79 108
19 106
13 105 13 105 13 105 13 35 107 19 105 11 54 35 27 107 93 105 11 105 108
13 105 209 41 79 8 110 42
13 108 13 105 105
20 106
79 105
13 27 105 11 58 27 105 13 27 105 27 19 105 105
20 106
19 106
19 105
105
13 105 13 27 105 11 57 35 107 27 105 105
19 20 106
19 105
19 105 105 105
13 105 13 27 105 13 108
13 29 35 107 27 105 13 105 13 105 13 109
21 105
21 105
13 86 21 105
13 32 86 21 105
13 86 79 105 79 105 108 13 86 79 105 79 105 79 79 105 79 35 107 105 79 105 79 105 15
19 105
108
13 105
11 57 108
13 105
13 105
105
13 105 105
79 79 19 79 21 105
79 79 108
19 106
11 57 27 105 27 108
79 79 108
19 79 108
11 57 108 13 105 13 108
11 57 27 105 13 105 11 57 19 79 35 27 107 20 105
19 106
19 27 105 13 105 11 57 79 108
11 57 79 108
79 19 108
27 105 13 105 11 57 79 108
11 57 79 108
79 108
79 108
11 57 35 107 27 105 105
13 105
15 35 107 79 29 105 27 105 27 19 105 79 105
79 108
11 105 27 79 108
13 105
13 105 79 105
13 57 79 108
11 58 79 108
13 105
13 108
11 57 79 108
13 105
11 44 35 27 107 27 19 105 27 79 108
13 105
19 27 105 13 105 11 57 79 108
11 57 79 108
79 19 108
27 105 13 105 11 57 79 108
11 57 79 108
79 108
79 108
11 57 35 107 27 105 79 108
13 105
79 108
13 105 11 58 79 108
13 105 15 35 79 108
13 29 107 27 19 105 27 79 105
13 32 105
13 105 79 108
13 105
19 79 108
13 105 11 58 79 108
13 105 15 79 105
13 32 105
11 52 35 79 108
13 29 107 27 79 105
13 32 105
13 105 27 105 79 108
13 105
19 79 108
13 105 11 58 79 108
13 79 108
13 105 11 58 2 105 15 19 41 35 79 108
13 29 107 27 79 105
13 32 105
13 105 27 105 79 108
13 105
108
13 105 13 27 109
108
13 105 13 35 107 27 105 13 105 11 105 13 105 13 109
105 79 19 108
13 105 79 108
13 105 79 19 108
108
13 105 13 27 109
108
13 105 13 35 107 27 105 13 105 11 105 13 105 13 109
79 108
11 62 79 108
11 105 79 19 108
105 79 19 108
19 79 108
19 79 108
79 19 105
105 11 57 79 105 11 105 11 108
19 106 44 15 79 105
35 107 27 105 27 139 213 105 27 105 105
84 35 107 77 58 27 105 105
84 35 107 77 58 27 105 105
84 35 107 77 58 27 105 105
106 35 107
86 19 84 108
13 105 13 27 109
105
13 27 105 13 32 86 27 107
105
13 27 105 13 32 86 79 79 20 105 15
19 19 87 106 105
105
107
19 86 79 79 105 108
20 105 11 62 35 107 105 13 105 105 13 18 35 107 41
19 77 52 77 52 79 57 79 105 11 57 79 105 19 84 15 14 108
19 77 52 79 57 79 105 19 84 15 14 108
13 29 107 22 105 22 105 27 105 27 105 19 22 108
13 105
13 21 105
13 105 77 216 84 79 91 105 31 41 14 31 40 14 41
30 19 35 107 27 105 79 105
35 107
109
13 27 108
35 107
19 109
35 79 108
13 29 107 27 79 105
13 32 105
11 105 27 79 105
13 32 105
13 105 79 108
13 105
79 105
13 32 105
13 108
11 57 35 107 79 108
13 29 105 27 79 105
13 32 105
13 105 79 108
13 105
35 79 79 108
13 105 79 79 108
13 27 105
13 29 107 27 79 79 108
13 105
13 105 27 79 79 108
13 105
13 105 27 79 79 108
13 105
13 105 27 79 79 108
13 105
35 107 79 105
13 105
13 105
79 108
13 29 105 27 79 105
13 32 105
13 105 79 108
13 105
13 32 105
11 57 79 105
13 32 105
13 27 105 11 57 27 108
13 105
11 105 108
13 105
11 57 108
79 105
13 32 105
13 108
11 57 35 107 79 108
13 29 105 27 79 105
13 32 105
13 105 79 108
13 105
79 79 108
13 105 27 79 79 108
13 105
13 105 79 79 108
13 27 105
11 58 79 79 19 108
35 79 79 108
13 29 107 27 79 79 108
13 105
13 105 27 79 79 108
13 105
13 105 27 79 79 108
13 105
79 105
11 105 108
13 105
11 57 108
13 105
13 105
79 108
13 29 105 27 79 105
13 32 105
13 105 79 108
13 105
13 32 105
13 108
11 57 15 35 107 79 105
13 32 105
11 57 79 105
13 32 105
13 27 105 11 57 27 108
13 105
79 105
13 105 79 105
79 105
21 21 106
106
13 32 105 11 62 105 13 32 19 105 18 35 107 35 107 105 41
35 27 107 27 19 105 27 105 27 105 105
35 27 108 13 107 105
35 107 29 105 27 105 105
35 107 29 105 27 105 27 105 105
35 107 29 105 105
13 105 105
13 105 105
35 107 29 105 27 105 57 27 19 105 105
79 105
79 105
79 108
13 29 35 107 27 105 13 79 108
13 105
11 105 13 105 13 109
15 79 108
13 35 27 79 108
13 105
13 108 13 107 105
13 57 79 108
13 21 105
11 58 79 108
13 105
13 108
11 57 79 108
13 105
11 44 108
35 107 35 107
35 107 35 107
13 108 13 105 35 107
105 35 107
105 105 35 107 35 107
79 79 108
13 105
13 105 27 19 105 79 79 108
13 105
13 105
13 105
13 108
11 57 79 79 108
11 57 35 107 79 79 19 108
79 20 105 79 79 108
13 29 105 27 79 79 108
13 105
13 108 13 105 35 107
105 35 107
105 105 35 107 35 107
13 19 105
35 107 35 27 27 107 105 27 105 27 105 108 13 105 105
