1 1 2
1 2 3
1 3 4
1 4 5
1 5 6
1 6 7
1 11 12
1 12 13
1 24 25
1 25 26
1 26 27
1 27 28
1 28 29
1 29 30
1 30 31
1 45 46
1 46 47
1 47 48
1 48 49
1 49 50
1 50 51
1 51 52
1 52 53
1 59 60
1 74 75
2 56 19
2 24 31
2 17 77
2 17 81
2 17 80
2 17 81
2 17 81
2 17 75
2 17 74
2 17 66
2 17 74
2 17 79
2 17 64
2 17 71
2 17 72
2 17 76
2 17 79
2 17 74
2 22 19
2 15 19
2 16 19
2 67 81
2 67 79
2 67 70
2 67 74
2 67 61
2 67 59
2 67 70
2 67 73
2 67 69
2 67 66
2 67 76
2 67 64
2 67 75
2 67 77
2 67 60
2 67 57
2 67 58
2 67 62
2 67 81
2 67 80
2 67 78
2 67 57
2 67 68
2 67 71
2 67 63
2 67 81
2 67 74
2 67 79
2 67 72
2 67 74
2 67 69
2 67 68
2 8 9
2 82 57
2 82 77
2 82 81
2 82 69
2 82 74
2 82 62
2 82 59
2 82 68
2 82 76
2 82 63
2 82 72
2 82 69
2 82 68
2 82 64
2 82 79
2 82 71
2 82 75
2 82 80
2 82 79
2 82 70
2 82 73
2 82 70
2 82 61
2 82 74
2 82 66
2 82 58
2 82 81
2 82 74
2 82 81
2 82 60
2 82 78
2 82 57
2 44 37
2 44 54
2 44 54
2 44 42
2 44 54
2 44 55
2 44 32
2 44 37
2 44 36
2 45 53
2 45 36
2 45 42
2 45 53
2 65 69
2 65 77
2 65 60
2 65 81
2 65 66
2 65 79
2 65 68
2 65 64
2 65 57
2 65 70
2 65 58
2 65 71
2 65 63
2 65 78
2 65 57
2 65 81
2 65 69
2 65 75
2 65 81
2 65 61
2 65 59
2 65 74
2 65 74
2 65 76
2 65 62
2 65 80
2 65 79
2 65 70
2 65 74
2 65 72
2 65 68
2 65 73
2 43 42
2 43 55
2 43 37
2 43 33
2 43 54
2 43 38
3 24 25
3 22 19
3 15 20
3 15 19
3 1 7
3 16 19
3 16 18
3 16 21
3 11 13
3 14 23
3 8 9
3 8 10
3 44 35
3 43 41
3 43 35
3 43 39
3 43 40
3 43 34
