1 15 16
1 16 17
1 17 18
1 19 27
1 27 28
1 28 29
1 29 30
1 30 31
1 31 32
1 32 33
1 33 34
1 34 20
1 20 21
1 21 22
1 22 23
1 23 24
1 24 25
1 25 26
1 36 37
1 37 38
1 38 39
1 39 40
1 40 41
1 51 52
1 57 60
1 60 61
1 61 62
1 62 63
1 63 64
1 64 65
1 65 66
1 66 67
1 67 58
1 58 59
1 73 74
1 74 75
1 75 76
1 76 77
1 81 82
1 87 88
1 89 99
1 99 100
1 100 101
1 101 102
1 102 103
1 103 104
1 104 105
1 105 106
1 106 90
1 90 91
1 91 92
1 92 93
1 93 94
1 94 95
1 95 96
1 96 97
1 97 98
1 107 118
1 118 123
1 123 124
1 124 125
1 125 126
1 126 127
1 127 128
1 128 129
1 129 108
1 108 109
1 109 110
1 110 111
1 111 112
1 112 113
1 113 114
1 114 115
1 115 116
1 116 117
1 117 119
1 119 120
1 120 121
1 121 122
1 132 133
1 141 142
1 142 143
1 143 144
1 145 146
1 146 147
1 147 148
2 19 5
2 19 2
2 19 1
2 19 36
2 19 8
2 19 1
2 19 9
2 19 42
2 19 3
2 19 41
2 19 40
2 19 2
2 19 46
2 130 1
2 130 40
2 130 2
2 130 9
2 130 42
2 130 2
2 130 41
2 130 3
2 130 1
2 130 8
2 130 4
2 130 36
2 130 7
2 130 5
2 130 6
2 80 82
2 47 151
2 47 8
2 47 40
2 47 84
3 19 46
3 19 26
3 87 88
3 80 81
3 149 140
3 149 141
3 83 68
3 45 44
3 43 44
3 57 70
3 57 59
3 155 139
3 155 140
3 89 98
3 11 10
3 72 13
3 72 12
3 54 49
3 55 50
3 53 50
3 51 52
3 132 133
3 15 18
3 145 139
3 145 140
3 145 148
3 79 69
3 152 137
3 86 85
3 107 122
3 71 70
3 135 35
3 135 136
3 153 140
3 153 141
3 78 69
3 134 131
3 56 50
3 56 48
3 156 150
3 154 138
3 73 77
4 14 19
5 26 15
5 144 145
