57 105 11 58 19 58 105 105 16 14 108
57 105 11 58 2 58 105 16 14 108
105 11 57 105 11 58 35 107 40 15
23 50 61 35 27 107 40 61 35 27 107 40 61 35 27 107 40 35 27 107 105 11 57 35 27 107 105 11 57 105 35 8 2 2 5 2 112
13 105 11 57 105 11 58 35 35 27 107 105 13 105 13 107 40 14 31 40 78 108
79 105 35 35 35 79 19 107 93 107 107 86 31 15 109 13 32 108
105 11 58 35 35 27 107 105 13 105 13 107 40 209 41
13 19 105 11 213 19 52 19 53 105 13 105
27 108 13 35 107 105 13 32 77 105 77 105 18
13 35 107
79 79 108
35 27 107 27 105 19 105
40 35 27 107
12 105 57 105
93 105
11 51 93 105
11 52 35 107
108
19 19 106 105
13 105 27 108
11 105 27 19 105 27 107
13 27 108
13 105 27 108
11 57 27 108
11 57 58 35 27 107 105 93 105
11 105
13 27 105 11 57 108
105
13 108
108
13 107
13 105
11 63 44 15 105
13 35 107 27 108
11 105
19 19 79 105 13 32 86 79 77 105 79 77 201 105 79 27 105 79 105 79 105 79 105 108
13 57 105 13 57 105 13 19 105 13 79 27 93 27 19 36 19 108
13 72 19 79 72 19 93 72 19 91 108 13 72 19 105 13 105 13 77 108 13 72 19 27 72 19 79 72 108 13 105 79 27 27 105 79 57 79 109 13 109 13 109 11 58 79 57 79 27 35 79 105
12 108 13 107 105 13 105 79 105
13 79 79 32 79 32 105 79 105 13 105
105 79 105 79 18 109 13 32 79 109 13 32 109 13 32 105 41 14 41
23 19 107 86 105 11 84 105 11 121 85 105 13 57 35 107 86 105 13 109 13 109 13 109 11 58 105 13 79 57 79 27 109 13 32 57 27 105 11 57 35 107 35 107 20 36 78 50 61 8 105 11 19 52 105 105 105 13 86 105 15 109 13 32 79 109 13 32 27 109 13 32 108 13 109 41 19 105 121 180 57 78 109
106 105
12 105 57 27 109 11 58 27 109 11 57 79 108
19 105
105 13 35 107 94 58 58 35 107 40 22 105
106
84 86 86 105 13 35 107 19 108 13 105 11 19 108 13 105 11 19 108 13 105 11 8 2 110
86 35 27 107 27 105 79 57 79 105 13 57 79 105 13 105
79 105
80 57 27 35 27 107 105 13 27 105 13 105 13 27 105 13 105 13 27 105 13 105 13 108 35 27 107 105 13 27 105 13 105 13 27 105 13 105 13 27 105 13 105 13 105
79 105
80 57 27 27 108 27 105
20 19 19 106 105
106 27 105
79 35 27 107 105 13 105 13 105
19 19 79 80 57 27 35 27 107 105 13 105 13 108 79 80 57 79 79 79 79 105 13 27 35 27 107 105 13 105 13 108 79 80 57 79 80 57 79 108
79 27 105
11 79 80 57 27 35 27 107 105 13 105 13 108 79 79 27 105 11 58 79 79 105 11 57 2 79 80 57 27 35 27 107 79 79 105 13 105 13 108 79 80 57 27 35 27 107 105 13 105 13 108 58 79 79 57 79 79 34 62 79 79 34 2 2 53 58 79 79 57 79 79 34 62 79 79 34 2 53 79 80 57 27 35 27 107 105 13 105 13 108 79 80 57 27 35 27 107 79 80 105 13 105 13 108 57 58 79 80 58 79 80 57 79 80 57 27 27 108 35 27 79 79 108 13 107 79 105
11 57 79 80 57 27 27 108 79 105
79 79 105 11 62 16 79 80 57 79 80 57 79 108
13 57 79 108
13 105 13 105 11 57 79 80 57 27 27 108 79 19 87 19 105 13 108 11 59 19 55 79 80 57 27 35 27 107 105 13 105 13 108 19 53 79 79 105
13 105
79 27 105
79 80 57 27 35 27 107 79 80 105 13 105 13 108 79 80 57 79 80 57 79 79 105 11 58 79 80 57 27 27 108 79 87 79 27 105
79 80 57 79 80 58 79 87 79 105
27 27 108 27 105 13 32 35 29 107 19 19 108
13 35 27 107 105 13 27 105 13 105 13 105 13 80 57 27 35 27 107 105 13 105 13 108 35 27 108 13 107 105
13 35 27 107 105 13 27 105 13 105 13 105 13 80 57 27 35 27 107 105 13 105 13 108 35 27 108 13 107 22 105 105
79 79 105
19 27 79 108
19 79 80 57 27 35 27 107 105 13 105 13 108 58 27 27 108 79 87 79 20 105
79 105
15 52 27 27 108 79 20 105
79 105
41 19 52 27 27 108 35 27 107 79 108 13 105
79 80 57 27 35 27 107 105 13 105 13 108 79 79 79 105 13 32 105
79 79 79 105
113
80 57 27 27 108 57 57 105 11 58 80 57 27 27 108 15 27 105 13 32 86 105 13 35 27 107 35 108 13 107 27 105 13 105 13 105 19 19 108
13 91 19 36 19 27 72 105 13 35 108 13 107 27 105 13 105 13 105 13 35 107 19 105 13 19 105 13 19 105 13 91 105 13 105 13 105 13 35 107 105 13 105 13 105 13 105 79 19 105 13 105 42 14 27 35 27 107 105 13 105 13 105 13 108 27 27 108 42
27 27 108 105 13 27 105 11 57 27 27 108 108
27 105 13 32 105 13 58 19 16 19 41
13 108
79 105
35 107
105
19 79 108
13 27 78 108 13 105
79 105 13 109 13 109 11 58 79 108
13 105
79 108
13 80 57 79 80 57 27 27 108 19 87 79 105
79 108
13 27 105
13 57 105 11 62 79 80 57 27 27 108 79 80 57 27 35 27 107 105 13 105 13 108 35 27 107 27 79 105 27 105 27 105 13 34 2 53 79 108
13 108 13 105
11 58 79 80 57 27 27 108 15 79 80 57 27 27 108 80 57 79 80 57 27 27 108 41 77 62 77 209 84 79 80 57 27 35 27 107 77 105 13 105 13 108 23 108 41 14 79 80 57 27 35 27 107 105 13 105 13 105 13 108 79 80 57 27 27 108 41 14 27 27 108
79 80 57 27 27 108 41 19 79 77 2 79 79 105 11 53 57 79 80 57 27 35 27 107 79 105 13 105 13 108 79 108
13 108
11 58 79 80 57 27 27 108 20 84 19 84 42 79 79 105 13 32 80 57 79 209 84 8 209 2 8 41 79 79 105 13 32 41 79 108
13 27 105
79 108
13 27 79 105
79 108
79 108
13 108
13 19 79 108
13 108
13 105
91 20 53 79 108
13 105
15 79 108
13 108
11 57 27 27 108 79 108
13 105
13 79 108
13 79 108
13 105
79 108
13 105
13 79 105
79 108
13 79 108
13 79 105
79 108
13 108
11 57 79 108
106
79 105 11 58 15 35 27 107 79 105 13 105 13 77 19 52 35 27 107 79 105 13 105 13 77 19 52 35 27 107 79 105 13 105 13 35 27 108 13 107 105
35 107
108
79 108
79 108
35 29 107 27 79 105 27 79 105 27 105 27 105 27 105 27 80 105 20 105
13 105 19 105
35 107 27 105 19 105
35 107 27 105 27 105 23 50 62 27 105 19 105
35 107 27 105 19 105
19 35 107 27 107
13 80 57 58 27 107
13 57 105
13 79 79 20 105 13 57 77 20 54 16 79 34 2 2 53 57 27 79 105 27 27 105 27 79 105 79 57 79 34 62 27 79 105 20 105
19 20 52 87 19 57 27 105 13 8 19 52 27 105 13 27 105 13 27 105 13 27 23 105 12 57 57 105
2 57 105
105
15 27 8 41 8 41 106
106 91 105
13 105 19 105
13 108 13 107 27 105 13 105 13 107 105 13 32 77 105 77 201 105 27 105 105 105 105 27 27 105 35 79 109 11 107 79 109 13 109 11 58 27 108 13 105 11 62 105 13 35 35 27 107 107 105 105 105 105 105 13 105 11 108
79 79 105
79 108
79 79 105
79 108
79 79 105
