13 32 19 27 105 13 86 79 105 15
11 57 21 22 108
106 107
106 107
13 21 105 79 57 79 105 19 86 15
19 79 27 105 11 57 79 79 108
105 13 27 105 13 35 107
108
105 13 27 105 13 35 107
13 58 27 27 108 93 18 35 107 105 13 32 35 107 105 13 105 13 108 27 27 105 20 105 105 105 13 35 107 107
13 105 13 22 105 13 35 107 105 11 79 22 108
13 105 13 79 19 22 108
13 105 13 79 108
13 105 13 79 22 108
13 79 105 13 105 15 107
79 79 79 19 19 19 109
93 35 107 27 105 13 105 13 105 13 108
106
79 105
106
13 41 35 105 13 107 105 13 32 19 105 27 105 27 105 13 57 27 105 13 19 65 41 14 41 44
