13 57 27 105 11 58 27 105 13 32 57 57 105 13 20 35 107 19 19 19 8 110
19 105 13 35 27 107 105
13 79 19 105
35 29 107 27 105 27 105 13 108 13 35 105 13 29 107 105 13 105 105
19 19 19 19 19 106 21 105
20 19 106 105
19 19 91 52 79 108
94 57 35 79 79 108
13 29 107 22 105 79 79 108
13 105
11 57 209 41 105 2 41
19 107 100 93 105 13 100 93 20 105 13 100 93 105 13 27 19 36 19 29 72 19 29 72 105 13 100 35 19 107
93 105 13 109 11 57 109 13 32 105 41 15
105 13 58 105 11 57 105 15 34 58 105 41 108
105 13 34 19 54 65 105 11 57 105 209 41 108
105 13 20 105 13 109 13 109 11 57 109 13 32 27 35 107 27 105 13 79 105 13 105 13 108 79 105 11 57 19 16 19 41
108
19 106 21 105
35 29 107 27 105 27 105 13 108 13 35 105 13 29 107 105 13 105 105
35 107 27 27 105 27 35 107 27 105 13 79 105 13 105 13 105 21 105 79 105
93 105
93 105
105 13 35 107 20 105 13 109 13 109 11 57 109 13 32 77 215 58 79 105 13 105 11 58 79 108
79 108
79 79 105
