1 1 2
1 2 3
1 3 4
1 4 5
1 5 6
1 6 7
1 21 22
1 22 23
1 23 24
1 24 25
1 25 26
1 26 27
1 27 28
1 38 39
1 50 51
2 21 28
2 37 18
2 15 52
2 15 54
2 15 50
2 15 45
2 15 53
2 15 55
2 15 49
2 15 50
2 15 55
2 15 50
2 15 51
2 15 47
2 15 43
2 15 57
2 15 49
2 15 49
2 20 18
2 13 18
2 14 18
2 61 48
2 61 59
2 61 51
2 61 55
2 61 38
2 61 53
2 61 42
2 61 46
2 61 58
2 61 41
2 61 49
2 61 55
2 61 47
2 61 58
2 61 43
2 61 60
2 61 50
2 61 44
2 61 50
2 61 49
2 61 56
2 61 60
2 61 40
2 61 49
2 61 52
2 61 54
2 61 42
2 61 50
2 61 45
2 61 39
2 61 59
2 61 57
2 33 31
3 21 22
3 20 18
3 13 19
3 13 18
3 14 18
3 14 17
3 14 16
3 1 7
3 33 35
3 33 29
3 33 36
3 33 34
3 33 30
3 8 10
3 8 9
3 12 11
3 32 29
