1 18 19
1 28 29
1 29 30
1 30 31
1 34 35
1 35 36
1 39 40
1 48 49
1 49 50
1 52 63
1 63 74
1 74 78
1 78 79
1 79 80
1 80 81
1 81 82
1 82 83
1 83 53
1 53 54
1 54 55
1 55 56
1 56 57
1 57 58
1 58 59
1 59 60
1 60 61
1 61 62
1 62 64
1 64 65
1 65 66
1 66 67
1 67 68
1 68 69
1 69 70
1 70 71
1 71 72
1 72 73
1 73 75
1 75 76
1 76 77
3 33 4
3 37 4
3 41 4
3 2 4
3 44 4
3 43 4
3 20 4
3 46 4
3 17 4
3 52 77
3 21 11
3 21 10
3 21 5
3 21 8
3 21 6
3 21 9
3 21 3
3 21 7
3 42 11
3 42 10
3 42 5
3 42 8
3 42 6
3 42 9
3 42 3
3 42 7
3 28 31
3 34 36
3 18 19
3 39 40
3 89 90
3 86 87
3 48 50
4 19 22
4 87 16
4 40 44
4 4 1
4 90 84
4 23 38
4 40 2
4 12 37
4 77 32
4 27 37
4 31 24
4 25 37
4 40 43
4 14 24
4 47 37
4 13 24
4 12 33
4 85 15
4 26 37
4 50 24
4 40 46
4 47 33
4 88 45
4 40 17
5 77 51
