35 107
106 35 107
35 79 29 107 79 19 105
35 79 105 13 29 107 79 79 19 105
35 79 29 107 22 105 79 19 105
35 79 29 107 79 19 105
35 79 29 107 79 19 105
35 79 29 107 79 19 105
35 79 29 107 79 19 105
35 79 29 107 79 19 105
35 79 29 107 79 19 105
19 79 79 79 80 57 35 79 79 29 107 27 79 77 105 79 19 105
79 79 79 57 35 79 79 29 107 27 79 79 79 105 27 79 79 79 105 79 105
79 79 79 57 35 79 79 29 107 27 79 79 79 105 27 79 79 79 105 79 105
106
106
106 35 107
19 79 105
13 32 105 13 108 13 105 35 79 29 107 27 79 79 79 79 80 57 19 137 105 22 105 79 105
106 35 107
79 105
19 106
79 79 57 35 79 79 29 107 27 79 79 79 105 79 105
19 106
79 79 57 35 79 79 29 107 27 79 79 79 105 79 19 105
79 79 57 35 79 79 29 107 27 35 107 79 79 79 105 13 27 105 13 79 79 79 105 13 105 13 105 79 19 105
79 79 57 35 79 79 29 107 27 79 79 79 105 79 19 105
19 51 58 15 19 52 27 105 13 105 13 79 105
41 19 52 27 105 13 105 13 79 105
41 19 52 27 105 13 105 13 79 79 105
13 57 35 79 29 107 27 79 105 105
106
106
79 105
13 27 79 79 109 13 32 79 105 79 79 105
13 105
106 35 107
106
79 105
13 32 105 13 19 108 13 105 44 15 35 79 29 107 79 105
106 35 107
79 105
106 35 107
106 35 107
106
106 35 107
79 19 87 19 79 79 79 80 57 35 79 79 29 107 27 79 77 105 79 19 105
79 19 87 79 108
13 57 35 79 79 29 107 27 79 108
13 79 105 79 105
19 52 105
19 21 19 19 105 11 21 52 105
13 105 13 27 105 13 105 13 108 13 105 79 84 79 79 79 79 79 79 77 105
13 105 13 32 86 105
2 42 105 11 21 52 105
13 35 107 105
13 105 13 27 105 13 105 13 108 13 105 79 84 79 79 79 79 79 79 77 105
13 105 13 32 86 105
2 42 105 11 21 52 105
13 35 107 105
13 105 13 27 105 13 105 13 108 13 105 79 19 84 79 79 79 79 79 79 77 105
13 105 13 32 86 105
13 21 108 13 105 79 79 80 57 79 27 27 105
2 42 105 11 21 52 105
13 35 107 105
13 105 13 27 105 13 105 13 108 13 105 79 19 84 79 79 79 79 79 79 77 105
13 105 13 32 86 105
2 42 105 11 21 52 105
13 35 107 105
13 105 13 27 105 13 105 13 108 13 105 79 19 84 79 79 79 79 79 79 77 105
13 105 13 32 86 105
2 42 105 11 21 52 105
13 35 107 105
2 16 79 27 27 105
13 105 13 27 105 13 105 13 108 13 105 79 19 84 79 79 79 79 79 79 77 105
13 105 13 32 86 105
2 42 105 11 21 52 79 57 35 79 29 107 27 79 79 105 105
41 105 11 21 52 105
13 21 108 13 105 79 57 79 105
2 41 105 11 21 52 105
13 21 108 13 105 79 87 79 27 27 105
2 41 105 11 21 52 105
13 35 107 105
106
35 79 29 107 27 79 105 79 105
105
35 79 29 107 27 79 105 79 105
35 79 29 107 27 79 105 79 105
105
35 79 29 107 27 79 105 79 105
