1 15 16
1 17 26
1 26 27
1 27 28
1 28 29
1 29 30
1 30 31
1 31 32
1 32 33
1 33 18
1 18 19
1 19 20
1 20 21
1 21 22
1 22 23
1 23 24
1 24 25
1 42 43
1 43 44
1 44 45
1 56 57
1 57 58
1 65 66
1 71 72
1 72 73
1 73 74
1 74 75
1 85 86
1 86 87
1 92 93
1 93 94
1 94 95
1 95 96
1 96 97
1 97 98
1 99 103
1 103 104
1 104 105
1 105 106
1 106 107
1 107 108
1 108 109
1 109 110
1 110 100
1 100 101
1 101 102
1 114 115
1 115 116
1 116 117
1 117 118
1 119 120
1 120 121
1 121 122
1 122 123
1 123 124
1 124 125
1 125 126
1 129 130
1 130 131
1 131 132
1 132 133
1 135 136
1 136 137
1 137 138
1 138 139
1 139 140
1 140 141
1 141 142
1 147 148
1 150 151
1 158 168
1 168 169
1 169 170
1 170 171
1 171 172
1 172 173
1 173 174
1 174 175
1 175 159
1 159 160
1 160 161
1 161 162
1 162 163
1 163 164
1 164 165
1 165 166
1 166 167
1 178 179
1 179 180
1 181 192
1 192 196
1 196 197
1 197 198
1 198 199
1 199 200
1 200 201
1 201 202
1 202 182
1 182 183
1 183 184
1 184 185
1 185 186
1 186 187
1 187 188
1 188 189
1 189 190
1 190 191
1 191 193
1 193 194
1 194 195
2 155 155
2 36 144
2 36 143
2 178 204
2 154 150
2 154 151
2 113 205
2 158 151
2 158 167
2 158 175
2 158 153
2 158 164
2 158 152
2 158 150
2 145 144
2 181 111
2 181 112
2 52 143
2 52 144
2 89 54
2 15 144
2 15 143
2 203 112
2 203 111
2 51 205
3 178 177
3 178 180
3 147 148
3 35 12
3 181 195
3 52 49
3 52 48
3 52 47
3 71 75
3 68 12
3 92 98
3 114 118
3 119 126
3 17 14
3 17 12
3 17 13
3 17 25
3 65 66
3 64 11
3 129 133
3 135 142
3 70 38
3 134 128
3 42 45
3 85 49
3 85 87
3 99 102
3 157 149
3 156 149
3 15 12
3 15 16
3 56 58
3 84 50
3 84 49
3 69 13
3 69 12
4 45 6
4 81 61
4 91 8
4 146 4
4 25 39
4 82 53
4 45 34
4 90 53
4 80 3
4 16 6
4 5 34
4 87 41
4 77 8
4 45 60
4 83 8
4 9 34
4 45 10
4 16 41
4 5 60
4 62 53
4 59 10
4 5 10
4 40 6
4 59 41
4 206 53
4 9 60
4 63 8
4 40 34
4 55 53
4 88 8
4 127 8
4 25 37
4 59 34
4 66 53
4 67 8
4 59 6
4 78 1
4 9 6
4 40 10
4 16 60
4 79 2
4 40 60
4 5 41
4 76 53
4 9 41
4 176 7
4 16 10
4 47 46
