106 21 105
106 21 105
106 21 105
106 21 105
19 79 52 79 105 11 51 79 105 11 52 27 27 108 35 29 107 105
106 21 105
106 21 105
106 21 105
79 105 11 52 35 29 107 105
19 19 106 21 105
13 32 105 11 61 21 19 108 13 105 15 35 107 27 105 19 105
35 27 107 27 105 105
13 21 19 108 13 105 93 27 108 35 27 107 27 105 105
13 105 13 105 13 108 35 27 107 27 105 105
19 19 79 52 93 27 108 79 105 11 51 79 105 11 57 93 27 108 107
79 105 11 52 35 29 107 105
19 19 105 11 45 15 108
13 57 79 105 93 27 108 107
79 105
12 124 105 79 79 105 11 105 107
107
41 79 57 79 109 11 62 93 27 108 79 105 79 109 13 32 107
42 105
13 21 108 13 105 42 107
42 35 29 107 105
13 105
11 209 214 108
13 105
107
41 107
41 79 105 11 57 93 27 108 107
41 93 27 108 108
13 105
106 21 105
19 52 79 105 11 57 93 27 108 107
106 107
106 21 105
35 107 29 105 19 105
106 21 105
79 105 11 52 35 29 107 105
106 21 105
105 11 45 15 35 29 107 108
13 77 105
19 105
105
106 21 105
35 107 29 105 27 105 105
13 105 13 105 13 108 35 27 107 27 105 105
35 27 107 27 105 105
35 27 107 27 105 105
77 58 21 19 108 13 105 77 209 84 15 106 108
19 19 19 19 107
106 21 105
105 11 58 107
13 29 107 105
19 52 58 105
15 52 19 52 107
41 106
79 105 11 52 35 29 107 105
106 21 105
106 21 105
35 79 29 107 79 105
35 79 29 107 79 105
79 105
79 108
35 79 29 107 79 105
35 79 29 107 79 105
93 27 108 79 108
19 19 93 35 27 107 105 13 105 13 108 44 15 93 27 108 108
77 108
79 79 57 77 105 11 54 77 105 13 32 27 35 27 107 79 58 27 105 13 27 105 13 105
13 105 13 105 13 108 57 79 57 105
13 79 105
13 105 11 57 27 27 108 35 107 27 105 27 105 79 108
13 105
35 79 29 107 79 105
35 79 29 107 79 105
79 35 79 29 107 105
79 35 79 29 107 105
79 35 79 29 107 105
79 35 79 29 107 105
35 79 29 107 79 105
35 79 29 107 79 105
19 93 35 27 107 105 13 105 13 108 44 15 108
93 27 108 79 108
79 108
35 79 29 107 79 105
35 79 29 107 79 105
79 108
35 79 29 107 79 105
35 79 29 107 79 105
108
13 19 105
35 107 79 108
13 108
13 29 105 79 108
13 108
13 105
108
11 105 13 32 27 105 79 108
13 108
13 105
13 79 105
11 105
35 107 79 108
13 108
13 29 105 79 108
13 108
13 108
13 79 105
86 35 107 27 105 79 105
13 105 13 108 12 105 13 105 13 105 13 105 13 22 105 57 105 57 19 36 23 71 23 71 105 105 13 84 79 21 105 15 2 41
105 13 27 105 11 57 27 19 105 11 44 15 27 27 108 79 108
108
13 19 105
79 108
13 35 79 108
13 29 107 105
79 105
11 108
13 105
27 35 27 107 105 13 27 105 13 105 13 108 79 108
13 108
13 35 79 108
13 108
13 29 107 105
35 79 29 107 79 105
35 27 107 27 105 79 105
108
13 19 105
79 108
13 35 79 108
13 29 107 105
79 105
79 105
11 108
13 105
27 35 27 107 105 13 27 105 13 105 13 108 79 108
13 108
13 35 79 108
13 108
13 29 107 105
86 86 91 108 11 84 35 91 77 2 112 86 35 107 86 15
19 19 79 105 77 36 101 94 58 15 79 77 105 11 19 51 19 51 57 23 2 34 53 126 123 199 26 108 12 198 25 198 35 107 84 130 84 79 105 27 35 27 107 105 13 105 13 108 79 30 79 23 105 31 41 14 31 40 69 69 171 121 180 209 41 14 105 41
106 77 44 15 27 27 108 79 79 108
35 79 29 107 79 105
105
106
79 105 11 57 35 107 27 105 27 105 105
79 105 79 105
13 105 79 105 79 105 15 14 105 41
13 22 108 13 86 79 19 105 79 105 27 27 108 41
79 57 79 105 11 57 79 105 27 27 108 19 86 15 27 27 108 41 27 27 108 41
79 57 79 19 105 35 27 107 105
79 105 79 105 79 105
108
19 2 34 53 123 25 199 26 198 79 130 108
19 27 105 13 105 11 57 27 105 13 32 57 108
13 105
79 108
13 57 27 27 108 79 108
13 19 105 41 27 105 13 105 11 57 27 105 11 79 108
13 105 11 57 58 79 108
13 105 79 108
13 57 27 27 108 79 108
13 105 42 79 108
13 105 41 27 105 13 105 11 58 27 105 13 105 11 57 79 108
13 105
79 108
15 27 105 13 105 11 57 79 108
13 105
13 108
27 35 27 107 79 108
13 109 11 105 13 105 13 108 41 27 105 13 105 11 57 79 108
13 105 27 105 13 32 57 108
27 27 108 35 79 29 107 79 105
35 29 107 79 19 105
106 100 107
105
35 107 100 35 29 107 105
21 19 19 19 106 77 44 15 77 27 35 27 107 105 13 27 105 13 108
11 58 108
42 79 32 105 11 108
13 108 13 105 27 35 27 107 105 13 27 105 13 105 13 108 42 93 108
13 108 13 105 108
13 77 105 21 108
27 27 108 42 93 21 105
13 108
42 108
13 57 27 27 108 93 108
13 105
11 105 13 27 105 13 108
42 27 27 108 42 27 27 108 93 108
93 105
35 27 107 93 105
13 63 105 13 105 13 108 59 19 54 108
11 58 108
13 63 55 27 35 27 107 105 13 27 105 13 108
13 63 105 13 105 13 108 108
108
13 63 209 70 20 108
41 108
77 209 84 77 58 79 108
93 58 27 105 13 32 19 27 105 13 100 93 57 93 105 15
93 57 93 105 19 100 15
35 79 29 107 79 105
