1 10 11
1 11 12
1 13 14
1 14 15
1 15 16
1 16 17
1 17 18
1 26 27
1 27 28
1 28 29
1 30 31
1 31 32
1 36 37
1 74 75
1 75 76
1 76 77
1 78 79
2 45 38
2 45 72
2 45 58
2 45 39
2 45 64
2 73 39
2 73 58
2 73 64
2 21 35
2 1 33
2 22 35
2 61 57
2 61 58
2 61 57
2 61 80
2 61 57
2 61 57
2 4 81
2 6 19
2 6 8
2 62 58
2 74 39
2 74 40
2 74 58
2 74 41
2 3 81
2 34 34
2 34 34
2 78 79
2 65 58
2 20 37
2 20 37
2 20 35
2 20 37
2 20 36
2 23 35
2 23 37
2 23 37
2 23 37
2 23 36
2 25 35
2 25 37
2 25 37
2 25 36
2 25 37
2 24 37
2 24 37
2 24 35
2 24 36
2 24 37
3 61 67
3 61 63
3 13 18
3 62 68
3 62 69
3 62 71
3 62 70
3 74 77
3 59 68
3 59 69
3 59 71
3 59 70
3 10 12
3 50 54
3 46 52
3 46 43
3 46 54
3 46 44
3 46 53
3 48 42
3 49 42
3 47 54
3 56 55
3 66 60
3 26 29
3 30 32
4 5 6
4 7 2
4 9 2
4 12 6
4 51 13
4 18 6
