106 100 93 108
106
106 108
106 108
35 107 29 105 105
19 19 106
41 35 29 107 105
35 107 35 107 27 105 29 105 27 105 27 105 105
41 35 29 107 105
108
19 108
79 35 79 29 107 105
106
21 105
108
13 27 105
108
11 58 35 29 107 105
13 107 105 11 57 105 108 15
106 80 58 108
105
19 27 108
19 19 106 79 57 86 79 57 79 108
106 105
19 106 108
27 35 107 27 105 13 105 13 105 13 108
107
108
13 105 13 105
27 35 107 27 105 13 105 13 105 13 108
108
13 105 13 105
107 93 58 29 30 93 58 27 19 105 13 27 19 109 13 57 108 13 100 31 15 105 13 27 108 13 27 105 11 58 27 105 13 108 13 100 109 13 27 93 105 13 109 13 109 41 14 31 40 27 105 13 32 105 13 57 27 105 13 108 13 100 41 14 35 107 40 108 13 41
19 108 13 93 52 29 105 13 27 105 13 29 105 13 105 13 32 19 36 19 109
13 57 93 57 27 19 36 105 13 100 105 13 35 107 105 13 105 13 27 105 13 105 13 105 13 27 19 36 105 13 100 27 19 36 105 13 100 100 19 101 15 14 105 41 14 105 41 14 41
19 19 19 35 108 13 36 107 9 79 27 105 11 35 9 79 107 105 13 32 20 105 21 105 9 78 23 50 62 9 78 105 33 57 93 57 8 32 8 93 105 9 79 109 13 109 13 109 11 57 109 13 32 9 79 109 13 32 105 41 14 8 8 8 8 27 57 105 57 105 57 105 8 8 94 57 27 35 107 27 105 13 79 105 13 27 105 13 9 79 105 13 27 105 13 35 79 32 107 105 13 105 13 108 57 58 58 79 108 13 108
18 9 79 27 105 11 58 9 79 105 19 105 105 13 9 79 57 9 79 105 105 105 8 105 11 20 53 2 105 12 9 85 105 13 9 86 57 105 13 27 27 105 13 105 11 57 35 105 13 107 35 108 13 108
35 27 107 19 105
19 27 105 13 32 58 2 16 14 2 41 105 13 58 2 41 14 2 41 105 11 41
19 19 27 105 13 32 58 16 105 13 57 105 11 52 2 2 41 2 41 14 41 14 41
11 57 27 18 27 105 13 32 58 27 41 14 27 41 105 13 58 27 41 14 27 41 35 107 105 13 105 13 27 105 13 105 13 105 13 27 105 13 105 13 105 13 105 13 105 13 41
79 57 34 19 54 65 80 57 80 57 27 79 105 11 57 105 13 79 105 11 58 108 12 26 198 26 196 131 23 182 108 35 107 79 79 105 27 105 105
35 27 107 105 13 27 105 108
105
35 107
79 79 79 19 108
108
79 105 13 19 105 13 57 109 13 109 11 57 109 13 32 79 108
79 34 19 54 65 108 11 57 209 41 79 105 13 19 105 13 57 79 108
79 108
13 108 11 58 27 105 79 105
13 107
11 57 107
41 27 105 27 105 27 105 107
79 57 79 107
79 79 108
79 58 27 18 79 27 105 13 32 58 27 41 105 13 58 27 41 105 11 19 52 79 27 105 13 32 57 105 13 57 35 107 27 105 13 105 13 105 13 105 13 105 13 41 35 107 105 13 105 13 27 105 13 105 13 105 13 105 13 41 14 27 41
19 19 19 19 35 35 107 79 19 105 13 105 13 93 105 13 105 13 107 105 11 57 105 11 58 105 11 58 79 27 108 57 105 57 105 11 57 105 57 105 15 35 27 107 105 11 57 105 11 57 105 35 27 107 105 13 105 13 35 35 35 35 27 107 19 107 107 107 93 109 11 58 93 19 109 13 32 79 32 79 57 35 107 105 13 27 105 13 105 13 35 107 105 13 79 32 108 13 105 13 105 13 35 107 105 13 27 105 13 105 13 105 41 14 8 8 8 79 27 108 57 105 57 105 11 57 105 57 105 42 14 79 27 108 42 105 57 105 8 35 27 107 105 12 24 50 59 35 27 107 105 11 57 105 11 57 105 105 57 105 57 105 11 57 105 57 105 42 14 79 27 41 14 8 8 57 105 57 105 11 57 105 57 105 40 14 79 27 108 41 14 79 27 108 41 14 79 27 108 41 14 79 27 108 42 14 79 27 108 42 14 79 27 108 42 14 79 27 42 14 79 27 108 42 14 79 27 108 42 14 79 27 108 42 14 8 41 14 41 14 8 41 14 8 41 14 8 8 8 42 14 8 8 42 14 8 8 42 14 8 8 8 42 14 8 8 42 8 42
79 108
19 35 29 107 91 20 53 35 107 105 13 77 105 27 105 27 105 108
19 19 106 108
79 105
19 105
91 20 53 27 108 13 18 27 108 13 41
35 107
35 107 27 105 13 105 13 105 13 108
35 107 27 105 105
27 79 105 11 57 15 35 107 27 105 79 105 93 79 105 27 105 93 79 105 93 79 105 79 108
15 27 35 107 105 79 105 27 105 27 105 27 79 105 93 79 105 93 79 105 79 108
15 35 107 27 105 79 105 27 105 58 27 105 108 11 58 27 105 27 79 105 93 79 105 93 79 105 79 108
13 105
13 105 11 213 212 169 105 35 108 13 113
93 35 107
19 108
35 107 105 13 105 13 27 105 13 105 13 108
93 105 13 105 11 57 105 13 105 13 108 11 57 27 108
35 29 107 27 108 12 105 27 105 105
21 19 20 98 98 21 98 98 35 107 100 108
13 34 19 2 54 65 27 105 13 109 11 57 109 13 32 19 105 13 108
13 34 19 2 54 65 27 105 13 109 11 57 109 13 32 19 105 13 108
11 57 105 13 18 8 41
