106
106
106 21 105
106 15
19 19 19 20 19 27 27 108 105
79 19 105
79 27 109 11 105
79 27 109 11 105
79 27 109 11 27 109 11 137 105
79 27 109 79 27 109 79 27 109 79 27 109 79 27 109 79 105
13 105
79 105
79 105
13 79 27 65 108 11 109 79 27 65 108 11 109 79 27 65 109 19 65 108 11 19 65 108 11 65 105
79 27 77 109 79 27 77 109 79 27 77 109 79 27 65 109 79 27 35 107 65 108 11 105 13 27 105 13 65 108 11 105 13 27 105 13 105 13 109 79 27 27 105 79 109 79 105
13 108
13 86 27 105
13 27 105
13 109 13 86 79 27 109 11 105
79 105
79 27 109 11 105
79 19 105
79 27 109 11 19 105
22 79 79 105 98 44 15 35 29 107 105 105
13 32 21 79 105 13 105 105
13 27 105 13 32 86 79 23 105 79 105 41 27 105
13 29 107 105
19 106
13 35 29 107 22 108
106
106
19 79 79 79 79 105 11 58 19 105 79 79 79 79 105 11 105 16 2 41
79 105
19 20 79 79 27 105 11 58 79 79 27 105 11 57 79 79 27 105 11 57 79 79 27 109 11 62 79 79 27 105 35 79 105
13 29 107 27 79 78 108 13 105 27 27 105 79 105
79 79 79 19 105
79 79 27 105 11 58 79 79 27 105 11 57 79 105
27 105 13 27 105 11 57 79 105
79 105
15 79 105
