1 8 9
1 9 10
1 42 43
1 43 44
1 44 45
1 45 46
1 46 47
1 47 48
1 52 53
1 53 54
1 54 55
1 55 56
1 56 57
1 57 58
1 62 63
1 63 64
1 64 65
1 65 66
1 66 67
1 95 96
1 96 97
1 97 98
1 98 99
1 99 100
1 100 101
1 105 106
1 106 107
1 107 108
1 117 118
1 118 119
1 119 120
1 146 147
1 147 148
1 148 149
1 149 150
1 150 151
1 151 152
1 158 159
1 159 160
1 160 161
1 161 162
1 162 163
1 163 164
1 169 170
1 170 171
1 171 172
1 172 173
1 173 174
1 174 175
1 179 180
1 180 181
1 181 182
1 182 183
1 183 184
1 184 185
1 199 200
1 200 201
1 201 202
1 202 203
1 203 204
1 204 205
1 241 242
1 242 243
1 243 244
1 244 245
1 245 246
1 246 247
1 287 288
1 299 300
1 303 304
1 307 308
2 113 117
2 113 120
2 113 120
2 75 91
2 230 247
2 87 101
2 50 58
2 166 175
2 155 164
2 40 48
2 74 92
2 177 185
2 134 152
2 128 152
2 189 205
2 81 101
2 192 205
2 194 205
2 224 247
2 79 101
2 188 205
2 191 205
2 193 205
2 84 91
2 82 92
2 187 205
3 8 10
3 250 266
3 324 325
3 398 403
3 110 116
3 248 272
3 186 196
3 11 15
3 17 31
3 217 237
3 138 153
3 368 382
3 252 269
3 348 356
3 29 30
3 229 235
3 303 304
3 323 326
3 25 32
3 380 383
3 351 357
3 136 143
3 230 241
3 265 273
3 87 95
3 251 267
3 299 300
3 77 90
3 50 52
3 166 169
3 344 358
3 111 115
3 222 232
3 307 308
3 12 15
3 369 384
3 399 404
3 253 271
3 349 355
3 132 141
3 264 268
3 155 158
3 83 88
3 76 89
3 40 42
3 27 33
3 352 353
3 216 233
3 137 142
3 231 234
3 28 37
3 112 114
3 225 236
3 257 270
3 139 140
3 22 38
3 379 381
3 370 385
3 177 179
3 350 354
3 85 89
3 80 88
3 255 270
3 134 146
3 128 146
3 189 199
3 86 90
3 346 357
3 81 95
3 23 37
3 220 236
3 376 382
3 192 199
3 256 268
3 194 199
3 347 353
3 24 30
3 221 235
3 374 381
3 377 384
3 262 269
3 258 273
3 401 403
3 26 31
3 378 385
3 129 141
3 375 383
3 263 271
3 224 241
3 259 266
3 79 95
3 188 199
3 18 38
3 135 140
3 130 143
3 191 199
3 400 404
3 342 356
3 260 267
3 226 234
3 321 325
3 287 288
3 193 199
3 20 32
3 131 142
3 195 196
3 343 355
3 227 233
3 62 67
3 21 33
3 254 272
3 105 108
3 126 141
3 133 153
3 340 358
3 228 237
3 345 354
3 187 199
3 219 232
3 319 326
4 157 313
4 275 313
4 38 60
4 270 68
4 249 313
4 51 313
4 235 68
4 367 313
4 153 156
4 318 297
4 178 313
4 409 297
4 4 68
4 306 313
4 285 390
4 240 313
4 165 297
4 14 317
4 39 297
4 190 313
4 234 68
4 357 363
4 397 313
4 238 297
4 392 313
4 292 274
4 335 313
4 373 68
4 104 313
4 312 71
4 341 313
4 127 313
4 281 328
4 283 68
4 310 313
4 327 297
4 293 93
4 403 396
4 125 313
4 214 313
4 333 297
4 339 297
4 296 71
4 391 313
4 395 297
4 5 13
4 36 313
4 59 297
4 236 213
4 211 313
4 30 366
4 405 313
4 279 35
4 49 297
4 78 313
4 16 297
4 109 313
4 288 406
4 154 297
4 302 313
4 407 313
4 70 394
4 298 313
4 266 68
4 362 297
4 7 315
4 278 313
4 286 305
4 273 68
4 223 207
4 388 297
4 69 313
4 218 313
4 371 313
4 237 210
4 102 297
4 276 144
4 295 197
4 61 313
4 282 121
4 140 124
4 329 313
4 290 72
4 389 297
4 354 68
4 411 313
4 142 167
4 168 313
4 289 396
4 122 313
4 286 301
4 284 68
4 332 313
4 277 360
4 261 68
4 206 297
4 34 297
4 364 313
4 3 313
4 88 68
4 198 313
4 272 68
4 288 68
4 372 68
4 73 313
4 208 313
4 1 313
4 267 68
4 94 313
4 145 313
4 280 239
4 353 337
4 402 313
4 294 386
4 314 71
4 311 6
4 291 2
4 316 71
4 19 313
4 359 297
4 176 297
4 336 297
4 269 68
4 387 313
4 271 68
4 408 297
4 90 103
4 41 313
4 123 297
4 286 309
4 338 313
4 209 297
4 268 68
4 283 410
4 326 331
4 233 68
4 212 297
4 356 68
4 320 334
4 361 313
4 215 297
4 330 297
4 365 297
4 393 297
4 322 313
