35 27 107 79 105
106 22 105
20 52 35 27 107 105
27 35 27 107 27 105 79 105
35 27 107 79 105
106 21 105
20 52 35 27 107 105
19 106 21 105
105
13 35 107 29 105 13 27 105 13 27 105 13 105
79 105
79 105
106 21 105
20 52 35 27 107 105
19 19 27 27 108 36 27 72 36 27 72 35 27 107 27 108 13 105 27 105 27 105 27 105 27 27 105 27 27 105 27 108
35 27 107 79 105
79 108
79 108
35 27 107 79 105
79 108
79 108
79 108
79 108
79 108
79 108
79 108
79 108
79 108
79 108
35 27 107 105
27 108 13 35 27 107 105 13 105 13 35 27 35 27 107 105 13 105 13 108 13 107 19 105
27 108 13 35 27 107 105 13 105 13 35 27 35 27 107 105 13 105 13 108 13 107 19 105
27 108 13 35 27 107 105 13 105 13 35 27 35 27 107 105 13 105 13 108 13 107 19 105
106 35 27 107 105
106 21 105
20 52 35 27 107 105
35 27 27 108 13 107 19 105
35 27 107 105
35 27 107 79 105
79 79 52 79 79 105 13 109 13 79 79 105 13 109 13 79 79 105 13 109 13 105 11 62 105 11 20 55 79 79 27 105 15 27 105 11 57 27 105 11 58 27 105 11 58 79 79 27 105 41 27 105 11 58 27 105 11 57 27 105 11 58 79 79 27 105 41 27 105 11 58 27 105 11 58 27 105 11 57 79 79 27 105 41 27 105 11 57 27 105 11 57 27 105 11 58 79 79 27 105 79 79 27 105 42 27 105 11 58 27 105 11 57 27 105 11 57 79 79 27 105 79 79 27 105 42 27 105 11 57 27 105 11 58 27 105 11 57 79 79 27 105 79 79 27 105 42 27 105 11 57 27 105 11 57 27 105 11 57 79 79 27 105 79 79 27 105 79 79 27 105 42 79 79 105 13 109 13 108 11 20 56 79 79 27 105 42 105 11 19 51 79 79 27 105 42 27 35 27 107 105 13 27 105 13 105 13 27 105 13 105 13 105 13 79 108
20 52 35 27 107 105
19 27 27 35 107 108
13 35 107 108
13 35 107
35 107 105
35 107
35 107 105
108 13 19 8 8 110 15
35 27 107 79 105
19 79 79 52 79 79 105 13 109 13 79 79 105 13 109 13 27 105 11 57 27 105 11 57 79 79 27 105 79 79 27 105 15 27 105 11 57 27 105 11 58 79 79 27 105 41 27 105 11 58 27 105 11 57 79 79 27 105 41 105 11 51 79 79 27 105 41 105 11 51 79 79 27 105 41 105 11 51 105 11 51 79 79 27 105 79 79 27 105 41 27 35 27 107 105 13 27 105 13 105 13 105 13 79 108
20 52 35 27 107 105
19 27 27 35 107 108
13 35 107 108
13 35 107
35 107 105
35 107
35 107 105
108 13 19 8 8 110 15
35 27 107 79 105
106 21 105
20 52 35 27 107 105
79 108
13 105
79 108
13 79 108
13 105
13 105
19 106 105
20 52 35 27 107 105
13 29 107 105 79 105
106 21 21 105
106 21 105
20 52 35 27 107 105
79 108
79 108
79 108
79 108
35 27 107 79 105
58 27 27 79 108
79 108
79 108
79 108
79 108
79 108
79 108
79 108
79 108
27 35 27 107 27 105 105
19 19 27 27 108 36 27 72 36 27 72 35 27 107 27 108 13 105 27 105 27 105 27 105 27 27 105 27 27 105 27 108
35 27 107 105
13 32 27 105 105 13 105 27 35 107
13 32 27 105 105 13 19 105 11 105 13 35 27 107 105 13 27 105 13 105 13 105 13 105 27 35 107
106 21 105
20 52 35 27 107 105
19 27 27 35 107 108
13 35 107 108
13 35 107
35 107 105
35 107
35 107 105
108 13 19 8 8 110 15
35 27 107 79 105
106 21 105
20 52 35 27 107 105
19 79 79 27 52 79 79 27 52 35 79 107 21 105 13 27 105 27 105 27 35 107
105 105 35 107
105 105 15 79 79 27 52 79 79 27 51 79 105
13 27 108 13 105 35 27 107 27 105 35 27 107 79 79 105 13 105 13 27 105 79 27 108
35 27 107 79 105
79 108
79 108
79 108
79 108
35 27 27 108 13 107 19 105
35 27 27 108 13 107 19 105
35 27 27 108 13 107 19 105
13 32 27 105 11 58 35 107 21 105 13 27 105 27 105 27 35 107
105 27 35 107
105 105 35 107
105 105 15 27 105 11 57 35 107 105 105 105 105 105 105 105 13 105 13 107
106 21 105
20 52 35 27 107 105
35 27 107 79 105
106 21 105
20 52 35 27 107 105
79 108
35 27 107 79 105
58 27 27 79 108
79 108
79 108
79 108
79 108
79 108
58 27 27 79 108
79 108
79 108
79 108
79 108
79 108
35 27 107 105
27 108 13 35 27 107 105 13 105 13 35 27 35 27 107 105 13 105 13 108 13 107 19 105
35 27 107 105
35 27 27 108 13 107 19 105
106 21 105
20 52 35 27 107 105
19 27 27 35 107 108
13 35 107 108
13 35 107
35 107 105
35 107
35 107 105
108 13 19 8 8 110 15
35 27 107 105
35 27 107 79 105
79 79 52 79 79 79 105 13 109 13 86 79 79 27 105 11 57 79 79 27 105 15 27 35 27 107 79 79 105 13 105 13 79 108
106 21 105
20 52 35 27 107 105
19 27 27 35 107 108
13 35 107 108
13 35 107
35 107 105
35 107
35 107 105
108 13 19 8 8 110 15
35 27 107 79 105
79 79 52 79 79 79 105 13 109 13 86 79 79 27 105 11 57 79 79 27 105 15 27 79 79 79 108
106 21 105
20 52 35 27 107 105
19 27 27 35 107 108
13 35 107 108
13 35 107
35 107 105
35 107
35 107 105
108 13 19 8 8 110 15
35 27 107 79 105
79 79 52 79 79 79 105 13 109 13 86 79 79 27 105 11 57 79 79 27 105 15 27 27 79 108
20 52 35 27 107 105
19 27 27 35 107 108
13 35 107 108
13 35 107
35 107 105
35 107
35 107 105
108 13 19 8 8 110 15
79 108
58 27 27 79 108
58 27 27 79 108
58 27 27 79 108
35 27 107 79 105
58 27 27 79 108
58 27 27 79 108
58 27 27 79 108
58 27 27 79 108
79 108
27 108 13 35 27 107 105 13 105 13 35 27 35 27 107 105 13 105 13 108 13 107 19 105
106 21 105
20 52 35 27 107 105
19 27 27 35 107 108
13 35 107 108
13 35 107
35 107 105
35 107
35 107 105
108 13 19 8 8 110 15
35 27 107 79 105
106 21 105
20 52 35 27 107 105
35 27 107 79 105
106 21 105
20 52 35 27 107 105
35 27 107 79 105
106 21 105
20 52 35 27 107 105
35 27 107 79 105
79 108
79 108
35 27 107 79 105
79 108
79 108
79 108
79 108
19 58 35 27 107 79 105
79 108
79 108
79 108
79 108
79 108
79 108
79 108
79 108
27 108 13 35 27 107 105 13 105 13 35 27 35 27 107 105 13 105 13 108 13 107 19 105
27 35 27 107 27 105 105
27 35 27 107 27 105 105
27 35 27 107 27 105 105
35 27 107 105
35 27 107 105
106 35 27 107 105
106 21 105
20 52 35 27 107 105
19 27 27 35 107 108
13 35 107 108
13 35 107
35 107 105
35 107
35 107 105
108 13 19 8 8 110 15
79 108
35 27 107 79 105
79 108
79 108
79 108
79 108
79 108
79 108
79 108
79 108
79 108
79 108
79 108
21 21 58 27 35 27 107 27 105 79 105
79 108
79 108
79 108
79 108
27 35 27 107 27 105 105
27 35 27 107 27 105 105
27 35 27 107 27 105 105
27 35 27 107 27 105 105
27 35 27 107 27 105 105
27 35 27 107 27 105 105
27 35 27 107 27 105 105
27 35 27 107 27 105 105
106 21 105
20 52 35 27 107 105
35 27 107 79 105
35 27 107 79 105
35 27 107 79 105
35 27 107 79 105
35 27 107 79 105
35 27 107 79 105
35 27 107 79 105
15 52 27 35 27 107 27 105 79 105
41 19 52 27 35 27 107 27 105 79 105
15 52 35 27 107 79 105
21 21 58 35 27 107 79 105
21 21 58 79 108
15 19 52 27 35 27 107 27 105 79 105
15 52 35 27 107 79 105
15 52 35 27 107 79 105
35 27 107 79 105
35 27 107 79 105
35 27 107 79 105
35 27 107 79 105
35 27 107 79 105
35 27 107 105
106 21 105
20 52 35 27 107 105
19 79 79 105 11 79 79 105
13 32 86 79 79 79 79 52 27 108 13 35 27 107 105 13 27 105 13 105 13 105 13 79 35 27 35 27 107 105 13 105 13 108 13 107 105
106 21 105
20 52 35 27 107 105
19 79 79 105 11 79 79 105
13 32 86 79 79 79 79 52 27 108 13 35 108 13 107 27 105 13 105 13 105 13 79 35 27 35 27 107 105 13 105 13 108 13 107 105
106 21 105
20 52 35 27 107 105
19 79 79 105 11 79 79 105
13 32 86 79 79 105 13 109 13 105 11 20 52 79 79 79 79 52 27 108 13 35 27 107 105 13 27 105 13 27 105 13 105 13 105 13 79 35 27 35 27 107 105 13 105 13 108 13 107 105
106 21 105
20 52 35 27 107 105
35 27 107 79 105
35 27 107 79 105
106 21 105
35 27 107 79 105
106 21 105
35 27 107 79 105
106 21 105
35 27 107 79 105
79 108
19 58 35 27 107 79 105
79 108
35 27 107 79 105
79 108
79 108
27 108 13 35 27 107 105 13 105 13 35 27 35 27 107 105 13 105 13 108 13 107 19 105
35 27 107 105
106 35 27 107 105
106 21 105
20 52 35 27 107 105
35 27 107 79 105
106 21 105
20 52 35 27 107 105
35 27 107 79 105
106 21 105
20 52 35 27 107 105
35 27 107 79 105
106 21 105
20 52 35 27 107 105
35 27 107 79 105
79 108
35 27 107 79 105
79 108
79 108
79 108
79 108
79 108
79 108
79 108
79 108
79 108
79 108
79 108
35 27 107 105
27 35 27 107 27 105 105
19 19 27 27 108 36 27 72 36 27 72 35 27 107 27 108 13 105 27 105 27 105 27 105 27 27 105 27 27 105 27 108
27 35 27 107 27 105 105
35 27 107 105
27 108 13 35 27 107 105 13 105 13 35 27 35 27 107 105 13 105 13 108 13 107 19 105
106 35 27 107 105
106 21 105
20 52 35 27 107 105
35 27 107 79 105
106 21 105
20 52 35 27 107 105
35 27 107 79 105
106 21 105
20 52 35 27 107 105
79 108
79 108
79 108
35 27 107 79 105
15 52 27 35 27 107 27 105 79 105
15 52 27 35 27 107 27 105 79 105
79 108
79 108
79 108
79 108
79 108
79 108
79 108
27 108 13 35 27 107 105 13 105 13 35 27 35 27 107 105 13 105 13 108 13 107 19 105
27 108 13 35 27 107 105 13 105 13 35 27 35 27 107 105 13 105 13 108 13 107 19 105
27 108 13 35 27 107 105 13 105 13 35 27 35 27 107 105 13 105 13 108 13 107 19 105
27 108 13 35 27 107 105 13 105 13 35 27 35 27 107 105 13 105 13 108 13 107 19 105
27 108 13 35 27 107 105 13 105 13 35 27 35 27 107 105 13 105 13 108 13 107 19 105
106 21 105
20 52 35 27 107 105
35 27 107 79 105
106 35 27 107 105
106 21 105
20 52 35 27 107 105
20 52 35 27 107 105
35 27 107 79 105
106 21 105
35 27 107 79 105
106 21 105
20 52 35 27 107 105
79 108
79 108
79 108
79 108
35 27 107 79 105
35 27 107 105
27 108 13 35 27 107 105 13 105 13 35 27 35 27 107 105 13 105 13 108 13 107 19 105
20 52 35 27 107 105
106 21 105
20 52 35 27 107 105
35 27 107 79 105
106 35 27 107 105
106 21 105
20 52 35 27 107 105
