1 4 5
1 5 6
1 6 7
1 7 8
1 8 9
1 10 11
1 11 12
1 15 16
1 16 17
1 17 18
1 34 35
1 35 36
1 36 37
1 37 38
1 39 40
2 31 18
2 31 18
2 42 18
2 42 15
2 42 18
2 21 18
2 21 18
2 21 15
2 50 15
2 50 18
2 50 18
2 22 18
2 22 15
2 22 18
2 54 15
2 54 18
2 54 18
2 24 18
2 24 15
2 24 18
2 25 18
2 25 18
2 25 15
2 32 18
2 32 15
2 32 14
2 32 18
2 32 19
2 26 18
2 26 18
2 26 15
2 44 18
2 44 18
2 44 15
2 43 18
2 43 18
2 43 15
2 27 18
2 27 15
2 27 18
2 51 18
2 51 15
2 51 18
2 28 15
2 28 18
2 28 18
2 53 18
2 53 18
2 53 15
2 47 15
2 47 18
2 47 18
2 41 19
2 30 15
2 30 18
2 30 18
2 23 15
2 23 18
2 23 18
2 45 1
2 48 15
2 48 18
2 48 18
2 13 18
2 13 18
2 13 15
2 29 15
2 29 18
2 29 18
2 46 18
2 46 15
2 46 18
2 33 14
2 57 49
2 56 18
2 56 15
2 56 18
2 4 2
2 4 2
2 60 52
2 60 52
2 3 1
2 59 52
2 59 52
2 58 52
2 58 52
3 31 20
3 42 20
3 21 20
3 50 20
3 22 20
3 54 20
3 24 20
3 25 20
3 32 20
3 26 20
3 44 20
3 43 20
3 27 20
3 51 20
3 28 20
3 53 20
3 47 20
3 30 20
3 23 20
3 10 12
3 48 20
3 39 40
3 13 20
3 29 20
3 46 20
3 4 9
3 34 38
4 38 28
4 20 55
