106 105
13 57 105 13 27 105 11 58 105 13 108
13 100 35 29 107 22 105 105
106 107
79 108
79 108
79 108
79 80 57 79 19 105
20 19 19 109 13 32 109 11 21 52 107
79 79 20 105
11 62 2 87 19 105
41 79 77 98 41 21 52 79 105
11 57 105
42 21 52 79 105
11 57 79 20 105
13 35 27 107 105 13 105 13 108 13 35 27 107 105 22 105 105
13 105
16 21 52 107
41 21 52 79 80 57 107
41 107
41 21 52 79 105
41 21 52 93 65 105 11 19 54 107
41 107
41 21 52 107
41 21 51 21 52 79 80 57 79 91 84 79 20 91 105
13 108
105 79 105 11 105
19 79 108
11 57 105 105 79 108
19 105 13 27 105 11 57 79 108
19 79 57 80 58 79 105 19 87 79 80 105
57 79 109
15 79 105 87 41
79 27 105 13 32 19 105 11 51 15 19 19 19 35 79 108 13 107 27 105 13 105 13 35 107 105 11 57 35 107 105 13 105 11 58 19 8 8 61 35 107 86 79 105 13 105 105 62 79 105 86 41 19 8 41 14 105 19 41 14 105 19 41 14 105 19 41 79 35 107
105 79 35 107
105 79 35 107
105 35 107
86 79 105 62 79 105 86 42 14 105 19 41 14 105 19 41 87 79 105
79 109
35 79 107 105 35 107
86 35 107 27 105 79 79 105
79 105 86 87 57 79 109
19 44 15 105
