1 9 10
1 10 11
1 12 13
1 13 14
1 14 15
1 15 16
1 17 18
1 19 20
1 60 61
1 69 70
1 73 74
1 79 80
1 80 81
1 81 82
1 82 83
1 83 84
1 84 85
1 85 86
1 86 87
1 87 88
1 88 89
1 89 90
1 90 91
1 91 92
1 92 93
1 93 94
1 94 95
1 95 96
1 96 97
1 97 98
1 98 99
1 99 100
1 100 101
1 101 102
1 102 103
1 103 104
1 104 105
1 105 106
1 106 107
2 6 107
2 6 65
2 6 25
2 6 66
2 6 68
2 27 54
2 26 68
2 26 66
2 26 25
2 7 25
2 7 79
2 7 107
2 7 65
2 7 66
2 7 68
2 76 66
2 76 68
2 76 57
2 56 54
2 56 68
2 56 66
2 51 57
2 59 61
2 59 62
2 59 60
2 59 68
2 59 66
2 59 57
2 71 54
2 71 55
2 75 74
2 75 73
2 75 66
2 75 74
2 122 57
2 111 57
2 41 57
2 31 57
2 45 57
2 46 57
2 37 57
2 113 57
2 77 57
2 33 57
2 39 57
2 116 57
2 49 57
2 36 57
2 123 57
2 47 57
2 42 57
2 29 57
2 32 57
2 120 57
2 30 57
2 119 57
2 34 57
2 110 57
2 50 57
2 40 57
2 115 57
2 53 57
2 108 57
2 117 57
2 44 57
2 58 57
2 78 57
2 48 57
2 43 57
2 28 57
2 118 57
2 121 57
2 38 57
2 112 66
2 112 68
2 63 67
2 63 61
2 63 62
2 63 66
2 63 60
2 63 68
2 72 72
2 114 57
2 109 57
2 35 57
3 69 70
3 24 5
3 21 5
3 22 5
3 23 5
3 71 52
3 3 2
3 12 16
3 9 11
3 112 64
3 4 1
3 19 20
3 17 18
4 8 7
