1 3 14
1 14 15
1 15 16
1 16 17
1 17 18
1 18 19
1 19 20
1 20 21
1 21 4
1 4 5
1 5 6
1 6 7
1 7 8
1 8 9
1 9 10
1 10 11
1 11 12
1 12 13
1 27 29
1 29 30
1 30 31
1 31 32
1 43 44
1 44 45
1 46 47
1 47 48
1 48 49
1 49 50
1 50 51
1 51 52
1 57 58
1 59 62
1 62 63
1 63 64
1 64 65
1 65 66
1 66 67
1 67 68
1 68 69
1 69 60
1 60 61
1 76 77
1 79 80
1 80 81
1 81 82
1 82 83
1 83 84
1 85 86
1 86 87
1 87 88
1 88 89
1 89 90
1 93 94
1 94 95
1 97 98
1 99 102
1 102 103
1 103 104
1 104 105
1 105 106
1 106 107
1 107 108
1 108 109
1 109 100
1 100 101
1 112 113
1 113 114
1 114 115
1 115 116
1 116 117
1 117 118
1 118 119
1 119 120
1 123 124
1 124 125
1 125 126
1 126 127
1 127 128
1 134 135
1 135 136
1 136 137
1 137 138
1 138 139
2 92 41
2 92 42
2 92 25
2 130 25
2 130 41
2 130 42
2 130 35
2 56 35
2 56 41
2 56 42
2 56 25
2 23 35
2 23 42
2 54 41
2 54 35
2 54 42
2 54 25
2 71 42
2 71 41
2 71 25
2 71 35
2 3 42
2 3 35
2 147 35
2 147 41
2 147 42
2 147 25
2 72 42
2 72 41
2 72 35
2 72 25
2 131 35
2 131 25
2 131 42
2 131 41
2 55 25
2 55 42
2 55 35
2 55 41
2 145 42
2 145 41
2 145 35
2 145 25
2 75 42
2 75 35
2 75 25
2 75 41
2 22 42
2 22 35
2 111 41
2 111 42
2 111 35
2 111 25
2 78 42
2 78 25
2 78 41
2 78 35
2 36 25
2 36 34
2 33 42
2 33 38
2 33 27
2 33 28
2 33 35
2 33 39
2 33 25
2 33 32
2 43 44
2 43 42
2 43 45
2 26 34
3 92 37
3 92 24
3 130 37
3 130 24
3 56 37
3 56 24
3 54 37
3 54 24
3 71 37
3 71 24
3 3 7
3 147 37
3 147 24
3 72 37
3 72 24
3 131 37
3 131 24
3 55 37
3 55 24
3 145 37
3 145 24
3 75 37
3 75 24
3 111 37
3 111 24
3 78 37
3 78 24
3 36 1
3 99 101
3 57 58
3 133 146
3 59 61
3 134 139
3 97 98
3 123 128
3 93 95
3 112 120
3 33 24
3 33 40
3 33 39
3 73 74
3 76 77
3 85 90
3 26 1
3 46 52
3 132 146
3 79 84
4 120 71
4 129 145
4 74 75
4 70 145
4 139 71
4 52 92
4 101 122
4 53 145
4 95 72
4 61 111
4 141 75
4 84 71
4 58 72
4 139 122
4 139 130
4 96 72
4 128 145
4 13 75
4 144 55
4 139 92
4 110 145
4 120 130
4 139 111
4 140 147
4 91 145
4 146 54
4 90 71
4 142 131
4 98 78
4 121 145
4 143 56
5 7 2
