105
106
19 19 19 106 87 93 30 93 57 93 93 58 100 105
13 27 105 11 57 35 107 35 27 27 107 105 27 105 105
13 105 13 105 27 27 105 13 32 105 27 93 79 105 27 27 105 13 32 105 107
27 108
19 105
41 14 105 13 107
41 27 105 11 57 58 27 107
42 27 105 13 32 58 27 107
42 27 105 13 32 27 105 13 32 108 13 58 35 27 107 57 105 107
27 108
105
79 58 93 57 93 86 100 105
13 33 57 93 51 33 57 79 93 52 105
31 86 87 86 105
13 27 105 13 58 27 107
15 27 107
31 41 14 31 40 35 107
105
13 105
79 57 79 105 105
105
35 107 35 27 27 107 105 108
105 13 22 105
35 107 27 27 105 79 35 27 107
20 80 58 35 79 107 105 13 32 79 105
105 13 35 35 107 20 107 35 107 80 58 105 13 57 105 27 105 41 105 13 35 107 27 105 13 105 13 105 13 108
13 58 27 108
79 93 105
105 15 108 13 80 57 27 27 109 13 108 11 58 91 20 52 27 27 27 109 13 105 105 13 108
19 105 105 105 11 20 55 54 27 105 13 58 35 107 27 105 13 105 13 27 105 13 105 13 108
23 30 79 57 79 58 27 108
35 107 27 79 105 27 79 105 18
19 107 86 19 86 105
19 35 107 27 105 13 105 13 27 105 13 105 13 108
19 93 57 93 105 11 16 105 13 35 29 107 22 105
27 105 13 32 105 13 58 19 18 105 11 44 27 41 27 41 27 41 44
22 93 58 35 107 105 13 35 27 27 108 13 107 105
19 93 57 93 18 105 13 35 27 27 108 13 107 19 105
105
93 58 35 107 105 13 105 13 57 105 11 57 27 105 11 57 27 27 108 13 35 107 27 105 13 93 105 13 105 13 108 13 105 13 93 105 13 105 11 58 27 105 13 93 105 13 105 11 62 35 107 105 13 27 105 13 105 13 105 13 35 107 93 105 13 27 105 13 93 105 13 105 13 35 107 27 105 13 105 13 27 105 13 105 13 27 105 13 105 13 27 105 13 105 13 27 105 13 27 105 13 105 13 35 107 105 13 27 105 13 27 105 13 27 105 13 27 105 13 105 13 100 93 18
35 107 27 105 13 79 105 13 105 13 108
35 79 107 105 13 32 79 108
19 105 105 105 11 20 53 20 53 35 107 27 105 13 105 13 27 105 13 79 105 13 105 13 108
79 108
13 108
13 21 19 108 13 105 79 108
13 108
35 79 108
13 29 107 22 105 79 108
13 105
35 79 29 107 22 105 79 105
111
106 21 105
19 19 106 21 105
35 79 29 107 27 79 108
11 105 79 105
19 79 108
11 105 13 105 13 79 35 27 107 79 108
11 105 13 105 13 109 11 209 109 13 109 35 79 29 107 22 105 79 105
13 21 108 13 105 79 108
13 109 13 27 93 105
11 109 13 109 79 108
13 109 13 27 108 12 109 13 109 79 108
13 109 13 27 79 108
13 27 109 11 79 108
11 169 109 13 109 79 109 13 27 79 108
11 109 13 109 79 109 13 35 27 107 79 108
35 79 29 107 22 105 79 105
111
111
79 108
13 35 27 108 13 107 105
111
79 35 27 107 77 105 13 105 13 19 109 11 79 109 13 35 27 107 77 105 13 105 13 209 109 13 109 35 107 27 77 105 79 108
13 19 105
111
79 108
13 108
13 21 19 108 13 105 79 109 13 27 93 105
11 109 13 109 79 109 13 27 108 12 109 13 109 79 109 13 27 79 105 13 109 13 109 13 109 35 79 108
13 29 107 22 105 79 108
13 105
79 108
13 108
13 21 19 108 13 105 79 109 13 27 93 105
11 109 13 109 79 109 13 27 108 12 109 13 109 79 109 13 27 79 105 13 109 13 109 13 109 35 79 108
13 29 107 22 105 79 108
13 105
35 79 29 107 22 105 79 105
19 19 106
35 79 29 107 27 79 108
13 79 108
11 63 105 79 105
35 79 29 107 79 105
35 79 29 107 27 79 108
11 105 79 19 105
19 19 35 79 29 107 22 105 27 79 108
13 105 27 79 108
11 105 79 105
11 105 27 79 108
11 105 79 108
11 57 27 105 27 79 108
13 63 105 27 79 108
13 63 105 27 79 108
13 19 63 105 27 79 108
11 105 27 79 108
11 105 27 79 108
35 79 29 107 22 105 79 105
111
79 108
13 21 19 108 13 105 79 109 13 27 77 77 169 109 13 109 80 57 79 109 13 27 79 27 19 109 11 209 109 13 109 79 109 13 27 77 109 13 109 79 109 13 27 77 77 169 109 13 109 79 109 13 27 77 77 169 109 13 109 79 109 13 27 77 77 169 109 13 109 79 27 19 109 11 77 54 79 109 13 27 77 109 13 109 77 58 80 57 79 109 13 27 19 109 13 109 79 27 19 105
13 19 79 105
13 105
11 53 79 109 13 109 11 58 19 79 35 27 107 105 13 105 13 19 109 11 60 79 109 13 35 27 107 105 13 105 13 77 109 13 109 79 105 11 62 79 27 27 109 13 105 11 62 35 108 13 107 27 105 13 105 13 35 108 13 107 79 105 13 105 13 108
13 35 27 107 105 13 105 13 108 79 109 13 27 109 13 109 35 79 108
11 108 13 107 27 105 13 80 105 13 27 105 13 77 105 13 105 13 79 109 13 35 27 107 79 108
11 105 13 105 13 109 13 109 77 20 53 79 109 13 27 93 105
11 109 13 109 79 109 13 27 108 12 109 13 109 35 79 29 107 22 105 79 105
35 79 29 107 22 105 79 105
111
19 79 108
13 21 108 13 105 79 105 11 62 79 27 27 109 13 79 27 27 109 13 79 27 105 13 34 2 53 27 35 27 107 105 13 105 13 108 27 35 27 107 105 13 105 13 108 79 109 13 27 109 13 109 79 109 13 27 109 13 109 79 27 105
13 19 79 108
13 34 53 19 79 108
13 34 53 19 79 108
13 34 53 79 109 13 109 13 109 35 79 29 107 22 105 79 105
35 79 29 107 22 105 79 105
111
106
79 108
108
22 22 108
13 27 108 108
13 108
13 79 108
13 27 19 109 11 65 105
11 63 44 15 35 79 29 107 105 79 105
35 79 29 107 79 105
35 79 29 107 79 105
35 79 29 107 79 105
35 79 29 107 79 105
35 79 29 107 79 105
111
79 109 13 109 13 109 35 29 107 22 105 105
106 21 105
