1 3 4
1 7 8
1 8 9
1 9 10
1 10 11
1 11 12
1 18 19
1 19 20
1 26 29
1 29 30
1 30 31
1 31 32
1 32 33
1 33 34
1 34 35
1 35 36
1 36 27
1 27 28
1 37 38
1 38 39
1 41 44
1 44 45
1 45 46
1 46 47
1 47 48
1 48 49
1 49 50
1 50 51
1 51 42
1 42 43
1 52 53
1 53 54
1 57 58
1 58 59
1 61 62
1 63 64
1 66 67
2 66 67
2 66 67
2 63 64
3 41 43
3 26 28
3 1 65
3 1 5
3 57 59
3 18 20
3 52 54
3 37 39
3 25 13
3 24 13
3 22 13
3 23 13
3 3 4
3 40 13
3 16 21
3 63 64
3 61 62
3 2 65
3 2 5
3 7 12
4 15 14
4 6 56
4 55 17
4 5 60
