106
106
35 79 108
13 29 107 22 105 27 19 105 79 105
86 79 105 13 79 105
35 79 79 105 13 29 107 22 105 79 79 105
19 108
109 79 105
13 108
11 57 35 79 105 13 29 107 27 35 107 27 105 13 79 105
13 105 13 27 105 13 105 13 105 27 105 27 79 105
13 105 79 108
13 35 105 13 29 107 22 105 35 107
106 105
79 105 13 35 29 107 79 105
79 79 79 105
106 105
19 51 106 11 16 108
13 105 13 35 105
13 107 22 105 27 27 105 105
35 29 107 27 105 27 105 27 79 105 27 79 105 19 105
108
108
20 35 9 9 107 110 13 35 9 79 9 9 79 9 9 107 105 13 9 79 9 9 79 9 27 110 11 57 108
9 79 9 9 79 27 9 9 105 11 58 27 9 9 105 11 57 108
19 8 32 19 105 79 108
41 105
13 35 29 107 22 105 105
13 105
13 27 105
27 79 105 11 57 91 105
13 108
15 80 57 91 105
13 108
41 80 57 108
13 105
19 19 52 79 105 11 57 79 105 16 108
13 105 13 35 105
13 107 22 105 27 27 105 105
108
19 8 32 19 105 79 108
41 105
13 35 29 107 22 105 105
13 105
13 27 105
27 79 105 11 57 91 105
13 108
15 80 57 91 105
13 108
41 80 57 108
13 105
19 51 106 11 16 108
13 105 13 35 105
13 107 22 105 27 27 105 105
35 79 105 13 29 107 22 105 27 19 105 79 105
19 19 19 107
19 51 106 11 16 108
13 105 13 35 105
13 107 22 105 27 27 105 105
15
93 35 27 107 105 13 105 13 108
106
79 105
106
13 105
23 19 108 13 79 79 109
13 105 13 108 13 57 23 78 50 60 105 23 105 11 57 23 50 62 181 23 108 41 14 41 23 180 41 15
