1 1 2
1 2 3
1 3 4
1 4 5
1 5 6
1 6 7
1 7 8
1 16 17
1 17 18
1 18 19
1 19 20
1 20 21
1 30 31
1 31 32
1 32 33
1 33 34
1 37 38
1 38 39
1 39 40
1 40 41
1 41 42
1 42 43
1 48 49
1 50 53
1 53 54
1 54 55
1 55 56
1 56 57
1 57 58
1 58 59
1 59 60
1 60 51
1 51 52
1 71 72
1 72 73
1 73 74
1 74 75
1 75 76
1 76 77
2 36 35
2 36 35
2 12 15
2 12 14
2 12 15
2 47 46
2 16 21
2 10 14
2 10 15
2 10 15
2 27 23
2 27 22
2 27 24
2 62 61
2 11 15
2 11 15
2 11 14
2 29 24
2 29 22
2 29 23
2 13 9
2 1 8
2 28 23
2 28 24
2 28 22
2 37 43
2 25 23
2 26 23
2 44 45
3 30 34
3 50 52
3 48 49
4 66 67
4 68 64
4 63 64
4 69 64
4 65 70
5 77 71
