19 79 108
13 105
13 34 57 19 65 27 105 11 51 108
11 57 27 108
13 105 13 35 107
35 35 35 107 79 108
13 105 13 27 105 13 105 13 105 13 107 107
105
109
79 79 79 78 80 113
93 108
19 35 107
27 79 105
79 105 105
27 105 13 32 19 105 13 35 107 109 13 109 11 57 109 13 32 105 13 57 109 41 23 19 109 13 109 11 57 109 13 32 105 12 50 62 105 12 5 8 5 8 5 5 41 18 5 5 8 41
35 79 108
13 107 105 11 57 105 11 57 19 105 13 34 19 2 8 2 54 65 58 79 105
13 105
105
79 108
35 27 107 105 13 105 13 105 105 209 41 14 79 108
105 13 27 105 13 105 11 58 27 105 13 32 19 105 13 57 105 11 57 27 18 14 35 27 107 105 11 105 13 105 13 41
19 91 19 53 105 13 27 93 93 108 13 32 105 11 58 18 105 13 27 105 13 105 11 58 27 105 13 32 105 13 8 41 8 41
11 58 16 209 41 105 11 41
19 19 19 19 19 58 35 27 107 40 27 20 36 27 72 27 72 27 72 27 72 27 72 19 27 72 19 27 72 19 27 72 20 27 72 20 27 72 108 13 105 27 20 36 27 72 27 72 27 72 27 72 27 72 19 27 72 19 27 72 19 27 72 20 27 72 20 27 72 20 27 72 20 27 72 20 27 72 20 27 72 20 27 72 20 27 72 20 27 72 20 27 72 20 27 72 20 27 72 20 27 72 20 27 72 20 27 72 20 27 72 20 27 72 20 27 72 20 27 72 20 27 72 20 27 72 108 13 105 27 20 36 27 72 27 72 27 72 27 72 27 72 19 27 72 19 27 72 19 27 72 20 27 72 20 27 72 20 27 72 20 27 72 20 27 72 20 27 72 108 13 105 27 20 36 27 72 27 72 27 72 27 72 27 72 19 27 72 19 27 72 19 108 13 72 20 108 13 72 20 27 72 20 27 72 108 13 105 27 19 36 27 72 27 72 27 72 27 72 27 72 19 27 72 19 27 72 108 13 105 27 36 27 72 27 72 27 72 108 13 105 27 20 36 27 72 27 72 27 72 27 72 27 72 19 27 72 19 27 72 19 27 72 108 13 105 27 20 36 27 72 27 72 27 72 27 72 27 72 19 27 72 19 27 72 19 27 72 20 27 72 20 27 72 108 13 105 35 107 27 79 108
19 54 27 19 19 105 27 19 19 105 27 19 19 105 27 19 19 105 27 19 19 105 27 19 19 105 19 54 27 19 36 19 27 72 19 27 72 108 13 105 19 54 27 19 36 19 27 72 19 27 72 108 13 105 19 54 19 27 19 36 19 27 72 19 27 72 19 19 19 19 19 8 110 13 27 109 11 27 109 11 35 107 27 19 36 19 27 72 108 13 19 36 19 109 109 11 57 27 27 19 36 19 79 105 13 72 19 109 13 72 108 13 105 19 109 12 108 13 72 27 105 105 41 14 57 109 40 57 109 19 54 27 19 36 19 27 72 19 27 72 19 27 72 108 13 105 35 107 27 105 27 93 105 27 19 105 20 54 27 19 36 19 27 72 19 27 72 19 27 72 19 27 72 108 13 105 20 54 27 19 36 19 27 72 19 27 72 108 13 105 20 54 27 19 36 19 27 72 19 27 72 108 13 105 20 54 27 19 36 19 27 72 19 27 72 108 13 105 27 19 36 19 27 72 19 27 72 108 13 105 20 54 27 19 36 19 27 72 19 27 72 108 13 105 27 19 36 19 27 72 19 27 72 108 13 105 27 19 36 19 27 72 19 27 72 108 13 105 35 107 27 79 108
79 80 105
79 19 79 79 32 105
79 79 108
19 19 79 79 27 19 19 19 19 110
13 109 11 57 27 109 11 109 13 27 109 11 109 13 57 109 79 108
13 108
13 57 108 11 58 105 11 58 35 27 107 27 79 108
13 35 107 108
11 20 54 105 105 13 57 105 35 107 105 13 32 19 105 27 27 105 27 27 105 27 108 12 126 199 108 12 108 13 105 27 105 27 105 27 27 105 34 105 105 13 105 57 105 105 105 11 53 20 55 57 105 2 16 14 2 41 14 8 57 105 2 41 14 2 41 14 57 105 2 41 14 2 41 14 57 105 40 14 2 41 14 57 105 105 40 14 57 105 2 41 57 105 2 41 14 8 57 105 2 41 14 57 105 40 35 107
106 77 44 35 27 107 40 14 15 79 32 79 79 79 108
80 57 78 24 180 79 108
13 109
12 50 62 35 27 107 40 19 19 87 79 108
13 109
12 85 106 13 58 106 13 19 87 18 14 79 108
13 79 108
13 105 13 105 41
19 106 108
40 105 13 79 105 13 105 13 32 105
35 107 105 13 105 13 18
108
79 108
13 35 27 107 27 105 13 27 79 105 13 27 108
106 27 108
13 105 13 105 13 108
105
105
13 105 13 108
13 105
11 58 35 27 107 105 13 27 105 13 105 13 108
27 27 35 107 105 13 105 105 19 35 107
105 105 105
13 105
13 105 13 57 35 27 107 105
79 27 105 11 57 79 58 35 107 86 79 79 105 79 105 79 105 11 123 79 105 86 25 199 108 13 105
19 19 106
35 79 29 107 79 105
19 106 27 105
13 105
13 105 105
106
19 87 35 29 107 19 105
19 87 35 29 107 105
19 19 106
19 19 19 19 52 44 84 15 105 13 57 94 58 58 35 107 40 35 27 107 27 105 105
13 105
13 109 11 58 21 105
13 105
41 105 105
13 21 105 11 27 105 27 105 27 105 27 105 27 105 27 105 35 107
109 13 32 35 79 79 79 79 107 105 19 105
