1 1 2
1 2 3
1 9 10
1 10 11
1 11 12
1 12 13
1 13 14
1 15 16
1 16 17
1 17 18
1 18 19
1 19 20
1 22 23
1 23 24
1 24 25
1 25 26
1 56 57
1 57 58
1 58 59
1 59 60
1 61 62
1 65 66
2 50 51
2 50 51
2 55 49
2 74 49
2 106 49
2 90 49
2 72 49
2 80 49
2 101 49
2 104 49
2 92 49
2 87 49
2 100 49
2 102 49
2 94 49
2 103 49
2 107 49
2 91 49
2 78 49
2 98 49
2 95 49
2 31 49
2 81 49
2 96 49
2 53 49
2 99 49
2 84 49
2 89 49
2 64 49
2 105 49
2 79 49
2 85 49
2 76 49
2 109 49
2 82 49
2 73 49
2 86 49
2 88 49
2 108 49
2 97 49
2 27 49
2 93 49
2 4 4
2 56 60
2 56 59
2 9 21
2 9 14
2 9 21
2 15 20
2 28 29
2 54 49
2 110 49
3 44 7
3 70 68
3 70 71
3 61 62
3 41 7
3 45 7
3 6 83
3 6 75
3 6 52
3 36 7
3 67 68
3 67 71
3 67 69
3 33 7
3 47 7
3 39 7
3 30 7
3 42 8
3 48 7
3 37 7
3 63 5
3 22 26
3 34 8
3 43 7
3 40 7
3 32 8
3 65 66
3 38 7
3 35 7
3 46 7
3 1 3
3 77 83
