19 45 106 11 16 27 105 2 41 27 105 105
105 2 41 27 105 105
105 2 41 27 105 105 11 105 11 105 11 57 93 109 13 32 105
79 35 79 107 105 13 19 105 35 107
19 19 35 107 27 105 105 13 22 105
35 79 107
13 35 27 108 13 107 22 105
35 27 108 13 107 105
19 19 27 107
11 58 27 108
2 58 79 93 105
15 27 107
11 58 27 108
2 41 79 27 105 13 32 105 13 57 105 11 58 27 108
79 79 79 105
13 35 107 105 105 35 27 107 105 13 27 105 13 105 13 108
15 14 27 108
41 14 27 108
41 14 27 108
105 105 35 27 107 105 13 27 105 13 105 13 108
20 35 107 105 13 32 105 105 86 79 105 11 20 52 105 13 18 35 27 107 105 13 105 13 20 52 35 107 40 35 107 40
79 108
13 30 35 27 107 27 105 27 79 108
13 105 27 79 108
13 105 79 108
13 105
19 108
79 108
86 79 79 35 107 27 105 105
79 79 79 79 105
19 108
79 79 79 79 105
79 105
79 105
79 105
79 105
79 108
79 108
79 105
79 105
79 105
79 105
79 108
79 105
79 105
20 19 79 108
79 105
79 105
13 58 19 16 105 13 108
108
35 27 107 105 13 32 19 105 27 105 27 79 34 108 13 105 105 105 13 79 105 105 105 79 105 15 14 105 40 14 108
13 19 105
108
19 19 19 45 106 11 16 27 105 41 27 105 105
113
79 108
13 57 79 108
13 77 105 79 108
13 105 79 108
13 105 15
79 108
13 79 79 79 105
79 19 87 79 105 13 32 57 79 79 79 79 105
108
108
79 108
79 79 79 105
13 30 19 86 19 87 79 79 20 105
13 35 27 107 105 13 105 93 19 105 19 105
79 79 79 105
13 108
19 19 108
19 108
108
40 35 27 107
19 19 108
19 77 44 16 79 32 79 30 105
19 108
19 108
19 108
19 19 108
19 108
19 27 8 8 8 8 110
19 108
108
19 108
108
19 108
19 108
19 19 108
108
19 108
108
108
108
19 19 108
19 108
108
108
19 19 108
113
19 19 108
23 19 108
105
108
113
19 108
105
105
19 19 45 106 11 16 27 105 2 41 27 105 105 13 108
