1 13 14
1 14 15
1 15 16
1 18 19
1 19 20
1 20 21
1 21 22
1 22 23
1 23 24
1 24 25
1 25 26
1 26 27
1 27 28
1 28 29
1 29 30
1 30 31
1 31 32
1 32 33
1 33 34
1 34 35
1 35 36
1 36 37
1 37 38
1 38 39
1 39 40
1 40 41
1 42 43
1 51 52
1 58 59
2 11 44
2 7 6
2 47 46
2 60 59
2 60 58
2 60 59
2 60 57
2 2 8
2 3 6
2 1 8
2 50 57
2 50 48
2 50 49
2 13 16
2 13 12
2 13 57
2 45 18
2 45 41
2 45 54
2 45 55
3 11 10
3 7 5
3 42 43
3 47 9
3 1 4
3 51 52
3 45 56
3 45 55
3 17 53
