1 1 2
1 2 3
1 3 4
1 4 5
1 5 6
1 6 7
1 11 12
1 12 13
1 24 25
1 25 26
1 26 27
1 27 28
1 28 29
1 29 30
1 30 31
1 42 43
1 50 51
2 40 22
2 24 31
2 18 50
2 18 54
2 18 46
2 18 55
2 18 62
2 18 51
2 18 53
2 18 50
2 18 46
2 18 49
2 18 48
2 18 50
2 18 46
2 18 63
2 18 54
2 18 58
2 23 22
2 16 22
2 17 22
2 64 43
2 64 44
2 64 50
2 64 61
2 64 50
2 64 61
2 64 54
2 64 58
2 64 59
2 64 60
2 64 62
2 64 54
2 64 55
2 64 52
2 64 57
2 64 45
2 64 63
2 64 59
2 64 60
2 64 46
2 64 50
2 64 47
2 64 42
2 64 48
2 64 46
2 64 41
2 64 44
2 64 46
2 64 56
2 64 51
2 64 53
2 64 49
2 33 39
3 24 25
3 23 22
3 16 20
3 16 22
3 17 22
3 17 21
3 17 19
3 11 13
3 1 7
3 33 37
3 33 34
3 33 36
3 33 38
3 33 35
3 8 9
3 8 10
3 15 14
3 32 34
