1 6 7
1 9 10
1 10 11
1 11 12
1 12 13
1 13 14
1 14 15
1 15 16
1 19 20
1 20 21
1 22 23
1 26 27
1 27 28
1 32 33
1 33 34
1 41 42
1 42 43
1 43 44
1 44 45
1 45 46
1 48 49
2 17 52
2 17 52
2 8 52
2 8 52
2 39 41
2 39 47
3 9 16
3 19 21
3 38 40
3 39 46
3 6 7
3 22 23
3 48 49
3 26 28
3 32 34
4 2 50
4 5 17
4 18 24
4 3 50
4 5 50
4 37 4
4 37 36
4 21 50
4 37 50
4 31 4
4 51 4
4 49 30
4 1 50
4 40 50
4 37 24
4 51 50
4 25 29
4 51 36
4 18 36
4 25 50
4 49 36
4 25 17
4 31 24
4 34 36
4 37 35
4 31 17
4 31 30
4 23 50
4 51 17
4 18 4
4 18 17
4 37 17
4 25 4
4 18 50
4 31 50
4 46 17
4 5 4
4 28 29
