79 35 79 29 107 86 79 79 27 27 105 79 79 79 105
79 35 79 29 107 86 79 79 27 27 105 79 79 79 105
79 35 79 29 107 86 79 79 27 27 105 79 79 79 105
106 21 105
19 109 11 44 16 35 29 107 105
19 27 79 105
13 108 13 27 27 109 13 27 105 11 57 79 35 79 29 107 86 79 79 79 105
79 105
35 79 79 29 107 79 79 108
13 105 13 105 11 58 27 79 79 108
13 105 13 32 105
13 105 13 105 13 105 27 79 79 108
13 105 13 32 105
13 105 13 105 13 105 27 79 79 108
13 105 13 32 105
13 105 13 105 13 105 79 79 105
106 22 105
19 109 11 44 16 35 29 107 105
35 79 29 107 27 79 108
13 79 79 19 109 13 105 13 105 13 105 27 27 105 27 79 108
13 79 79 19 109 13 105 13 105 13 105 79 105
35 79 29 107 27 79 108
13 79 79 19 109 13 105 13 105 13 105 27 27 105 79 105
21 21 20 106 21 105
19 109 11 44 16 35 29 107 105
79 79 79 79 79 108
13 19 109 13 105
35 79 79 29 107 79 79 105
106 21 105
106 21 105
19 109 11 44 16 35 29 107 105
79 79 79 79 79 108
13 19 109 13 105
35 79 79 29 107 79 79 105
106 21 105
106 21 105
19 109 11 44 16 35 29 107 105
79 105
79 105
35 29 107 86 79 27 27 105 79 105
13 32 105 13 58 27 21 105
13 32 86 21 105
13 32 86 21 105
13 32 86 79 105 13 105 13 105 13 105 11 62 79 105 13 105 13 105 13 105 11 62 79 105 11 57 35 107 27 105 13 79 105 13 105 13 105 13 27 27 105 13 105 13 27 105 13 79 105 13 105 13 105 13 27 27 105 13 105 13 27 105 13 105 13 105 13 105 13 105 13 86 35 107
79 105
108 13 109 13 27 27 109 13 109 35 29 107 86 79 105
86 79 79 105
79 65 109 13 27 105 11 57 79 35 79 29 107 86 79 79 27 79 108
13 105 79 79 79 105
21 19 106 21 105
19 109 11 44 16 35 29 107 86 79 105
79 105 13 105 13 18 14 35 107 40
