1 6 10
1 10 11
1 11 12
1 12 13
1 13 14
1 14 15
1 15 16
1 16 17
1 17 7
1 7 8
1 8 9
1 18 24
1 24 25
1 25 26
1 26 27
1 27 28
1 28 29
1 29 30
1 30 31
1 31 19
1 19 20
1 20 21
1 21 22
1 22 23
1 37 38
1 38 39
1 39 40
1 40 41
1 41 42
1 42 43
1 43 44
1 52 53
1 53 54
1 54 55
1 55 56
1 56 57
1 57 58
1 59 60
1 60 61
1 61 62
1 63 64
1 64 65
1 65 66
1 66 67
1 67 68
1 68 69
1 69 70
1 70 71
1 72 73
1 74 75
1 75 76
1 76 77
1 77 78
1 80 81
1 81 82
1 82 83
1 83 84
1 86 87
1 89 90
1 90 91
1 91 92
1 93 94
1 94 95
1 95 96
1 100 101
1 101 102
1 102 103
1 103 104
1 104 105
1 108 109
1 109 110
1 111 112
1 114 115
2 46 47
2 45 97
2 50 35
2 50 122
2 51 36
2 51 35
2 51 120
2 51 47
2 51 121
2 85 47
2 85 36
2 99 35
2 99 122
2 79 122
2 79 35
2 113 47
2 113 36
2 37 44
2 63 36
2 63 47
2 106 35
2 106 122
2 98 35
2 98 122
2 88 122
2 88 35
3 52 58
3 124 128
3 124 129
3 49 48
3 51 126
3 51 130
3 74 78
3 18 5
3 18 4
3 18 23
3 89 92
3 80 84
3 2 1
3 93 96
3 108 110
3 100 105
3 111 112
3 6 4
3 6 9
3 114 115
3 72 73
3 117 116
3 59 62
3 119 127
3 32 33
3 32 34
3 118 116
3 131 125
3 63 71
3 3 5
3 86 87
3 107 123
