13 79 105
79 108
79 108
79 109 13 32 35 79 79 79 79 79 79 107 35 79 107
79 30 79 57 79 109 11 58 79 79 79 79 108 13 109
79 108
13 105
13 57 79 108
13 105
13 52 79 105
79 108
13 105
13 79 108
13 105
13 105
11 79 108
13 105
105 13 32 105
11 57 79 108
13 105
13 105
13 57 79 108
13 105
11 44 35 107 40 79 21 108
15 79 105
79 108
11 57 62 79 108
13 105
13 105
41 79 108
13 105
79 108
13 105
79 58 15 79 105 11 57 79 107
13 27 105 13 32 105 13 57 105 11 57 19 16 19 41
13 105 13 20 105 13 57 35 107 109 13 109 11 58 8 18 109 13 32 108
19 19 58 93 27 108 15 105 11 20 52 93 27 108 105 13 33 57 105 13 109 13 105 13 108
13 105 13 105 13 105 11 58 105
13 93 19 36 19 27 72 27 19 36 19 72 19 19 108 13 72 19 110 13 57 109 11 109 62 2 57 93 35 27 107 105 13 27 105 13 105 13 108 42 14 93 35 27 107 105 13 105 13 105 13 108 93 35 27 107 105 13 105 13 105 13 108 42 2 41 105
13 93 19 36 19 27 72 27 19 36 19 72 19 110 13 57 109 11 109 20 53 105
13 93 19 36 19 27 72 27 19 36 19 72 27 110 13 57 109 11 57 19 109 12 105
13 93 27 19 36 19 108 13 72 105 109 8 32 8 35 107
35 107 27 79 105 27 77 108 13 105 27 79 105 27 108 12 108 13 105 27 77 108 13 105 105
13 93 105 42 2 42 2 42
19 27 105 13 105 11 58 15 108 13 27 109 11 57 27 105 13 32 57 105 13 86 86 35 79 107
93 58 108 13 100 93 21 105 13 19 109 11 58 15 86 105 13 27 105 11 57 105 13 105 13 57 35 29 107 27 105 105
13 105 11 54 19 53 35 107 105 105 105 105 13 105 15 109 13 32 107
19 108 13 35 107 27 105 27 105 27 105 93 35 27 107 105 13 27 105 13 105 13 27 105 13 105 13 108 79 105
19 19 93 27 108 86 105 13 27 105 11 57 105 13 105 13 57 93 35 27 107 105 13 27 105 13 105 13 108 79 105 13 93 27 36 72 105 107
19 19 106
19 19 19 106
19 19 106
80 57 107
107
11 58 79 105 79 105 79 57 79 105
11 57 107
107
15 35 29 107 79 105
105 11 45 15 93 27 108 79 105 11 57 79 58 35 107 21 105 13 21 105
13 105 13 19 105 13 21 35 107
105 13 105 13 86 79 105 41 108
13 105
19 19 19 109 13 32 78 108 11 57 121 25 50 58 2 16 78 108 11 78 108 11 79 105
12 79 105
13 86 109 11 21 52 79 57 80 58 79 57 86 79 79 19 87 21 105
13 107
108
35 107 105 35 35 107
107
19 36 19 72 105
2 41 14 27 105 13 108 41 2 41 109 11 21 52 35 27 107 27 79 79 105 27 79 79 105 27 79 79 105 105
35 27 79 79 105 13 109 13 108 13 107 79 21 105
13 108
79 108
13 105
13 32 79 105
13 79 108
13 79 105
19 79 108
79 108
13 105
13 32 105
13 79 108
13 79 105
19 79 108
79 108
13 105
79 108
79 108
13 105 13 32 35 79 29 107 93 105 79 108
13 105 13 32 105 11 36 19 2 79 108
13 105 13 32 105 11 53 79 105
79 79 108
13 105 13 32 105
13 79 108
13 79 105
19 79 57 79 58 93 27 108 15 80 58 79 105 13 93 19 36 19 27 72 27 19 36 19 79 72 19 79 72 19 110 13 57 109 11 62 57 109 41 14 8 57 109 35 107 27 79 105 79 57 35 107 79 93 20 105 105 13 27 105 27 78 108 13 105 27 79 105 27 79 105 79 105 13 93 105 93 27 108 42 14 93 35 27 107 79 105 13 105 13 108 93 35 27 107 105 13 105 13 105 13 108 42 14 57 109 40 57 109 42 14 8 8 41 14 42
79 108
19 79 108
79 79 108
13 79 108
13 105
13 105 13 32 105
13 79 108
13 79 105
19 79 108
79 105 13 32 79 105 13 32 79 108
79 79 105
13 32 35 79 29 107 27 105
13 105 79 105
79 79 108
13 79 105
79 108
108
11 57 35 79 29 107 22 105 79 105
13 108
79 19 108
79 19 108
108
109
109
109
35 107 105 35 107 35 107 105 105 93 52 35 27 107 27 105 27 19 36 19 27 72 105 27 105 27 105 108 13 27 105 79 79 21 105 13 108
105 13 35 27 107 105 13 105 13 108
35 27 107 19 105
13 105
13 27 105 27 19 105 105
13 27 105 105
13 27 105 27 105 105
13 105
108
