1 1 2
1 2 3
1 3 4
1 4 5
1 5 6
1 70 71
1 71 72
1 72 73
1 73 74
1 74 75
1 75 76
2 28 35
2 37 34
2 26 35
2 27 35
2 23 33
2 23 34
2 23 21
2 23 21
2 23 20
2 23 22
2 25 35
2 36 34
2 10 20
2 10 32
2 10 22
2 10 1
2 10 34
2 10 21
2 10 21
2 10 33
2 10 6
2 10 18
2 24 34
2 24 35
2 9 21
2 9 1
2 9 20
2 9 18
2 9 22
2 9 21
2 9 32
2 9 33
2 9 34
2 9 6
2 13 16
2 15 35
2 14 16
3 8 7
3 28 29
3 37 17
3 26 29
3 27 29
3 25 29
3 10 19
3 11 12
3 9 18
3 15 30
3 15 31
3 15 29
4 64 54
4 60 49
4 58 40
4 43 56
4 76 40
4 61 56
4 42 49
4 70 46
4 51 40
4 79 41
4 38 54
4 47 44
4 52 63
4 70 62
4 45 63
4 55 54
4 70 66
4 65 39
4 48 54
4 79 77
4 67 77
4 79 66
4 78 68
4 79 59
4 70 53
5 51 50
5 58 57
5 76 69
