11 57 27 27 108 27 105 13 32 57 35 107 19 105 19 105 19 105 13 2 58 27 105 11 58 27 19 108
11 57 27 27 108 27 105 13 32 57 35 107 19 105 19 105 19 105 13 58 27 19 108
11 57 27 27 108 31 93 18 58 27 19 108
11 57 27 27 108 41 14 31 40 27 19 108
11 57 27 27 108 23 19 35 107
105 13 110 41 2 41 2 42 8 42
79 57 79 80 57 35 107 27 19 105 19 105
19 19 19 106 35 107 86 105
79 105 13 32 80 58 57 27 19 108
79 105 13 32 57 79 105
79 105 13 32 79 105 13 32 57 57 105
13 57 105 13 79 105 13 109 11 57 109 13 32 22 105
79 105 13 32 57 105
19 79 105 13 32 58 16 108
19 79 105 13 32 58 15 19 108
79 105 13 32 58 15 79 57 79 19 105 79 105 79 105 79 105 41
13 57 27 105 13 32 57 33 58 79 105 13 32 57 35 27 108 13 107 105
93 58 35 107 105 13 35 27 27 108 13 107 105
94 58 19 101 19 105 13 35 29 107 22 105
2 77 209 84 2 42 79 57 79 27 105 79 19 105 79 27 79 105 79 27 79 105 11 108 13 105 79 105 13 35 35 107 20 107 79 105 105 19 79 105 11 27 19 108
11 57 79 27 105 13 57 27 35 107 27 105 13 105 13 105 13 108 20 53 20 54 79 105 13 86 80 57 35 79 105 13 20 107 20 36 35 20 107 105 11 19 51 19 105 41 14 42 79 105 8 41 105 13 86 79 57 79 109
79 105 13 32 86 79 19 105 79 19 105 79 57 79 27 108
105
79 105 13 32 57 79 108
79 105 13 32 57 79 57 79 79 105
19 19 19 107
19 107
107
105 13 79 105 13 109 11 57 109 13 32 22 105
13 107
11 63 44 108 13 35 107 57 105 57 105 107
15 105 11 58 105 105 41
105 11 57 105 35 107 93 20 105 107
105 41 14 31 40 31 15
19 19 107 87 86 105
79 80 58 79 19 87 79 79 57 79 79 19 105
19 27 19 108
13 29 107 27 79 105 27 79 105 79 105
106
106
21 21 106 19 105
13 105 105
13 105 105
19 106
13 105 105
19 106
13 105 13 105 105
13 105 27 27 105 79 105
106
19 21 106
13 29 107 20 105
13 105 13 105 105
106 21 105
19 106
13 105 13 27 105 13 105 13 105 79 105
106
19 21 106
13 29 107 20 105
21 21 19 105
13 105 105
13 105 105
19 19 106
21 21 21 106 19 105
13 29 107 27 79 105 27 79 105 79 105
13 29 107 105
106
13 29 107 79 105
106
19 52 20 52 27 105 13 86 27 105 13 86 27 105 11 84 79 27 79 109 79 27 79 109 79 27 77 109 79 109 107
13 29 107 105
15 79 52 80 57 27 27 107
41 27 107
41 79 52 80 57 27 27 107
41 27 107
41 79 52 35 105
13 29 107 20 105
19 106
35 27 107 35 108 13 107 27 105 13 105 13 105 13 105 27 105 22 105 27 19 105 105
19 21 52 35 105 13 29 107 105
