1 1 2
1 2 3
1 3 4
1 30 41
1 41 42
1 42 43
1 43 44
1 44 45
1 45 46
1 46 47
1 47 48
1 48 31
1 31 32
1 32 33
1 33 34
1 34 35
1 35 36
1 36 37
1 37 38
1 38 39
1 39 40
1 69 70
1 70 71
1 71 72
1 72 73
1 73 74
1 75 76
2 65 13
2 65 15
2 65 10
2 65 18
2 65 14
2 65 17
2 65 11
2 65 14
2 65 12
2 63 13
2 63 18
2 63 17
2 63 14
2 63 18
2 63 10
2 63 12
2 63 11
2 63 15
2 63 14
2 60 14
2 60 18
2 60 13
2 60 10
2 60 15
2 60 17
2 60 14
2 60 18
2 60 11
2 60 12
2 55 10
2 55 14
2 55 13
2 55 11
2 55 12
2 55 18
2 55 14
2 55 17
2 55 15
2 55 18
2 62 12
2 62 14
2 62 11
2 62 13
2 62 17
2 62 18
2 62 18
2 62 10
2 62 15
2 62 14
2 59 10
2 59 11
2 59 12
2 59 14
2 59 17
2 59 14
2 59 15
2 59 18
2 59 18
2 59 13
2 66 14
2 66 14
2 66 18
2 66 12
2 66 13
2 66 10
2 66 15
2 66 18
2 66 17
2 66 11
2 56 14
2 56 18
2 56 13
2 56 15
2 56 10
2 56 12
2 56 14
2 56 11
2 56 18
2 56 17
2 58 12
2 58 18
2 58 17
2 58 10
2 58 11
2 58 14
2 58 13
2 58 15
2 58 14
2 58 18
2 67 12
2 67 18
2 67 18
2 67 17
2 67 15
2 67 14
2 67 10
2 67 13
2 67 14
2 67 11
2 64 14
2 64 12
2 64 17
2 64 15
2 64 10
2 64 18
2 64 14
2 64 11
2 64 18
2 64 13
2 57 18
2 57 12
2 57 18
2 57 15
2 57 10
2 57 11
2 57 14
2 57 14
2 57 13
2 57 17
2 61 18
2 61 14
2 61 18
2 61 14
2 61 10
2 61 12
2 61 11
2 61 15
2 61 13
2 61 17
2 30 12
2 30 14
2 30 11
2 30 14
2 30 10
2 50 14
2 50 11
2 50 14
2 52 54
2 68 53
2 8 6
2 8 6
2 8 6
2 8 7
2 8 6
2 24 19
2 28 14
2 28 14
2 28 19
2 28 11
3 75 76
3 25 20
3 69 74
3 30 40
3 49 20
3 51 21
3 9 16
3 8 5
3 1 4
3 24 23
3 27 22
3 27 21
3 29 22
3 29 21
3 26 21
