35 27 107 35 27 107 79 108
13 105 13 27 105 13 79 108
13 105 13 105 13 108 13 27 105 79 108
13 105
11 77 105 93 86 35 107 93 79 19 22 108
19 35 79 107 105 13 32 27 105 20 105 27 27 105 105 105 13 79 19 93 105 20 36 105 11 79 105 13 79 108
19 79 27 105 13 32 105 13 57 105 11 16 2 41 14 94 57 27 27 108 105 2 41
35 79 79 79 79 27 27 108
79 79 108
11 57 79 27 105 13 57 94 57 27 35 27 107 105 12 105 13 27 105 13 105 12 105 13 105 13 108 18 79 27 108
11 57 105 13 108 11 57 94 57 27 27 108 108
19 19 19 36 27 72 27 72 105 13 27 105 13 105 11 57 27 72 8 18 27 105 13 32 58 27 72 8 41 105 13 105 13 93 52 27 72 8 41 105 13 105 13 93 52 27 72 105 13 72 8 41 8 41
19 19 27 105 13 32 58 2 16 105 13 105 13 93 52 2 41 105 13 105 13 93 52 2 41 2 41
19 27 105 13 32 105 13 105 13 18 14 94 57 27 27 108 8 41
19 105 13 27 105 13 105 11 57 8 18 27 105 13 32 105 13 58 8 41 105 11 19 52 8 41 105 13 94 57 27 35 27 107 105 13 105 13 108 58 8 41 27 105 11 58 27 105 11 58 27 105 11 57 27 41 14 105 8 41
35 27 107 35 27 107 105 13 105 13 105 13 108 13 27 105 105
13 109 13 35 107 109
13 35 107 105 13 32 27 105 20 105 105 105 11 105 108 13 27 105 11 57 108 13 35 105 13 108 13 107 27 105 13 105 13 105 13 27 105 13 105 13 35 105 13 108
32 109
35 29 107 22 105 105
35 29 107 22 105 57 79 93 52 27 79 105 105
35 29 107 22 105 27 79 105 105
79 105
107
19 52 93 57 93 108
19 111 79 105
109 13 32 77 105
106 19 105
111 105
19 19 19 79 108
13 105 11 79 108
13 57 79 108
13 105 11 79 27 105
13 109 13 27 109 27 109 109 79 79 108
13 108
79 79 108
13 108
35 79 108
13 79 107
93 109 35 79 29 107 22 105 13 79 105
13 57 79 108
13 105 13 109 13 108
11 57 79 79 79 27 27 108
11 105
13 108 13 105 15 105 11 20 56 79 79 79 27 27 108
11 105
13 108 13 105 41 79 108
13 57 79 108
79 108
19 19 79 108
79 19 108
105 13 32 27 35 27 107 105 13 105 13 108 108
13 105 13 105 13 107 105 11 57 105 31 41 14 31 40 14 105 41
13 105 13 105 13 107 105 11 57 105 31 41 14 31 40 14 105 41
106 108
106 108
106 108
106 108
106 108
106 108
106 108
106 108
106 108
106 108
19 19 106 108
106 108
106 108
108
22 19 22 105 13 32 105
13 93 51 79 27 108
15 108
13 57 35 108
13 108 13 107 27 105 13 105
13 105 13 105 13 105 13 27 105 11 58 27 105 11 57 35 27 107 27 105 105 35 107 108 13 27 105 8 27 27 108 27 108
27 108 27 108 108
13 58 35 27 107 108 13 105 79 105
