19 79 93 108 13 105
35 27 79 105
13 108
13 108 13 107 79 105
32 79 35 79 29 107 105
79 108
13 91 79 108
13 105 13 105 15
79 108
35 27 79 105
13 108
13 108 13 107 79 105
79 27 19 105 11 108
11 27 108
91 58 79 108
11 98 79 108
11 91 170 98 79 108
11 98 79 80 58 79 108
79 80 19 52 79 79 58 79 79 21 105
13 32 86 79 79 79 108
11 105
27 19 105 11 79 19 51 19 52 19 108
79 108
11 19 52 79 108
11 57 79 108
13 108 11 57 79 79 108
35 29 107 22 105 105
13 19 108 13 35 107 21 105 13 105 13 105 13 19 105 13 105 13 20 84 105 13 27 105 13 105 11 57 20 105 13 105 107
35 107 27 105 27 105 105
105 11 44 15 107
41 14 93 35 107 27 105 13 105 13 105 13 105 13 108 41 80 57 19 87 107
105
41 19 87 93 105
13 19 105
13 109 13 27 35 107 27 105 13 77 105 13 105 13 109 109 41 19 108
35 29 107 105
106 93 27 108 20 105
107
21 105
13 32 86 21 105
13 32 86 21 105
13 32 86 21 105
13 32 86 21 105
13 32 86 21 105
13 32 86 21 105
13 32 86 21 105
13 32 86 21 105
107
13 32 86 21 105
13 32 86 79 105 21 105
13 32 86 79 105 107
21 105
13 105 79 35 107 105
13 105 13 27 105 13 105 13 105 79 105
13 105 79 35 107 105
13 105 13 27 105 13 105 13 105 35 105
13 35 107
107 86 27 105
108
13 32 86 19 108
105
11 84 35 105
13 29 107 105
13 105
13 105
35 107
105
105
35 107 105
13 109 13 105 77 84 77 84 19 105
106 105
19 19 19 106 80 57 15 87 108
93 27 108 19 105
13 79 35 27 107 105
13 57 105 11 62 27 105 11 58 27 105 11 58 108 13 108 13 86 8 79 57 79 105 11 58 80 58 93 27 108 79 105 11 58 79 105 79 19 105 105
15 19 108 13 108 13 86 41 14 8 108 13 108 13 86 41 19 108 13 79 58 105
13 108 13 86 79 57 79 105 11 58 80 58 93 27 108 79 105 11 58 79 105 41 14 93 35 107 27 105 13 105 13 105 13 105 13 108 41 14 41
13 57 105 11 62 27 105 11 58 27 105 11 58 108 13 108 13 86 79 57 79 105 11 58 80 58 79 105 79 19 105 105
15 19 108 13 108 13 86 41 14 108 13 108 13 86 41 19 108 13 79 58 105
13 108 13 86 79 57 79 105 11 58 80 58 79 105 41 14 93 35 107 27 105 13 105 13 105 13 105 13 108 41
19 79 57 35 29 107 105
13 105 13 105 13 105 35 29 107 19 19 108
13 22 20 56 55 20 35 107 21 105 13 105 13 105 13 19 105 13 20 20 105 13 19 105 13 86 79 84 27 105
13 32 86 35 107
86 35 29 107 79 19 105
19 79 57 79 105 11 52 79 105 19 86 15 79 57 79 105 11 52 79 105 19 86 41 14 93 35 107 27 105 13 105 13 105 13 105 13 108 41
13 105 13 105 13 105 79 21 105 79 105 79 20 79 105 13 105 15
79 108
106 21 105
35 107 27 105 35 107 27 105 13 79 105 13 105 13 108 13 27 105 105
79 108
35 27 79 105
13 108
13 108 13 107 79 105
79 105
35 27 79 105
13 108
13 108 13 107 79 105
35 29 107 105
105 11 45 15 107
41 14 41 107
41 105
41 35 29 107 93 93 105 105
19 19 106 20 105
13 105 13 27 105 13 105 13 105 27 105 27 108
13 105 27 108
13 110 11 35 9 107 105 13 35 107 27 105 13 105 13 105 13 105 13 35 107 27 105 13 105 13 105 13 105 13 19 105 13 19 105 13 91 105 13 105 15 14 93 35 107 27 105 13 105 13 105 13 105 13 108 41
13 105 27 108
13 27 105 11 58 27 105 11 58 35 105 13 29 107 105
79 35 27 107 105
27 105
11 58 27 105 11 58 27 105 11 58 35 105 13 29 107 22 105 105
