1 1 2
1 2 3
1 3 4
1 4 5
1 9 10
1 16 17
1 17 18
1 19 30
1 30 41
1 41 52
1 52 57
1 57 58
1 58 59
1 59 60
1 60 61
1 61 20
1 20 21
1 21 22
1 22 23
1 23 24
1 24 25
1 25 26
1 26 27
1 27 28
1 28 29
1 29 31
1 31 32
1 32 33
1 33 34
1 34 35
1 35 36
1 36 37
1 37 38
1 38 39
1 39 40
1 40 42
1 42 43
1 43 44
1 44 45
1 45 46
1 46 47
1 47 48
1 48 49
1 49 50
1 50 51
1 51 53
1 53 54
1 54 55
1 55 56
2 14 77
2 14 108
2 14 109
2 65 82
2 65 108
2 65 109
2 65 77
2 62 96
2 62 95
2 62 81
2 19 90
2 19 77
2 13 12
2 103 95
2 103 80
2 88 82
2 88 108
2 88 109
2 88 77
2 63 90
2 72 90
2 72 93
2 72 80
2 72 77
2 72 87
2 72 82
2 71 90
2 67 93
2 67 67
2 67 80
2 100 90
2 101 90
2 85 90
2 7 77
2 7 90
2 83 93
2 68 90
2 86 90
2 6 90
2 122 77
2 110 77
2 74 109
2 74 74
2 74 108
2 8 77
2 8 82
2 8 108
2 8 109
2 76 109
2 76 108
2 76 77
2 76 82
2 9 80
2 9 10
2 94 93
2 118 77
2 75 108
2 75 109
2 75 82
2 75 77
2 106 96
2 106 95
2 102 77
2 102 11
2 121 77
2 119 77
2 119 90
2 69 90
2 64 77
2 64 90
2 66 81
2 16 77
2 16 90
2 16 79
2 99 79
2 99 77
2 73 90
3 19 56
3 63 15
3 71 15
3 70 15
3 7 15
3 83 91
3 1 5
3 68 15
3 86 15
3 107 78
3 84 98
3 6 15
3 112 15
3 115 15
3 120 15
3 89 91
3 105 78
3 113 15
3 117 15
3 94 92
3 111 15
3 97 15
3 119 15
3 114 15
3 69 15
3 16 15
3 16 18
3 104 15
3 116 15
