105 11 21 52 79 20 105 79 27 105
79 27 105
15 105 11 21 52 108
13 27 105
11 57 35 27 107 27 105 79 20 105
79 108
27 35 107 27 105 13 79 77 105 13 105 13 108 79 77 19 52 27 35 107 27 105 13 79 77 105 13 105 13 108 79 108
19 79 108
20 79 35 108
13 107 86 79 79 105 13 19 105 91 53 19 105 79 79 35 107
11 107 79 108
11 57 105 13 8 108 11 57 105 13 27 108 13 108 11 57 91 20 53 93 18 14 8 41 14 41 8 41 8 41
35 19 107
106 108
108 13 105 13 27 105 11 57 35 27 107 105 13 35 107 105 105
20 19 19 20 52 58 57 27 105 13 57 105 13 27 105 11 57 105
15 27 27 105 13 105
108 13 105 41 20 52 52 107
19 19 106 105
13 105
108
13 105
108
13 105
108
13 105
108
13 105
108
13 105 13 105 100 108
13 105
108
13 105
108
108 13 27 105
13 105 13 105 77 58 35 107
86 79 105
107
108
13 27 105
13 80 57 105
11 57 107
105
13 35 107
23 105 21 105
13 32 107
35 107
86 79 105
108
13 80 57 79 108
13 105
13 20 105 107
13 105
11 107
105
13 107
108
13 105
108
13 105
108
19 106 105
19 19 79 105
19 19 106
106 108
107
105 13 27 105 13 32 27 105 11 57 15 27 105 11 57 27 105 13 32 105 11 57 108
19 105 11 45 15 79 105
105 11 45 19 16 108
79 105
79 105
105 13 109 13 32 109
19 79 108
19 35 27 19 107 27 105 79 79 105 13 105
19 79 27 105 11 57 79 79 108
19 79 57 79 27 105 13 32 79 27 105 13 32 32 79 27 105 13 32 32 79 27 105 13 32 8 8 8 79 79 105 13 79 108 13 110 13 57 27 35 107 27 105 13 109 11 105 13 105 13 108 79 19 105
79 58 79 27 105 13 32 105 13 86 79 108 11 57 79 105 13 27 108 13 86 79 18 14 105 41
35 27 107 27 35 107 105 13 27 105 13 105 13 27 105 13 105 13 105 13 105 27 105 57 35 107 27 108 13 105 58 27 105 108
35 107 105 11 57 105 105 11 58 105 13 105 11 58 105 13 105 35 107 93 20 105 105 105 15 14 105 41
19 27 105 13 32 105 13 57 105 11 52 105 11 57 2 16 19 41
19 19 19 105 11 57 105 105 13 57 105 13 105 105 35 107 105 57 105 16 14 105 2 41 14 105 41 14 8 105 57 105 2 41 14 105 2 41 14 105 57 105 2 41 14 105 2 41 14 57 105 40 14 105 41 14 8 41 14 8 41 14 41
35 107 105 15
108
108
79 79 57 79 79 109
79 79 57 108
13 93 105 87 15 19 52 79 105 41 14 105 41 27 19 108 13 105 41 20 105 11 62 27 105 41
19 19 19 108
79 79 79 79 79 79 79 79 79 79 78 110
13 105 13 19 36 19 29 72 19 29 72 105 13 19 36 19 79 72 19 79 105
35 27 107 27 105 113 13 105 27 27 105 9 79 105
13 35 79 107 108 13 105 79 108
13 105 15 77 19 52 105
79 79 79 105
11 169 105 12 35 107 105 12 3 121 24 182 181 50 60 105 11 57 209 209 41 14 27 27 19 36 19 105 13 72 108 13 108 16
35 79 107 19 105 105 79 105 13 19 107
79 79 35 107 27 105 13 79 105 13 105 13 105
13 105
79 109
105
79 108
79 108
79 79 79 109
105 13 27 105 13 32 79 79 80 77 105
79 80 57 79 79 79 105
27 27 108 79 108
79 105
13 105 13 93 105 15
13 105 13 93 105 15
108
79 108
79 108
79 108
79 108
79 108
79 108
79 108
79 108
108
79 108
79 108
108
