1 3 4
1 7 8
1 8 9
1 9 10
1 15 16
1 28 29
1 30 31
1 31 32
1 33 34
1 34 35
1 35 36
1 39 40
1 40 41
1 42 43
1 43 44
1 45 46
1 46 47
1 48 49
1 49 50
1 50 51
1 52 53
1 53 54
1 56 57
1 57 58
1 58 59
1 60 61
1 63 64
1 65 66
1 66 67
1 67 68
1 81 82
1 82 83
1 84 85
1 97 98
1 98 99
1 99 100
1 100 101
1 101 102
1 102 103
1 103 104
1 104 105
1 105 106
1 107 116
1 116 117
1 117 118
1 118 119
1 119 120
1 120 121
1 121 122
1 122 123
1 123 108
1 108 109
1 109 110
1 110 111
1 111 112
1 112 113
1 113 114
1 114 115
1 129 130
1 132 133
1 134 135
2 26 88
2 26 141
2 6 141
2 139 88
2 3 3
2 55 141
2 69 141
2 136 140
2 136 88
2 2 141
2 18 141
2 131 88
2 131 138
2 131 106
2 131 141
2 131 97
2 131 140
2 128 88
2 128 127
2 128 107
2 128 107
2 128 149
2 128 140
2 128 125
2 128 115
2 128 79
2 14 141
2 137 88
2 137 149
2 137 127
2 137 79
2 80 79
2 80 127
2 80 88
2 80 140
2 80 149
2 132 133
2 132 115
2 132 149
2 132 127
2 132 107
2 132 140
2 132 107
2 132 125
2 132 88
2 132 79
2 21 20
2 21 20
2 150 125
2 150 107
2 150 107
2 150 140
2 150 149
2 150 115
2 150 88
2 150 79
2 150 127
2 148 13
2 45 47
2 45 38
2 77 88
2 72 88
2 96 88
2 91 88
2 70 88
2 39 41
2 71 88
2 94 88
2 48 50
2 74 88
2 78 88
2 42 44
2 95 88
2 90 140
2 90 88
2 52 54
2 75 13
2 75 88
2 75 124
2 92 88
2 129 88
2 73 88
2 89 127
2 89 140
2 89 149
2 89 79
2 89 88
2 12 13
2 76 13
2 76 88
2 145 146
2 145 147
3 22 141
3 26 141
3 6 141
3 3 4
3 55 141
3 69 141
3 33 36
3 2 141
3 18 141
3 131 141
3 14 141
3 30 32
3 27 25
3 148 144
3 11 142
3 93 142
3 63 64
3 24 142
3 77 126
3 86 142
3 56 59
3 60 61
3 17 142
3 23 142
3 84 85
3 48 51
3 1 142
3 87 142
3 62 142
3 37 142
3 19 142
3 81 83
3 5 142
3 75 126
3 143 144
3 65 68
3 134 135
3 129 130
3 15 16
3 28 29
3 7 10
