79 108
106 22 105
19 27 19 105 13 27 109 11 52 105
35 29 107 22 105 105
79 108
106 21 105
108
11 57 79 105
15 105 79 84 79 35 105
13 29 107 35 107 27 105 27 80 105 27 80 105 105 19 105
79 108
19 44 15 79 79 93 105 13 109 11 57 109 13 32 108
79 19 79 105 11 209 105 13 35 79 79 107 35 79 35 107 105 13 27 105 13 105 13 107 35 79 35 107 105 13 27 105 13 105 13 107 105 105 105 11 57 105 15
19 19 106 21 105
19 109 11 44 19 16 35 105
13 29 107 105
79 108
106 21 105
79 108
79 34 19 56 35 35 27 107 79 19 65 105 13 105 13 107 105 13 105 13 108 13 79 79 77 108 13 105 79 79 105 13 77 108 13 86 79 79 105 15 14 105 41
79 57 79 79 32 105 11 21 169 105
22 22 22 19 19 106 21 105
79 108
19 79 20 105
13 29 107 22 105 105
106 94 87 21 105
20 52 79 105
19 109 11 44 19 16 35 105
13 29 107 105
105
13 108
13 80 57 79 27 105 11 58 80 57 79 27 105 11 58 35 107 27 35 107 105 13 93 105 13 79 105 13 105 13 105 19 105
105
13 108
13 35 35 107 105 13 105 13 93 105 13 79 105 13 105 13 107 35 27 107 105 13 27 105 11 57 27 105 108 13 27 105 105 13 27 105 11 57 21 105
13 108
79 108
109
21 21 22 19 79 108
13 57 79 80 57 79 108
13 105 79 79 105 35 105
21 20 19 22 19 79 108
13 57 79 80 57 79 108
13 105 79 79 105 105
22 79 108
13 57 79 80 57 79 108
13 105 79 79 105 13 105 13 79 105 13 105 13 105 11 62 35 107
79 108
13 57 79 80 57 79 108
13 105 35 27 107 79 105
13 105 13 105 13 35 27 107 108 13 105 79 105
79 108
13 57 79 80 57 79 108
13 105 79 19 87 79 105
22 19 22 22 19 106 21 105
35 79 105
13 29 107 35 107 27 79 105
13 108
13 105 13 105 105 79 19 105
35 79 105
13 29 107 79 105
79 108
79 35 79 105
13 29 107 105
19 19 52 19 52 27 105 13 57 35 27 105 13 107 27 105
13 109 13 27 105 13 109 109 27 105
13 109 13 27 27 109 109 21 105
13 32 105 13 105 79 57 79 105
21 21 19 19 19 106 21 105
20 19 19 79 77 58 19 84 23 85 79 77 108 13 105 105
19 79 105 13 32 105 11 84 87 35 107 105
19 79 105 13 32 105 11 84 87 35 107 105
79 108
19 19 79 79 57 79 105 13 105 13 86 79 109 11 56 35 107 27 105 35 107 27 105 27 105 27 105 27 105 27 105 105 13 86 79 79 109 11 2 58 209 79 109 11 53 2 79 109 13 105 11 58 80 57 19 105 79 109 13 32 105 105
19 19 79 108
79 79 21 105 79 79 19 105 79 108 12 85 79 80 57 79 19 87 15 79 79 79 105
79 80 57 79 80 57 79 19 87 15 79 79 79 105
79 80 57 79 80 57 79 19 87 15 79 79 79 105
13 93 105 19 36 19 27 72 19 27 72 79 93 27 19 36 19 79 105 13 72 19 110
19 79 108
35 79 105
13 29 107 35 107 27 108
11 105 105 79 19 87 79 105
19 79 79 21 105 79 79 19 105 79 108 12 85 35 79 105
13 29 107 35 107 27 79 80 105 27 79 80 105 105 79 87 79 105
79 27 27 105
79 27 27 105
109
79 105
79 27 79 79 27 105 11 57 27 105
20 19 19 79 79 57 79 105 13 105 13 79 27 105 11 57 91 53 19 105 35 27 107 105 13 105 109 11 56 35 107 27 105 27 105 27 105 27 105 27 105 27 105 27 105 27 105 27 105 27 105 27 105 27 105 27 105 27 105 27 105 105 13 86 79 109 11 2 58 209 109 11 53 2 35 27 107 105 13 27 105 13 109 13 32 105 109 13 105 11 57 109 13 32 105 105
25 25 20 21 20 105 11 58 79 80 58 79 80 57 79 79 105 11 58 79 77 105 11 79 77 108
19 79 20 105
19 19 79 79 57 79 105 13 105 13 86 79 109 11 56 35 107 105 13 86 79 79 109 11 2 58 209 79 109 11 53 2 79 109 13 105 11 58 79 109 13 32 79 27 105 11 57 27 105 11 58 27 105 105
19 19 79 79 57 79 105 13 105 13 86 79 57 79 109 11 56 35 107 27 105 27 105 27 105 27 105 27 105 27 105 27 105 27 105 27 105 105 13 86 79 79 109 11 2 58 209 79 109 11 53 2 79 109 13 105 11 57 79 109 13 32 105 105
19 19 79 79 57 79 105 13 105 13 86 79 109 11 56 35 107 105 13 86 79 79 109 11 2 58 209 79 109 11 53 2 79 109 13 105 11 58 79 109 13 32 105 105
79 79 105 11 57 93 57 93 105 11 52 93 105 11 52 35 27 107 93 105 11 105 93 105 108 12 79 78 181 23 50 62 79 108 12 85 79 79 108
79 105
79 20 105
42 14 105 42 79 80 57 79 105
13 109 13 105 11 57 79 105
13 109 13 105 11 52 79 87 79 84 79 105
79 105
42 14 108
13 108
42 93 93 19 91 105 19 2 2 91 54 93 69 108 11 122 191 209 41 79 79 77 21 193 21 193 191 84 79 77 22 193 46 62 79 105
20 19 19 87 35 107 86 79 105 79 79 105 91 53 80 57 79 20 105 93 57 93 105 11 19 52 2 58 79 19 105 79 19 105 91 20 53 53 91 19 108 13 57 79 19 105 79 77 105 79 77 77 105 79 77 105 79 77 105 77 84 77 84 77 84 108
87 41 79 19 105 58 79 19 105 79 19 105 42 79 93 105 11 57 20 20 107
42 14 105 42 79 93 105 11 57 20 20 107
42 79 93 105 11 57 20 20 107
42 79 93 105 11 57 20 20 107
42 79 93 105 11 57 20 20 107
42 79 93 105 11 57 20 20 107
42 86 79 105 13 105 79 79 105
13 109 13 105 79 105 2 42 14 108
13 19 105
79 93 105 11 57 20 20 107
35 27 107 35 107 105 13 35 107 79 105 13 105 13 93 105 13 27 105 13 105 13 27 105 13 105 13 35 107 79 105 79 105 11 58 79 105 11 58 16 14 105 108
13 105
42 2 42 19 108 13 42 79 105 42 14 105 42 14 108
13 105
105 105
79 57 79 105 79 105 19 86 79 27 105 11 57 27 86 79 105 107
35 35 107 108 13 105 13 93 105 13 27 105 13 105 13 107 35 27 107 105 11 105 11 105 13 105 13 93 23 105 11 171 121 110 13 105 105 108 108 13 19 105 105 105 105 105 8 18 14 8 8 105 41 14 8 8 8 41
13 32 35 27 107 108 12 105 19 19 105 79 105 19 19 105 79 21 105 79 21 105 108 12 85 58 23 85 21 105
13 108
79 57 79 105 11 57 79 105 79 105 11 62 79 79 105 11 209 105 105 41 14 105 108
79 27 105 11 57 35 105
19 52 19 52 27 105 13 57 35 27 105 13 107 105
79 57 79 105
108 12 85 106 107
19 20 52 79 105
16 20 51 20 52 79 105 11 57 105
19 109 11 44 19 16 35 105
13 29 107 35 107 27 91 105 105 105
19 19 106 87 35 27 107 108 12 78 181 105 94 58 77 122 22 91 193 77 108
19 106 87 35 27 107 108 12 78 181 105 108
20 20 19 108 11 212 98 93 58 35 19 20 20 19 91 112 100 91 36 100 15 14 105 41
80 57 79 105
19 19 65 91 20 53 105 11 108 13 18 108 13 35 27 107 58 2 105 41 14 87 105 19 41
86 35 27 107 27 105 79 105 13 19 105
41 14 105 41 27 105 13 32 35 27 107 105 13 27 105 13 105 84 86 86 105 13 35 107 19 108 13 105 11 19 108 13 105 11 19 108 13 105 11 8 2 110
79 108
19 19 19 79 57 79 58 15 35 27 107 27 27 105 79 105
19 19 51 20 51 20 51 20 51 19 51 19 51 2 107
11 57 79 105 11 57 79 105 84 84 15
11 57 79 105 84 84 15
79 105 13 32 58 15 77 20 52 105
105 105 79 105 13 109 11 57 109 13 32 105 11 58 35 107 105 11 57 105 41 79 35 107 86 79 20 105
21 20 19 22 19 79 105 13 32 58 15 77 58 105
