1 10 11
1 15 16
1 16 17
1 25 26
1 26 27
1 27 28
1 28 29
1 29 30
1 30 31
1 31 32
1 33 34
1 34 35
1 36 37
1 37 38
1 38 39
1 40 41
1 41 42
1 42 43
1 43 44
1 44 45
1 45 46
1 51 52
1 55 56
1 58 59
1 63 64
1 64 65
1 65 66
1 66 67
1 67 68
1 68 69
1 69 70
1 70 71
1 71 72
1 72 73
1 73 74
1 74 75
1 75 76
1 76 77
1 77 78
1 78 79
1 79 80
1 80 81
1 81 82
1 82 83
1 83 84
1 84 85
1 85 86
1 86 87
1 87 88
1 88 89
1 89 90
1 90 91
1 91 92
1 92 93
1 93 94
1 94 95
1 95 96
1 96 97
1 97 98
1 98 99
1 99 100
1 100 101
1 101 102
1 102 103
1 103 104
1 104 105
1 105 106
2 1 54
2 1 12
2 1 50
2 60 59
2 60 59
2 60 50
2 60 58
2 62 14
2 62 20
2 62 19
2 61 19
2 61 20
2 61 14
2 48 40
2 48 47
2 48 50
2 48 54
2 48 36
2 48 53
2 48 39
2 48 39
2 48 46
2 48 46
2 107 63
2 107 106
2 57 57
2 2 12
2 25 22
2 25 21
2 7 6
3 55 56
3 62 18
3 10 11
3 5 3
3 5 4
3 13 49
3 9 8
3 25 32
3 24 23
3 33 35
3 15 17
3 51 52
