106 108
106 108
11 58 15 79 105 13 19 8 2 2 2 110
13 58 35 107
79 105
79 58 35 27 107 40 27 27 79 108 13 35 107 22 108 13 86 105 18 14 35 27 107 40 14 35 27 107 40
79 58 79 105 11 105 11 171 108 13 105 105 13 107
13 105
19 27 108
79 77 108
13 105
40 105 13 79 105 13 105 13 32 105
79 19 108
79 105 13 105
79 105
13 79 108
13 105
35 107 27 105 27 79 80 105 108
79 105 15
79 105 15
79 105 13 27 105 13 27 19 36 19 93 72 19 29 72 19 29 72 19 29 72 19 29 72 105 13 79 105 13 19 36 19 19 108 13 72 19 72 19 72 19 27 72 19 72 105 13 32 18 14 27 108
79 105 13 27 105 13 27 19 36 19 29 72 105 13 19 19 36 19 72 105 13 86 15 14 27 108
35 107 27 19 105 27 105 27 105 93 35 107
79 30 79 105
79 105
79 105
13 86 79 79 105 13 79 109
13 79 105
13 27 105 13 8 32 8 58 108
11 79 109
79 109
13 19 19 107
27 108
79 105
79 108
35 107 108 12 8 2 105 13 32 19 108
108 11 58 27 105 57 105
13 108 11 58 19 105 105
13 105 13 34 105 35 105 13 107 105 105 105 11 105 13 20 53 54 105 13 35 105 13 107 108
19 19 19 19 107 27 105 13 32 27 105 13 32 105 13 105 13 108 13 105 13 27 105 13 32 35 27 107 19 105
13 105 11 84 27 108
13 57 2 87 27 108
13 57 2 87 105 13 86 105 13 86 108
11 87 105 11 87 105 11 87 105 13 86 108
13 86 19 105 11 84 108
11 84 105 11 84 105 11 84 105 11 84 105 11 84 77 84 77 84 77 84 57 27 105 11 27 105 11 27 105 11 122 122 194 129 85 51 19 52 87 91 20 53 105 11 87 105 13 57 105 13 105 13 105 11 84 15 2 42 2 42 2 41 26 85 87 41 84 41 87 84 41
11 57 105 13 57 105 11 16 19 41
79 108 13 108
19 19 35 107 27 105 105 13 22 105
35 107 105 13 105 13 18
79 108
13 35 27 107 27 105 13 27 79 105 13 27 108
35 79 107 105 13 32 79 58 79 79 19 108
19 20 19 107 35 107 86 86 86 87 86 86 105
35 27 107 108 13 105 105
13 105
79 32 35 105 13 107 79 105
35 107 105 13 32 19 19 108
27 27 105 105 35 105 13 107 108
35 107 105 13 27 105 11 58 106
35 107 27 105 13 105 13 105 13 108
35 107 27 105 13 105 13 105 13 108
13 105
13 108
13 108
13 105
13 108
13 108
13 105
13 108
13 108
13 105
13 108
13 108
13 105
13 108
13 108
13 105
13 108
13 108
13 105
13 108
13 108
13 105
13 108
13 108
13 105
13 108
13 108
13 19 36 105 13 100 108
13 108
13 19 36 105 13 100 108
13 108
13 19 36 105 13 100 108
13 108
13 19 36 19 29 72 105 13 100 108
13 108
13 19 36 19 29 72 19 29 72 105 13 100 108
13 108
13 19 36 19 29 72 105 13 100 108
13 108
13 19 36 19 29 72 105 13 100 108
13 108
13 19 36 19 29 72 105 13 100 108
13 108
13 19 36 19 29 72 105 13 100 105 13 105 35 27 27 105 13 107 105 15 14 105 13 105 35 27 27 105 13 107 105 40 14 35 107
19 79 79 79 79 79 107
