1 32 33
1 33 34
1 34 35
1 35 36
1 36 37
1 37 38
1 40 41
1 41 42
1 42 43
1 43 44
1 44 45
1 45 46
1 46 47
1 47 48
1 51 62
1 62 63
1 63 64
1 64 65
1 65 66
1 66 67
1 67 68
1 68 69
1 69 52
1 52 53
1 53 54
1 54 55
1 55 56
1 56 57
1 57 58
1 58 59
1 59 60
1 60 61
1 74 75
1 75 76
1 76 77
1 77 78
1 78 79
1 79 80
1 80 81
1 81 82
1 82 83
1 83 84
1 84 85
1 85 86
1 86 87
1 87 88
1 103 104
1 104 105
1 110 114
1 114 115
1 115 116
1 116 117
1 117 118
1 118 119
1 119 120
1 120 121
1 121 111
1 111 112
1 112 113
1 122 124
1 124 125
1 125 126
1 126 127
1 127 128
1 128 129
1 129 130
1 130 131
1 131 123
1 132 133
1 133 134
1 134 135
1 135 136
1 136 137
1 138 139
1 139 140
1 142 143
1 144 145
1 147 148
1 149 150
1 150 151
1 151 152
1 152 153
1 153 154
1 155 166
1 166 177
1 177 188
1 188 193
1 193 194
1 194 195
1 195 196
1 196 197
1 197 156
1 156 157
1 157 158
1 158 159
1 159 160
1 160 161
1 161 162
1 162 163
1 163 164
1 164 165
1 165 167
1 167 168
1 168 169
1 169 170
1 170 171
1 171 172
1 172 173
1 173 174
1 174 175
1 175 176
1 176 178
1 178 179
1 179 180
1 180 181
1 181 182
1 182 183
1 183 184
1 184 185
1 185 186
1 186 187
1 187 189
1 189 190
1 190 191
1 191 192
1 198 199
1 199 200
1 200 201
1 201 202
1 202 203
2 51 61
2 50 73
2 50 88
2 50 98
2 50 72
2 50 100
2 50 90
2 50 94
2 50 18
2 50 95
2 50 92
2 50 94
2 50 91
2 50 74
2 50 89
2 50 99
2 49 98
2 103 102
2 205 205
2 70 91
2 70 71
2 70 72
2 204 204
2 28 94
2 28 98
2 28 18
2 28 100
2 28 99
2 28 72
2 28 94
2 28 91
2 6 18
2 16 72
2 16 91
2 16 98
2 16 100
2 141 146
2 9 91
2 9 98
2 9 99
2 9 94
2 9 72
2 9 94
2 9 100
2 2 98
2 2 18
2 2 72
2 2 100
2 2 94
2 2 91
2 2 99
2 2 94
2 31 99
2 31 94
2 31 100
2 31 98
2 31 18
2 31 72
2 31 94
2 31 91
2 7 18
2 7 94
2 7 98
2 7 91
2 7 94
2 7 99
2 7 100
2 7 72
2 13 72
2 13 94
2 13 100
2 13 95
2 13 92
2 13 98
2 13 99
2 13 94
2 13 91
2 11 99
2 11 95
2 11 92
2 24 95
2 24 94
2 24 89
2 24 90
2 24 99
2 24 100
2 24 98
2 24 91
2 24 74
2 24 73
2 24 72
2 24 88
2 24 92
2 24 18
2 24 94
2 26 18
2 26 94
2 26 99
2 26 94
2 26 72
2 26 100
2 26 98
2 26 91
2 22 94
2 22 18
2 22 74
2 22 90
2 22 99
2 22 100
2 22 94
2 22 98
2 22 72
2 22 88
2 22 92
2 22 91
2 22 89
2 22 73
2 22 95
2 20 94
2 20 91
2 20 72
2 20 99
2 20 94
2 15 100
2 15 98
2 15 72
2 15 94
2 15 94
2 15 99
2 15 91
2 21 72
2 21 93
2 21 95
2 21 99
2 21 92
2 21 93
2 21 91
2 21 18
2 29 99
2 29 100
2 29 94
2 29 18
2 29 94
2 29 72
2 29 98
2 29 91
2 17 98
2 17 100
2 17 94
2 17 94
2 17 99
2 17 72
2 17 18
2 17 91
2 10 100
2 10 99
2 10 98
2 10 94
2 10 94
2 10 91
2 10 72
2 23 99
2 23 72
2 23 98
2 23 100
2 23 91
2 23 94
2 23 94
2 3 98
2 3 100
2 3 94
2 3 99
2 3 18
2 3 91
2 3 94
2 3 72
2 39 39
2 27 99
2 27 94
2 27 72
2 27 100
2 27 18
2 27 98
2 27 94
2 27 91
2 5 99
2 5 100
2 5 72
2 5 18
2 5 94
2 5 98
2 5 94
2 5 91
2 8 72
2 8 91
2 1 98
2 1 100
2 1 72
2 1 94
2 1 91
2 1 94
2 1 99
2 1 18
2 147 148
2 147 148
2 97 99
2 97 72
2 97 91
2 97 96
2 97 92
2 97 96
2 30 72
2 30 94
2 30 98
2 30 100
2 30 94
2 30 99
2 30 91
2 30 18
2 155 192
2 25 98
2 25 91
2 25 18
2 25 100
2 25 72
2 25 94
2 25 94
2 25 99
2 4 98
2 4 99
2 4 91
2 4 18
2 4 72
2 4 94
2 4 100
2 4 94
2 144 145
2 19 72
2 19 91
2 40 72
2 40 91
2 40 94
2 40 98
2 40 100
2 40 99
2 40 94
2 12 100
2 12 98
2 12 72
2 12 91
2 14 98
2 14 100
2 14 94
2 14 91
2 14 99
2 14 94
2 14 72
2 32 100
2 32 94
2 32 99
2 32 72
2 32 94
2 32 91
2 32 98
3 51 67
3 107 106
3 103 105
3 149 154
3 132 137
3 110 113
3 138 140
3 108 109
3 144 145
3 142 143
3 198 203
3 40 48
3 122 123
3 32 38
4 106 101
