19 19 79 19 105
19 19 79 19 105
35 27 107 19 79 19 105
19 79 19 105
19 19 35 79 19 105
79 19 105
79 19 108
108
79 19 105
19 19 19 19 19 79 19 105
19 19 79 19 105
77 44 79 27 105
19 79 19 105
108
19 79 19 105
79 108
79 108
79 30 79 105 11 58 27 19 36 19 79 72 19 79 105 13 72 108
106 108
79 108
108
79 79 108
79 109 13 32 108
19 108
108
108
108
108
108
108
108
19 79 105
79 87 79 79 57 79 79 105 11 62 35 107 27 108
13 58 27 105 27 108
13 58 27 105 27 79 79 105 27 108
13 105 13 105 79 79 79 108
13 86 108
13 35 27 107 79 79 108 13 105 105
19 19 79 35 79 79 107 108
19 27 105 11 58 16 27 105 11 57 79 105
107
41 27 105 11 57 79 105
107
27 105 11 59 209 105 13 35 107 27 108
13 58 27 105 27 108
13 58 27 105 27 79 79 105 27 108
13 105 13 105 108
13 35 27 107 108 13 105 79 79 105
106
19 106
110 13 58 27 20 3 36 9 113
42 14 105
13 20 3 36 9 113
42 14 105
13 20 3 36 9 113
42 14 27 20 3 36 9 113
41 9 41 20 3 53 29 110 13 27 9 105 13 20 3 36 9 20 29 72 9 9 105 13 20 9 3 105 20 3 36 9 20 108
13 72 9 9 105 13 27 20 3 36 9 20 93 72 9 9 9 105 13 20 3 36 9 20 112
11 113 13 72 9 9 9 105 27 20 3 36 9 20 29 72 9 9 9 105 13 20 3 36 9 20 112
13 72 9 9 9 105 27 20 3 36 9 20 29 72 9 9 9 105 13 20 3 36 9 20 112
13 72 9 9 9 105 27 20 3 36 9 20 29 72 9 9 9 105 13 20 3 36 9 20 72 9 9 9 105 27 20 3 36 9 20 29 72 9 9 9 105 13 20 3 36 9 20 72 9 9 9 105 27 20 3 36 9 20 93 72 9 9 9 105 13 20 3 36 9 20 20 113 13 72 9 9 9 105 20 3 53 27 20 3 36 9 9 9 9 105 13 20 3 36 9 9 9 105 13 57 27 9 105 13 32 35 112 110 11 32 9 3 105 42 14 27 20 3 36 9 20 105 13 72 113
15 27 9 105 13 27 9 105 11 27 9 105 11 93 110 11 3 3 52 58 27 20 3 36 9 113
41 14 27 20 3 36 9 20 105 13 72 113
41 108
13 108
13 19 108
13 57 105 13 22 9 3 105 91 22 9 3 9 3 108
13 58 27 20 3 36 9 113
42 14 27 20 3 36 9 20 105 13 72 113
19 79 79 105
19 19 19 57 27 105 13 32 57 105 13 57 105 11 57 105 11 57 2 16 2 41 19 27 19 36 108
105
35 107 105 13 32 18 14 27 19 36 19 105 13 72 108
12 113 13 105 12 23 50 57 27 9 105 13 9 9 105 57 27 9 105 105 105 11 20 3 3 52 27 20 3 36 9 20 9 79 9 72 113
9 79 9 57 9 79 9 20 9 3 109
57 105 57 105 105 42 14 27 20 3 36 9 20 105 13 72 113
42 105 11 20 3 3 52 27 20 3 36 9 20 9 79 9 72 113
9 79 9 57 9 79 9 20 9 3 109
57 105 57 105 105 42 14 27 20 3 36 9 20 105 13 72 113
42 105 11 20 3 3 51 27 20 3 36 9 20 9 79 9 72 20 105 11 113 13 72 20 105 13 72 113
9 79 9 57 9 79 9 20 9 3 109
57 105 57 105 105 42 14 27 20 3 36 9 20 105 13 72 113
42 57 9 79 9 9 79 9 113
35 105 12 6 107 27 9 105 13 57 108
13 9 79 9 9 79 9 9 9 108
13 58 9 79 9 57 9 79 9 20 20 114
57 105 57 105 105 42 14 27 20 3 36 9 20 105 13 72 113
42 105 13 35 107 20 3 36 105 11 20 3 51 20 3 105 41 14 8 27 20 3 36 9 20 9 79 9 72 113
13 57 105 11 58 2 41
13 105 41 34 2 54 65 105 13 27 105 11 105 13 105 11 58 105 11 57 27 36 108
13 58 15 105 13 57 34 62 34 2 54 65 105 11 57 27 36 108
35 107 105 13 32 18 14 27 19 36 19 105 13 72 108
11 58 105 42 35 105 13 107 105 105 105 13 20 36 35 107 108
20 3 3 52 105 13 20 3 36 35 107 105 11 20 3 52 105 105 13 57 105 57 105 18 35 9 107 110 13 9 32 8 20 3 105 3 105 20 3 105 27 108
105 105 13 105 105 41 14 27 36 72 105 13 72 108
19 41 57 110 11 62 27 105 57 110 11 62 9 27 9 105 13 34 105 27 105 105 13 35 107 105 105 105 13 20 36 105 11 61 105 27 19 36 20 72 20 72 20 72 20 72 108
108
93 57 93 18 29 105 13 27 105 13 100 93 41 14 27 19 36 19 105 13 72 108
93 57 93 18 29 105 13 27 105 13 100 93 41 14 27 19 36 19 105 13 72 108
19 19 29 105 13 27 105 13 27 19 36 105 13 19 19 36 105 13 27 19 36 19 29 72 105 13 19 36 19 108
106
93 30 93 58 27 105 13 32 19 27 105 13 100 31 27 27 108 93 105 105 105
19 27 35 107 27 105 13 105 13 105 13 105 13 108 94 58 19 101 105 13 105 13 29 105 13 105 11 58 108
105
13 27 35 107 27 105 13 105 13 105 13 108 108
13 105 13 105 13 105
106 93 27 108 108
79 108
19 19 27 27 19 108 13 35 27 107 105 13 105
35 27 107 79 108
11 62 79 108
13 57 35 107 19 79 105
11 53 105 11 58 27 105 27 105 79 79 79 27 108
11 57 27 20 108 13 79 105 13 105 11 57 27 79 108 13 105 27 105 79 108
11 57 27 79 105 79 57 79 105
11 62 27 79 108
13 105 79 57 79 105
11 62 27 79 108
13 105 79 57 79 105
11 62 27 79 108
13 105 79 105
9 79 9 79 105
11 57 27 105 91 20 54 27 105 9 79 57 9 79 20 27 105 11 57 9 79 27 105 13 19 65 19 65 9 79 9 79 108
11 19 56 19 35 57 27 107 22 105 9 79 105
11 62 27 9 79 19 105
13 105 11 58 9 79 108
13 57 35 107 19 19 9 79 105
11 53 105 11 58 57 27 105 9 79 108
11 57 27 9 79 105 9 79 108
11 57 108
11 57 35 108 13 107 27 105 13 9 79 105 13 105 13 108
19 19 35 27 107 35 27 107 79 105 13 105 13 108 13 105 27 79 105 27 79 105 27 105 79 105
11 62 27 79 19 105
13 105 11 58 79 105
11 56 79 108
13 57 35 107 19 19 79 105
11 53 105 11 58 57 27 105 79 79 79 19 109
91 20 53 35 27 107 35 27 107 79 108
11 57 79 105 13 105 13 108 13 105 27 79 105 27 79 105 79 57 27 79 105 11 58 79 79 108
13 79 79 19 113
79 79 79 19 19 19 109
93 35 27 107 105 13 105 13 108
106
79 105
106
13 41 35 105 13 107 105 13 32 19 105 27 105 27 105 13 57 27 105 13 19 65 41 14 41 44
23 19 108 13 79 79 109
13 105 13 108 13 57 23 78 50 59 15 105 23 105 11 57 23 50 61 23 180 41 181 23 108 41 14 108 13 105 41
19 27 27 9 79 105 11 57 27 27 108 19 9 79 27 105 11 57 108 13 58 29 27 19 36 19 29 72 105 13 19 19 36 19 9 79 72 105 13 8 32 8 58 9 79 79 105 13 27 19 36 105 13 9 79 79 19 36 105 13 32 105 13 27 19 36 19 29 72 105 13 19 36 19 9 79 72 105 13 8 32 8 93 105 11 57 27 27 108 9 79 79 9 79 109
35 93 107
105
9 79 105
15 9 79 27 105 11 57 27 27 108 35 27 107 9 79 108 13 105 9 79 79 109
13 105
9 79 9 35 9 79 9 9 79 9 114
9 79 9 113
13 9 79 9 113
13 110
35 9 79 9 9 79 9 114
13 9 9 107 20 9 3 105 35 9 79 9 9 79 9 114
13 112 21 110 35 20 20 9 3 107
11 112 110 20 9 3 107
11 20 9 3 107
11 20 9 3 107
11 20 9 3 107
13 21 112
11 110 20 110 20 110 35 9 79 9 9 79 9 114
13 9 107 35 20 20 112 9 105 20 3 105 20 3 105 20 3 105 35 9 79 9 9 79 9 114
13 9 107 35 20 20 3 3 107 20 3 105 105 27 9 105 20 3 105 9 79 9 9 79 9 114
13 110 13 27 27 9 79 9 9 79 9 114
13 110 13 9 9 9 105 11 105 13 91 20 3 3 54 105 35 9 9 107
9 105 35 9 79 9 9 79 9 114
13 9 9 107 35 20 20 9 3 3 107 20 20 9 3 3 105 110 27 9 9 105 20 9 3 105 27 27 9 79 9 9 79 9 114
13 110 13 9 9 9 105 11 3 105 13 91 20 3 3 54 9 9 105 35 9 9 107
9 9 105 9 79 9 35 9 79 9 9 79 9 114
13 112 113
113
35 20 20 9 3 3 107 20 20 9 3 3 105 20 20 9 3 3 105 9 79 9 113
13 9 9 105 9 79 9 113
13 20 110 9 79 9 113
13 20 110 9 79 9 113
13 9 79 9 110 9 79 9 113
13 20 110 9 79 9 113
13 20 110 9 79 9 113
13 20 110 9 79 9 113
13 35 9 9 107
110 35 9 79 9 9 79 9 114
9 79 9 113
13 9 107 35 20 20 3 3 107 20 3 105 105 27 9 9 105 20 3 105 27 27 9 79 9 9 79 9 114
13 110 13 9 9 9 105 11 105 13 91 20 3 3 54 105 35 9 9 107
9 105 9 79 9 35 9 79 9 9 79 9 114
13 112 113
13 110
13 110 13 21 3 9 84 9 79 9 113
13 20 110
9 79 9 113
13 20 110
106 27 27 105 11 58 27 105 11 58 27 105 11 57 8 79 105 13 109 13 105 11 58 79 105 35 107
27 27 105
27 105
79 19 108
15 27 105 11 57 35 27 107 108 13 105 79 79 109
13 105
79 79 57 79 79 79 105 13 108
105 13 57 27 105 13 32 19 34 53 80 57 80 58 105
