1 1 2
1 2 3
1 3 4
1 4 5
1 5 6
1 6 7
1 38 39
1 39 40
1 40 41
1 41 15
1 15 16
1 16 17
1 17 18
1 18 19
1 19 20
1 20 21
1 21 22
1 22 23
1 23 24
1 24 25
1 25 26
1 26 27
1 27 28
1 28 29
1 29 30
1 30 31
1 31 32
1 32 33
1 33 34
1 34 35
1 35 36
1 36 37
1 49 50
1 50 51
1 51 52
1 53 54
1 54 55
1 55 56
1 57 58
1 58 59
1 59 60
1 60 61
1 61 62
1 62 63
1 65 66
1 66 67
1 67 68
1 68 69
1 75 76
1 76 77
1 77 78
1 78 79
1 86 87
1 87 80
1 80 81
1 81 82
1 82 83
1 83 84
1 84 85
1 93 104
1 104 105
1 105 106
1 106 107
1 107 108
1 108 109
1 109 110
1 110 111
1 111 94
1 94 95
1 95 96
1 96 97
1 97 98
1 98 99
1 99 100
1 100 101
1 101 102
1 102 103
1 115 116
1 116 117
2 48 8
2 48 14
2 48 13
2 48 9
2 48 12
2 48 9
2 43 37
2 43 41
2 43 42
2 43 38
2 43 41
2 43 42
2 43 42
2 124 115
2 124 117
2 124 10
2 70 9
2 70 9
2 70 12
2 70 11
2 70 44
2 70 13
2 70 8
2 70 14
2 1 13
2 1 7
2 1 6
2 88 85
2 88 85
2 88 86
2 71 9
2 71 9
2 71 8
2 71 13
2 71 44
2 71 14
2 71 12
2 71 11
2 71 10
2 57 64
2 93 46
2 93 9
2 93 14
2 93 9
2 93 44
2 93 11
2 93 12
2 93 13
2 93 114
2 93 45
2 93 8
2 92 9
2 92 44
2 92 11
2 92 45
2 92 46
2 92 114
2 92 12
2 92 8
2 92 14
2 92 13
2 92 9
2 90 114
2 123 14
2 123 114
2 123 12
2 123 45
2 123 8
2 123 11
2 123 9
2 123 9
2 123 13
2 123 44
2 121 9
2 121 44
2 121 14
2 121 13
2 121 46
2 121 11
2 121 12
2 121 8
2 121 9
2 89 85
2 89 85
2 89 86
2 113 12
2 113 44
2 113 14
2 113 9
2 113 13
2 113 9
2 113 11
2 113 46
2 113 8
2 112 9
2 112 117
2 112 9
2 112 8
2 112 11
2 112 115
2 122 44
2 122 11
2 122 9
2 122 46
2 122 8
2 122 9
2 122 14
2 122 12
2 122 13
2 65 64
2 91 114
2 73 12
2 73 9
2 73 13
2 73 9
2 73 14
2 73 11
2 73 8
2 73 46
2 73 47
2 120 46
2 120 14
2 120 8
2 120 11
2 120 13
2 120 44
2 120 9
2 120 9
2 120 12
2 74 79
2 74 75
2 74 79
2 72 8
2 72 11
2 72 47
2 72 13
2 72 12
2 72 46
2 72 14
2 72 9
2 72 9
2 118 13
2 118 9
2 118 114
2 118 14
2 118 8
2 118 9
2 118 12
2 118 11
2 118 46
2 118 45
2 118 44
2 118 47
2 119 9
2 119 12
2 119 45
2 119 13
2 119 47
2 119 11
2 119 46
2 119 14
2 119 8
2 119 9
2 119 114
2 119 44
3 57 63
3 93 103
3 65 69
3 49 52
3 53 56
