19 106 27 105
13 27 19 109 11 19 52 21 105
21 105
105
35 21 107 21 105
13 32 105 79 105 108 13 105 13 109 11 62 109 13 109 11 57 109 13 32 108
11 57 35 107 105 13 105 13 27 105 13 105 13 105 13 105 13 105 41 21 105
13 105 13 86 15 14 41
13 105 79 105 79 30 79 19 108
19 107 87 87 27 108 13 86 108 13 86 93 86 86 79 105 11 58 79 93 105
19 86 105 13 27 105 11 57 19 87 35 107
30 79 105 13 109 13 109 11 57 109 13 32 108
19 105 13 105 11 20 52 19 16 14 41
30 19 79 105 13 109 13 109 11 57 109 13 32 108
40 14 9 79 20 3 108
18 35 9 9 107
27 9 105
13 20 110
11 3 54 9 3 105
13 27 9 105
11 27 9 105
11 27 9 105
13 27 9 105
13 27 9 105
12 27 9 105
12 27 9 105
12 27 9 105
11 27 9 105
11 27 9 105
13 9 79 108
13 105
11 57 19 3 51 9 79 108
13 105
11 57 9 79 108
13 105
35 35 107 9 79 9 110
13 110 13 9 105 13 27 9 105 13 105 13 105 13 9 107 110 11 58 35 27 9 107 40 19 3 52 9 79 108
35 27 9 107 105 13 32 20 9 105 93 27 20 3 36 9 20 9 79 9 113
11 113 13 72 20 9 79 9 113
11 113 13 72 20 9 79 9 113
11 113 13 72 9 9 108 13 110 13 19 9 105 9 34 9 105 110 13 9 105 35 110 13 9 107 20 36 9 9 9 105 11 19 3 51 35 107 9 105 13 35 20 9 3 3 108 13 112 9 105 13 105 13 41 110 110 11 57 27 9 105 11 57 35 9 79 9 27 9 9 107
11 108 13 72 19 113 13 72 108 13 105 13 35 27 107 105 13 32 20 105 19 105 34 105 105 13 105 35 105 13 107 20 36 35 35 107 79 105
106 21 105
27 105 27 105 27 105 27 105 27 105 27 105 27 105 27 105 105
27 105 27 105 27 105 27 105 27 105 27 105 27 105 27 105 27 105 105
27 105 27 105 27 105 27 105 27 105 27 105 27 105 27 105 105
27 105 27 19 105 27 21 105 27 105 27 19 105 27 105 27 105 105
79 105
79 105
13 27 19 105 13 109 13 27 19 109 13 109 79 105
35 79 105
13 29 107 79 105
79 105
13 27 19 105 13 109 13 27 19 109 13 109 79 105
35 79 105
13 29 107 79 105
35 107 27 79 108
11 105 27 79 108
11 105 27 79 108
11 105 27 79 108
11 105 27 79 108
11 105 23 50 58 35 79 105
13 29 107 105 79 105
13 32 105 13 57 105 11 57 19 16 19 41
19 109 11 44 106 11 16 35 107 21 105 13 21 105 13 21 105 13 21 35 107
105 13 21 35 107
105 13 105 41 107
11 57 35 107 27 77 105 27 80 105 27 77 105 27 77 105 27 80 105 35 105
13 29 107 105 105
80 57 19 87 15 93 105
106
79 19 105
79 93 105
19 19 35 79 107
13 35 27 107 105 13 32 20 105 35 107 93 27 19 36 19 77 108 13 72 19 79 108
11 108 13 72 19 77 108 13 72 19 79 108
11 108 13 72 108 13 105 93 27 19 36 19 81 108 13 72 108 13 105 93 27 19 36 19 35 79 107 72 108 13 105 93 27 19 36 19 77 108 13 72 108 13 105 93 27 19 36 19 77 108 13 72 108 13 105 93 27 19 36 19 77 108 13 72 108 13 105 93 27 19 36 19 77 108 13 72 108 13 105 93 27 19 36 19 78 108 13 72 108 13 105 93 27 19 36 19 77 108 13 72 108 13 105 93 27 19 36 19 77 108 13 72 108 13 105 93 27 19 36 19 77 108 13 72 108 13 105 93 27 19 36 19 77 108 13 72 108 13 105 93 27 19 36 19 78 108 13 72 108 13 105 93 27 19 36 19 78 108 13 72 108 13 105 93 27 19 36 19 77 108 13 72 108 13 105 93 27 19 36 19 77 108 13 72 108 13 105 93 27 19 36 19 78 108 13 72 108 13 105 93 27 19 36 19 78 108 13 72 108 13 105 93 27 19 36 19 35 79 107 72 108 13 105 93 27 19 36 19 78 108 13 72 108 13 105 93 27 19 36 19 77 108 13 72 108 13 105 93 27 19 36 19 77 108 13 72 108 13 105 93 27 19 36 19 77 108 13 72 108 13 105 93 27 19 36 19 77 108 13 72 108 13 105 93 27 19 36 19 108 13 105 13 108
11 108 13 72 108 13 105 93 27 19 36 19 77 108 13 72 108 13 105 93 27 19 36 19 79 77 108 13 72 108 13 105 93 27 19 36 19 79 105
12 108 13 72 108 13 105 93 27 19 36 19 77 108 13 72 108 13 105 81 19 51 93 27 19 36 19 77 108 13 72 108 13 105 77 19 52 77 19 52 93 27 19 36 19 81 108 13 72 108 13 105 93 27 19 36 19 81 108 13 72 108 13 105 105 13 105 13 27 105 13 108 19 105 34 105 105 13 105 105 11 20 52 35 105 13 107 20 36 105 11 19 51 35 107 105 13 35 19 108 13 107 105 13 105 13 41 105 105 18 35 105 13 107 20 36 105 11 19 51 105 11 41 105 41 14 41
79 108
11 57 93 27 19 36 19 79 108
13 79 109 13 32 77 108 13 72 19 79 108
11 108 13 72 19 79 108
13 79 109 13 32 77 108 13 72 19 79 108
11 108 13 72 108 13 105 13 19 105 34 105 105 13 105 35 105 13 107 19 36 105 11 19 51 35 107 105 13 35 19 108 13 107 105 13 105 13 41 93 27 19 36 19 79 108
11 58 35 27 107 105 13 32 20 105 79 79 108
13 79 109 13 32 77 19 108
19 19 106 27 105
19 109 11 44 106 11 16 79 80 58 19 86 35 107
19 25 79 105 13 32 77 44 15 79 105 13 27 105 13 65 108 12 199 79 78 49 60 79 79 105 13 27 105 13 19 65 108 12 85 79 79 105 13 27 105 13 19 65 108 12 85 79 79 105 13 27 105 13 65 108 12 199 85 79 79 105
79 105 13 32 105
9 79 105 13 32 108
19 19 19 79 105 13 32 108
41 108
13 93 52 93 105
105
21 108
21 108
41 87 105
42 87 105
42 79 32 8 32 35 107 42 79 32 8 32 79 57 34 79 79 105 11 56 87 93 105
105
86 42 79 79 105 41 105 13 27 105 11 108 13 105 42 35 27 107 105
13 93 77 65 105
11 63 44 15 108
13 93 77 65 105
11 63 44 41 21 108
80 58 108
41 79 79 93 105 105
13 93 52 79 79 93 105 41 105
13 93 52 79 79 93 105 79 79 93 105 41 21 108
44 15 19 52 79 105
19 19 106 87 105
19 79 57 79 27 105 13 57 108 12 105 12 181 24 50 60 79 105 12 85 79 105 12 85 79 105 11 129 25 199 85 79 79 105
13 32 86 79 27 105 11 58 35 27 107 19 105
21 108 13 105 15 87 35 107 19 105 105 105 105 105 35 107
86 79 79 19 105 41 14 41
21 19 79 79 21 105 13 32 79 79 21 105 13 32 57 57 105 11 209 105 11 53 79 79 105
79 79 93 105
79 108
79 93 105
79 57 79 105
79 19 105
106
