1 2 7
1 7 8
1 8 9
1 9 10
1 10 11
1 11 12
1 12 13
1 13 14
1 14 3
1 3 4
1 4 5
1 5 6
1 56 57
1 65 66
1 69 70
1 77 78
1 82 83
1 93 94
1 94 95
1 95 96
1 96 97
1 97 98
1 98 99
1 99 100
1 100 101
1 101 102
1 102 103
1 103 104
1 104 105
1 105 106
1 106 107
1 107 108
1 108 109
1 109 110
1 110 111
1 111 112
1 112 113
1 113 114
1 114 115
1 115 116
1 116 117
1 117 118
1 118 119
1 119 120
1 120 121
1 134 135
1 136 139
1 139 140
1 140 141
1 141 142
1 142 143
1 143 144
1 144 145
1 145 146
1 146 137
1 137 138
2 1 121
2 1 93
2 1 15
2 1 76
2 1 64
2 1 75
2 16 15
2 16 76
2 16 64
2 61 64
2 61 58
2 61 76
2 124 76
2 124 64
2 54 72
2 125 76
2 125 64
2 125 72
2 55 64
2 55 76
2 68 69
2 68 70
2 68 71
2 68 64
2 68 72
2 68 76
2 63 62
2 80 53
2 84 76
2 84 82
2 84 83
2 84 83
2 60 72
2 91 72
2 41 72
2 45 72
2 127 72
2 23 72
2 152 72
2 40 72
2 30 72
2 128 72
2 151 72
2 37 72
2 52 72
2 43 72
2 33 72
2 17 72
2 21 72
2 148 72
2 39 72
2 122 72
2 19 72
2 28 72
2 92 72
2 46 72
2 35 72
2 50 72
2 24 72
2 90 72
2 31 72
2 126 72
2 87 72
2 20 72
2 129 72
2 47 72
2 88 72
2 26 72
2 67 72
2 44 72
2 34 72
2 132 72
2 22 72
2 130 72
2 149 72
2 49 72
2 89 72
2 51 72
2 29 72
2 42 72
2 150 72
2 36 72
2 25 72
2 73 70
2 73 71
2 73 69
2 73 79
2 73 64
2 73 76
2 123 76
2 123 64
2 81 81
2 136 147
2 86 59
2 86 58
2 85 59
2 85 58
2 32 72
2 133 72
2 18 72
2 38 72
2 48 72
2 27 72
2 131 72
3 2 6
3 65 66
3 134 135
3 123 74
3 136 138
3 86 56
3 77 78
4 6 1
4 57 16
