106 22 105
19 19 19 106 21 105
93 105
13 105
13 105
80 57 35 29 107 105
21 105
13 32 86 21 105
13 32 86 79 105 13 105 79 105 13 105 79 105 13 105 79 105 13 105 79 105 13 105 79 105 13 24 105 79 105 13 105 79 105 13 105 79 35 107
105 79 35 107
105 105
13 105 13 105 13 79 105 13 105 79 105 13 27 27 108 13 86 79 105 79 21 105
13 105 21 105
13 32 35 107
40 105 13 79 105 13 105 13 32 105
106 108
105
105
105
105
105
105
105
105
105
105
105
105
105
105
105
105
105
105
105
105
105
105
105
105
105
105
105
105
105
105
105
105
105
105
105
105
86 79 79 105
19 19 45 106 11 16 27 105 2 41 27 105 105 13 108
19 45 106 11 16 27 105 41 27 105 105
35 107 27 105 27 79 80 105 108
22 105 33 58 22 105 105
79 105 15
79 105 15
105
19 19 45 106 11 16 27 105 2 41 27 105 105 11 57 93 109 13 32 105
79 105 13 27 105 13 27 19 36 19 29 72 19 29 72 19 29 72 19 93 72 105 13 19 19 36 19 79 72 19 79 72 19 27 72 19 19 108 13 72 105 15 14 27 108
19 45 106 11 16 27 105 41 27 105 105
19 20 19 107 35 107 86 86 86 87 86 86 105
35 27 107 108 13 105 105
13 105
105
19 45 106 11 16 27 105 2 41 27 105 105 11 57 93 105
35 107 108 12 8 2 105 13 32 19 108
105 11 105 13 20 53 54 105 13 35 105 13 107 108
11 57 105 13 57 105 11 16 19 41
13 58 19 16 105 13 108
79 108 13 108
19 19 35 107 27 105 105 13 22 105
105
35 107 105 13 105 13 18
79 108
13 35 27 107 27 105 13 27 79 105 13 27 108
35 79 107 105 13 32 79 79 19 108
79 57 79 79 109
79 32 35 105 13 107 79 105
35 107 105 13 32 19 108
105 35 105 13 107 108
35 107 105 13 27 105 11 58 106
35 107 27 105 13 105 13 105 13 108
35 107 27 105 13 105 13 105 13 108
105
105
105
105
105
105
13 105
13 108
13 108
13 105
13 108
13 108
13 105
13 108
13 108
13 105
13 108
13 108
13 105
13 108
13 108
13 105
13 108
13 108
13 19 36 105 13 100 108
13 108
13 19 36 105 13 100 108
13 108
13 19 36 19 29 72 105 13 100 108
13 108
13 19 36 19 29 72 19 29 72 105 13 100 108
13 108
13 19 36 19 29 72 105 13 100 108
13 108
13 19 36 19 29 72 105 13 100 105 13 105 35 27 27 105 13 107 105 15 14 35 107
105
79 19 108
19 45 106 11 16 27 105 41 27 105 105
19 19 19 45 106 11 16 27 105 41 27 105 105
105
105
105
105
105
105
105
105
27 105 13 27 105 13 105 11 57 58 15 108
35 29 107 27 105 105
106 27 108
13 105 13 105 13 108
105
105
13 105 13 108
13 105
11 58 35 107 27 105 13 105 13 27 105 13 105 13 108
27 27 107
105
13 105
13 105 13 57 35 107 27 105 13 105
13 27 105 13 105 41
105
105
105
105
105
