1 7 8
1 15 26
1 26 37
1 37 38
1 38 39
1 39 40
1 40 41
1 41 42
1 42 43
1 43 16
1 16 17
1 17 18
1 18 19
1 19 20
1 20 21
1 21 22
1 22 23
1 23 24
1 24 25
1 25 27
1 27 28
1 28 29
1 29 30
1 30 31
1 31 32
1 32 33
1 33 34
1 34 35
1 35 36
1 48 49
1 49 50
1 50 51
1 51 52
1 52 53
1 60 61
1 81 82
1 82 83
1 88 89
1 92 93
1 93 94
1 94 95
1 95 96
1 96 97
1 97 98
1 99 100
1 103 114
1 114 119
1 119 120
1 120 121
1 121 122
1 122 123
1 123 124
1 124 125
1 125 104
1 104 105
1 105 106
1 106 107
1 107 108
1 108 109
1 109 110
1 110 111
1 111 112
1 112 113
1 113 115
1 115 116
1 116 117
1 117 118
1 134 135
1 140 141
1 142 145
1 145 146
1 146 147
1 147 148
1 148 149
1 149 150
1 150 151
1 151 152
1 152 143
1 143 144
2 45 137
2 45 138
2 45 136
2 45 138
2 68 67
2 68 67
2 68 67
2 68 67
2 47 1
2 70 102
2 56 138
2 56 137
2 56 138
2 56 126
2 56 136
2 56 1
2 56 133
2 66 1
2 44 3
2 44 2
2 44 4
2 44 85
2 44 126
2 44 137
2 44 138
2 44 86
2 44 84
2 44 133
2 44 130
2 44 13
2 44 136
2 44 1
2 44 5
2 44 84
2 44 11
2 44 127
3 47 1
3 56 1
3 56 132
3 56 131
3 56 139
3 66 65
3 66 1
3 44 1
3 44 12
3 91 139
3 46 132
3 46 129
3 46 10
3 57 132
3 57 131
3 58 132
3 58 131
3 63 62
3 77 6
3 77 9
3 77 12
3 81 83
3 140 141
3 87 132
3 87 131
3 76 12
3 78 12
3 101 132
3 101 131
3 79 132
3 79 131
3 79 12
3 134 135
3 103 132
3 103 131
3 103 118
3 75 132
3 75 131
3 99 100
3 15 129
3 15 6
3 15 9
3 15 132
3 15 131
3 15 128
3 15 36
3 14 6
3 14 9
3 14 12
3 64 62
3 48 132
3 48 129
3 48 53
3 55 132
3 55 131
3 55 59
3 54 132
3 54 131
3 7 8
3 142 144
3 74 129
3 90 132
3 90 131
3 73 132
3 73 131
3 88 89
3 60 61
3 69 132
3 69 131
3 71 132
3 71 131
3 72 129
3 80 132
3 80 129
3 80 10
3 92 98
