1 1 3
1 3 4
1 4 5
1 5 6
1 15 21
1 21 22
1 22 23
1 23 24
1 24 25
1 25 26
1 26 27
1 27 28
1 28 16
1 16 17
1 17 18
1 18 19
1 19 20
1 29 30
1 30 31
1 31 32
1 32 33
1 47 48
1 48 49
1 52 53
1 53 54
1 55 56
1 56 57
1 57 58
1 58 59
1 67 74
1 74 75
1 75 76
1 76 77
1 77 78
1 78 79
1 79 80
1 80 81
1 81 68
1 68 69
1 69 70
1 70 71
1 71 72
1 72 73
1 83 84
1 85 86
1 86 87
1 87 88
1 88 89
1 89 90
1 90 91
1 91 92
1 92 93
1 95 96
1 96 97
1 97 98
1 98 99
1 100 101
1 101 102
1 102 103
1 103 104
1 105 106
1 106 107
1 107 108
1 108 109
1 109 110
1 110 111
1 119 120
1 121 122
1 122 123
1 140 151
1 151 162
1 162 173
1 173 175
1 175 176
1 176 177
1 177 178
1 178 179
1 179 141
1 141 142
1 142 143
1 143 144
1 144 145
1 145 146
1 146 147
1 147 148
1 148 149
1 149 150
1 150 152
1 152 153
1 153 154
1 154 155
1 155 156
1 156 157
1 157 158
1 158 159
1 159 160
1 160 161
1 161 163
1 163 164
1 164 165
1 165 166
1 166 167
1 167 168
1 168 169
1 169 170
1 170 171
1 171 172
1 172 174
2 85 93
2 51 62
2 66 64
2 119 118
2 119 118
2 119 131
2 119 117
2 29 32
2 29 37
2 44 63
2 38 62
2 43 132
2 47 63
2 7 36
2 7 35
2 1 37
2 1 6
2 1 2
2 1 1
2 46 82
2 124 118
2 124 118
2 180 63
2 113 125
3 83 84
3 15 20
3 55 59
3 50 34
3 50 183
3 140 138
3 140 174
3 66 184
3 119 120
3 52 54
3 112 188
3 112 187
3 29 33
3 44 45
3 47 49
3 8 9
3 135 139
3 115 126
3 133 139
3 136 139
3 134 139
3 137 139
3 7 36
3 67 73
3 121 123
3 94 65
3 105 111
3 100 104
3 95 99
3 11 10
3 14 10
3 13 10
3 12 10
3 41 185
3 42 60
3 42 61
3 116 129
3 116 130
3 40 185
3 180 45
3 180 186
3 39 189
3 114 127
3 114 128
3 181 182
