20 80 58 35 79 107 105 13 32 79 105
105 13 35 35 107 20 107 35 107 80 58 105 13 57 105 27 105 41 14 105 40 14 27 108
13 58 27 108
79 93 105
105 15 105 13 108
19 105 105 105 11 20 55 54 27 105 13 58 35 107 27 105 13 105 13 27 105 13 105 13 108
23 30 79 57 79 58 27 108
79 108
35 27 79 79 108 13 107 79 105 13 105
41 35 107 35 107 44 35 107 40 27 32 105 11 52 2 105 105 79 105 13 109 11 57 109 13 32 79 79 19 105
79 79 105 11 58 79 105 11 57 19 105
19 108 13 19 107
19 108 13 107
108 13 19 107
19 19 19 106 93 30 93 57 93 93 58 100 105
13 27 105 11 57 86 108 12 85 87 58 27 107
41 27 105 13 32 58 27 107
41 27 105 13 32 27 105 13 32 108 13 58 35 27 107 8 93 30 93 58 100 93 57 93 105
31 27 108
105
79 58 93 57 93 86 100 105
13 33 57 93 51 33 57 79 93 52 105
31 86 87 86 105
13 27 105 13 58 27 107
15 27 107
31 41 14 31 40 35 107
105
13 105
27 105 13 108
13 105 13 108
13 57 35 107 27 105 13 105 13 27 105 13 105 13 108
35 107 105 13 32 105 13 108
27 105 105 105
19 93 57 93 105 11 16 105 13 35 29 107 22 105
27 105 13 32 105 13 58 19 18 105 11 44 27 41 27 41 27 41 44
22 93 58 35 107 105 13 35 27 27 108 13 107 105
93 58 35 107 105 13 105 13 57 105 11 57 27 105 11 57 27 27 108 13 35 107 27 105 13 93 105 13 105 13 108 13 105 13 93 105 13 105 11 58 27 105 13 93 105 13 105 11 62 35 107 105 13 27 105 13 105 13 105 13 35 107 93 105 13 27 105 13 93 105 13 105 13 35 107 27 105 13 105 13 27 105 13 105 13 27 105 13 105 13 27 105 13 105 13 27 105 13 27 105 13 105 13 35 107 105 13 27 105 13 27 105 13 27 105 13 27 105 13 105 13 100 93 18 8 42
20 105 13 27 105 11 57 79 108
79 108
79 108
79 108
58 79 108
79 105 13 32 57 80 57 15 77 44 41 79 77 77 108
79 105
35 29 107 105
19 87 19 52 79 57 44 79 105
105 13 33 57 8 32 8 79 105
13 105
11 15 33 57 32 79 105
19 106 108
19 19 87 107
19 91 91 19 54 19 52 105 11 58 105
105 11 58 20 51 20 52 108
11 57 35 27 107 35 27 27 107 105 105
20 20 19 106 79 27 109 11 57 105
13 105 105
13 105 79 105
107
35 29 107 105
35 27 19 107 27 105 35 27 107 27 105 105
35 27 107 27 79 105 11 105 105
13 27 79 108 19 87 19 86 15 14 8 105 41
13 57 35 107 105 11 57 105 19 105
93 35 107 105 13 23 35 107 19 57 34 53 24 50 62 105 13 109 13 23 109 11 58 15 65 105 11 57 65 105 12 180 105 12 113 13 105 209 41 65 105 41 14 8 105 41 109 13 105 13 32 105 12 180 105 149 24 50 60 41
35 27 107 79 57 27 19 105 27 78 105 27 77 105 27 77 105 27 77 105 27 77 105 27 78 105 27 77 105 105
19 106 105
19 2 9 87 19 108 9 79 8 105 13 32 110
9 8 105
9 79 8 19 108
31 19 2 9 87 15 20 20 20 20 8 3 109 11 8 3 109 13 45 27 109 11 109 11 58 19 2 9 87 8 3 109 12 5 9 85 8 3 109 11 3 121 5 5 9 85 8 3 109 11 2 9 84 8 3 109 11 2 9 84 8 3 109 11 2 9 84 44 57 57 57 9 79 8 8 9 9 9 105
42 14 9 27 27 8 8 9 108 42 14 109 105
40 8 3 109 13 19 9 2 108 13 57 105 13 57 105 13 9 8 108
13 105 13 105 13 9 79 8 9 9 113
13 110
13 21 105 13 105 13 105 13 32 110
13 9 80 2 57 8 9 108
9 79 8 35 107 108
9 79 8 108
13 93 19 19 19 19 110
13 27 109 11 27 109 11 27 109 11 27 109 11 27 109 11 27 109 11 27 109 11 27 109 11 27 109 11 27 109 11 27 109 11 27 109 11 27 109 11 27 109 11 27 109 11 27 109 11 27 109 11 9 80 2 58 109 11 58 109 105
9 79 8 30 9 80 2 58 35 9 9 107 9 80 2 58 35 8 9 9 9 107
57 93 105 13 57 105 13 19 109 13 32 108 11 121 85 15 93 41
106 79 35 27 107 105
13 107
19 19 79 106 79 106 79 105 19 86 35 27 107 27 19 105 27 23 105 27 105 27 105 27 105 27 22 105 27 23 105 27 105 105
105
13 32 105
13 57 29 105 13 105
13 109 13 27 105 12 132 109 27 105 12 132 109 109 29 105 13 105
13 27 109 11 108 13 105 11 58 105
11 57 105
13 32 105
13 57 35 107 105 11 57 105 15 14 8 105 42 14 8 105 41
19 19 29 105 13 105
35 27 107 27 19 105 105
13 32 105
27 105
13 32 78 105 27 105
13 32 78 105 27 19 105 27 22 105 105
80 58 19 87 35 27 107 105
13 32 105
27 105
13 32 78 105 27 105
13 32 78 105 105
21 21 19 22 19 58 105
13 108 13 105 35 27 107 27 105 105
13 32 105
27 105
13 32 78 105 27 105
13 32 78 105 105
13 32 84 27 105 27 19 105 105
19 79 105 11 57 79 105 11 79 105 11 105
79 105
79 77 58 79 79 79 79 80 105
79 79 79 108
79 77 58 79 79 79 79 80 105
35 112 108 13 110 13 27 110 13 110 13 35 35 108 13 112 27 110 13 110 13 8 9 107 105 11 58 105 35 9 8 107 110 13 23 35 107 19 8 34 3 2 3 53 24 50 62 105 13 109 13 23 109 11 58 15 65 110 11 57 65 105 13 57 105 13 27 110 11 57 105 12 148 105 12 113 13 8 9 8 105 209 41 65 110 41 14 9 105 41 109 13 105 13 32 105 12 148 105 149 24 50 60 41
13 32 35 107 19 105 19 105 19 105 19 105 19 105 19 105 19 105 13 58 8 18 105 13 19 36 19 105 12 71 19 105 12 71 41 14 8 105 8 41
111
27 113 35 27 8 9 107 35 27 27 112 8 9 105 9 8 105
19 19 79 109 13 109 11 44 27 80 109 27 94 109 27 94 109 109 16 80 57 2 87 41 2 41 87 94 57 2 101 94 57 108
41 2 41 94 57 2 101 79 94 105
41 2 41 35 27 27 108 13 107 105
25 19 79 19 105
19 79 57 79 109 11 61 21 108 13 105 15 79 109 13 109 11 57 109 13 32 105 11 57 105 11 57 105 19 35 35 105 13 19 105 13 105 11 19 170 105 13 108 13 107 27 105 13 105 13 107 105 11 57 105 11 57 105 41 14 8 8 105 41 14 8 105 41 14 8 41
13 108
13 27 109 13 36 72 72 72 108 13 108 13 105 105
13 32 19 36 19 72 108 13 105 21 19 108 13 105 105
13 108 13 27 105 105
13 108
13 32 86 79 27 23 19 8 110 15
109
19 79 105
79 19 19 105
79 19 19 105
79 19 19 105
79 108
86 79 19 105
35 27 107 27 79 105 11 105 98 105
19 19 106 105
13 21 105 13 86 105
13 21 105 13 86 105
13 21 105 13 86 105
13 21 105 13 86 105
13 21 105 13 86 35 21 105
13 107 86 105
13 22 105 13 86 35 20 107
86 29 105 13 105
13 86 105
13 108 13 86 21 105
108
21 105
13 32 86 79 105
105
13 86 105
13 86 105
13 86 105
13 86 105
13 86 105
13 86 105
13 86 105
105
13 86 105
13 105 13 105
27 105
13 32 86 21 105
13 32 79 19 105 11 58 105
13 21 105 13 105 21 105
13 32 86 79 35 19 107
105 21 105
13 32 86 79 35 107
105 35 27 107 79 105
13 21 105 13 86 105
13 105
13 21 105 13 86 105
13 21 105 13 86 105
13 21 105 13 86 105
13 21 105 13 86 105
13 21 105 13 86 105
19 19 77 57 77 52 80 57 108
19 58 79 27 108
13 105
13 105
19 35 27 107 35 27 27 107 105 105 13 105
11 58 35 27 107 105
11 57 35 27 107 105
13 105
13 105
35 27 107 105 13 105 13 108 13 35 27 107 105
