1 7 8
1 8 9
1 9 10
1 21 32
1 32 43
1 43 54
1 54 62
1 62 63
1 63 64
1 64 65
1 65 66
1 66 22
1 22 23
1 23 24
1 24 25
1 25 26
1 26 27
1 27 28
1 28 29
1 29 30
1 30 31
1 31 33
1 33 34
1 34 35
1 35 36
1 36 37
1 37 38
1 38 39
1 39 40
1 40 41
1 41 42
1 42 44
1 44 45
1 45 46
1 46 47
1 47 48
1 48 49
1 49 50
1 50 51
1 51 52
1 52 53
1 53 55
1 55 56
1 56 57
1 57 58
1 58 59
1 59 60
1 60 61
1 67 68
1 68 69
1 69 70
1 70 71
1 71 72
1 73 74
1 82 83
1 92 93
1 93 94
1 94 95
1 95 96
1 98 99
1 99 100
1 100 101
1 101 102
1 102 103
1 103 104
1 104 105
1 117 118
1 118 119
1 119 120
1 120 121
1 131 132
1 133 134
1 136 137
1 137 138
1 138 139
1 139 140
1 140 141
1 142 153
1 153 164
1 164 175
1 175 186
1 186 190
1 190 191
1 191 192
1 192 193
1 193 143
1 143 144
1 144 145
1 145 146
1 146 147
1 147 148
1 148 149
1 149 150
1 150 151
1 151 152
1 152 154
1 154 155
1 155 156
1 156 157
1 157 158
1 158 159
1 159 160
1 160 161
1 161 162
1 162 163
1 163 165
1 165 166
1 166 167
1 167 168
1 168 169
1 169 170
1 170 171
1 171 172
1 172 173
1 173 174
1 174 176
1 176 177
1 177 178
1 178 179
1 179 180
1 180 181
1 181 182
1 182 183
1 183 184
1 184 185
1 185 187
1 187 188
1 188 189
1 194 195
2 113 121
2 113 110
2 113 129
2 113 117
2 113 107
2 113 76
2 113 115
2 113 78
2 113 119
2 113 112
2 113 107
2 113 108
2 113 2
2 90 107
2 90 107
2 90 110
2 90 129
2 90 108
2 90 112
2 90 91
2 125 76
2 125 108
2 125 78
2 125 107
2 125 121
2 125 129
2 125 115
2 125 112
2 125 110
2 125 2
2 125 107
2 125 75
2 125 119
2 125 117
2 12 4
2 19 119
2 19 107
2 19 117
2 19 129
2 19 78
2 19 115
2 19 5
2 19 112
2 19 121
2 19 2
2 19 76
2 19 110
2 19 75
2 19 108
2 19 107
2 3 4
2 111 110
2 111 108
2 111 78
2 111 107
2 111 119
2 111 112
2 111 2
2 111 121
2 111 75
2 111 117
2 111 107
2 111 129
2 111 76
2 111 115
2 1 2
2 124 107
2 124 129
2 124 108
2 124 107
2 87 107
2 87 129
2 87 110
2 87 121
2 87 108
2 87 112
2 87 2
2 87 78
2 87 115
2 87 107
2 87 75
2 87 117
2 87 119
2 87 76
2 142 189
2 130 135
2 80 115
2 80 121
2 80 107
2 80 2
2 80 107
2 80 129
2 80 5
2 80 117
2 80 119
2 80 76
2 80 108
2 80 78
2 80 112
2 80 110
2 80 75
2 97 78
2 97 107
2 97 121
2 97 107
2 97 110
2 97 75
2 97 115
2 97 2
2 97 112
2 97 119
2 97 117
2 97 108
2 97 129
2 97 76
2 15 16
2 6 4
2 133 134
2 88 121
2 88 119
2 88 75
2 88 78
2 88 107
2 88 112
2 88 108
2 88 117
2 88 115
2 88 2
2 88 76
2 88 129
2 88 107
2 88 110
2 92 121
2 92 129
2 92 107
2 92 110
2 92 108
2 92 115
2 92 107
2 92 2
2 92 76
2 92 78
2 92 119
2 92 112
2 92 117
2 92 75
3 127 114
3 7 10
3 89 114
3 125 122
3 21 61
3 12 20
3 12 11
3 67 72
3 79 77
3 3 20
3 73 74
3 136 141
3 14 20
3 14 11
3 124 108
3 124 106
3 124 109
3 124 128
3 18 17
3 13 20
3 13 11
3 98 105
3 82 83
3 84 81
3 84 86
3 85 81
3 85 86
3 133 134
3 131 132
3 194 195
3 88 116
3 88 122
3 88 126
3 123 20
3 92 96
