79 80 35 107 58 19 27 108 13 109 27 57 27 109 27 27 109 35 107
27 108 13 105 13 109 13 109 13 109 11 57 109 13 32 109 13 32 105 41 105 13 105 13 35 107 105 13 32 105 11 20 53 20 53 27 108 13 105 11 209 35 107 27 105 13 105 13 27 105 13 105 13 105 13 108 105 15 14 105 40 14 27 105 13 108 13 105 11 209 108 13 105 11 169 35 107 27 105 13 105 13 27 105 13 105 13 105 13 108 41 14 27 105 13 108 13 105 11 209 108 13 105 11 169 35 107 27 105 13 105 13 27 105 13 105 13 105 13 108 41 14 41
77 44 27 77 20 35 107 27 105 13 105 13 105 13 108 15 79 79 105
35 107 105 13 77 105 13 19 105 13 105 13 105 13 35 107 105 13 105 13 91 91 105 13 105 13 105 13 8 44 21 2 27 105 13 32 105 41 35 107 21 105 13 91 105 13 105 13 108 12 105 13 105 13 105 13 105 13 105 13 105 13 35 107 105 13 105 13 105 13 8 41 20 93 19 105 2 41 1 44
105
19 19 106
19 106 57 27 105 11 84 77 51 105
13 105 13 58 27 27 108 105
15 27 105 13 32 27 105 13 32 58 58 27 27 108 105
41 57 105 13 19 19 19 19 19 8 110
13 22 108
24 20 19 77 44 27 77 20 35 107 27 105 13 105 13 105 13 108 19 16 79 32 105 11 57 23 85 79 105 79 109 13 109 13 109 11 57 109 13 32 79 79 105 13 78 105 41 5 41 79 32 105
79 79 105
79 105
79 58 79 105 11 105 11 171 108 13 105 105 13 35 107
79 58 35 27 107 40 27 27 79 108 13 35 107 22 108 13 86 105 18 14 35 27 107 40 14 35 27 107 40
13 105
19 27 108
19 19 19 19 19 79 79 105 11 77 51 108
13 58 19 18 22 108
19 19 105
13 105 108
41 105
11 105 108
41 105
13 105 105 41 105
13 105 108
41 105
11 105 105 41 105
11 105 108
41 105
11 57 2 16 44 19 41 105
13 105 108
41 105
11 105 108
41 105
11 105 108
42 105
11 105 108
42 105
11 105 108
42 105
13 105 108
11 105 108
42 105
11 105 108
42 105
11 105 108
42 105 13 58 105
105 42 27 109 13 33 57 32 41 35 107
41 108
11 105
105 42 108
2 41 105
11 105
105 42 108
11 105
105 42 108
11 105
105 42 93 108
13 32 105
13 105 108
41 105
11 105 105 41 105
13 105 108
41 105
19 19 27 19 108 11 57 27 27 108 19 105 105 13 105 91 20 55 105 13 105 27 105 13 27 105 11 58 93 105 11 57 27 105 27 105 13 57 27 108 13 105 27 105 108
11 57 105 13 77 20 56 19 57 105
11 57 105
105 13 107
13 105
13 105
57 79 33 58 27 27 108 79 32 27 105 13 105 11 57 79 108
13 109 15 79 108
19 35 27 107 105
100 27 19 108 11 57 27 27 108 35 27 107 79 105 13 105 79 93 27 19 105
58 15 79 33 57 79 32 29 105 13 105 27 105 11 57 27 105 13 33 57 8 32 86 33 57 32 86 79 32 105
19 19 93 57 93 18 108 11 98 105 13 35 27 107 105
79 105
79 108
19 108 11 108 11 51 35 27 107 40 27 108 11 57 27 27 108 79 79 105
27 19 108 11 57 27 27 108 79 108
13 79 79 105
30 19 87 32 86 27 19 108 11 57 27 108 13 108 13 105 11 209 35 107 27 105 13 105 13 105 13 108 107
27 19 108 11 57 27 108 13 108 13 105 11 209 35 107 27 105 13 105 13 105 13 108 107
13 79 79 20 105
19 93 57 15 87 19 108
108
108
19 105 13 57 27 27 105 13 105 11 57 15 108
11 57 105
209 79 109 11 19 56 35 79 79 105
13 107
27 79 109 13 105
79 27 105
13 105 79 79 79 108
79 79 79 108
19 35 79 107 79 108
13 105 79 27 105
13 105 35 107 35 107 79 79 108
8 77 108
13 27 105 27 105 27 79 105
13 105 79 27 105
11 57 27 79 27 105
13 105 8 35 107
13 105 57 27 105 108
35 107 105 13 105 13 108 13 18 14 93 27 108
100 93 105 13 100 93 105 13 100 93 105 13 35 93 29 107 93 105 13 105 19 105
13 105 13 27 105 13 108
13 57 30 80 58 19 87 80 58 79 24 105 31 15 14 31 40
23 108 93 27 108
105 13 35 107 27 105 13 105 13 105 13 20 105
108
35 107 35 105 13 29 105 13 107 105 22 108
19 105 13 35 107
35 93 29 107 27 19 105 93 105
35 35 107 27 105 13 105 13 105 13 107 105 13 8 32 8 19 105 3 105 3 105 57 19 105 57 27 27 105 105 19 105 57 110
13 93 35 107 27 105 13 105 13 27 105 13 105 13 105 13 108
27 105 13 34 105 105 13 105 105 11 93 35 107 27 105 13 105 13 105 13 108
20 52 93 35 107 27 105 13 105 13 105 13 108
105 13 35 27 107 27 105 13 105 11 57 105 13 105 93 35 107 105 13 27 105 13 105 13 105 13 108
35 29 107 27 19 105 91 22 108
79 79 108
79 105
19 57 27 19 105 11 58 101 94 57 16 19 41 52 107
86 35 27 107 27 105 79 79 19 105
108
19 105 13 105 13 105 13 58 27 35 107 27 105 13 105 13 105 13 105 13 108 16 105 13 100 35 27 107 27 105 105 13 22 105
19 105 13 105
79 79 79 19 19 19 109
93 35 107 27 105 13 105 13 105 13 108
106
79 105
106
13 41 35 105 13 107 105 13 32 19 105 27 105 27 105 13 57 27 105 13 19 65 41 14 41 44
19 27 27 9 79 105 11 57 27 27 108 19 9 79 27 105 11 57 108 13 58 29 27 19 36 19 29 72 105 13 19 19 36 19 9 79 72 105 13 8 32 8 58 9 79 79 105 13 27 19 36 105 13 9 79 79 19 36 105 13 32 105 13 27 19 36 19 29 72 105 13 19 36 19 9 79 72 105 13 8 32 8 93 105 11 57 27 27 108 9 79 79 9 79 109
35 93 107
105
9 79 105
15 9 79 27 105 11 57 27 27 108 35 27 107 9 79 108 13 105 9 79 79 109
13 105
9 79 9 113
13 20 110
9 79 9 113
13 20 110
9 79 9 113
13 9 79 9 113
13 110
35 9 79 9 9 79 9 114
13 9 9 107 20 9 3 105 35 9 79 9 9 79 9 114
13 112 21 110 35 20 20 9 3 107
11 112 110 20 9 3 107
13 57 9 79 9 113
11 20 9 3 107
11 20 9 3 107
11 20 9 3 107
11 110 20 110 20 110 35 9 79 9 9 79 9 114
13 9 107 35 20 20 112 9 105 20 3 105 20 3 105 20 113 13 110 11 3 105 35 9 79 9 9 79 9 114
13 9 107 35 20 20 3 3 107 20 3 105 105 27 9 105 20 113 13 110 11 3 105 9 79 9 9 79 9 114
13 110 13 27 27 9 79 9 9 79 9 114
13 110 13 9 9 9 105 11 105 13 20 9 105 105 93 9 105 20 20 9 3 107
11 20 20 9 3 107
11 3 3 3 3 105 105 35 9 9 107
13 110
9 105 35 9 79 9 9 79 9 114
13 9 9 107 35 20 20 9 3 3 107 20 20 9 3 3 105 110 27 9 9 105 20 113 13 110 11 9 3 105 27 27 9 79 9 9 79 9 114
13 110 13 9 9 9 105 11 3 105 13 20 9 9 105 9 9 105 93 9 9 105 20 20 9 3 107
11 20 20 9 3 107
11 9 3 3 3 3 105 110 35 9 9 107
9 9 105 9 79 9 35 9 79 9 9 79 9 114
13 112 113
35 20 20 9 3 3 107 20 20 9 3 3 105 20 20 9 3 3 105 9 79 9 113
13 9 9 105 9 79 9 113
13 20 113 13 110 11 110 9 79 9 113
9 79 9 35 9 79 9 9 79 9 114
13 20 110 9 79 9 113
13 9 79 9 110 9 79 9 113
13 20 110 9 79 9 113
13 20 110 9 79 9 113
13 20 110 9 79 9 113
13 35 9 9 107
110 35 9 79 9 9 79 9 114
13 9 107 35 20 20 9 3 3 107 20 9 3 105 9 105 27 9 9 105 20 113 13 110 11 3 105 27 27 9 79 9 9 79 9 114
13 110 13 9 9 9 105 11 3 105 13 20 9 105 105 93 9 105 20 20 9 3 107
11 20 20 9 3 107
13 21 112
11 3 3 3 3 105 105 35 9 9 107
9 105 9 79 9 35 9 79 9 9 79 9 114
13 112 113
113
9 79 9 113
13 110
13 110 13 21 3 9 84 9 79 9 113
19 27 105 11 57 35 27 107 108 13 105 79 79 109
13 105
