106 19 105
106
19 52 44 15 105
13 79 105
19 52 44 15 105
13 79 105
19 52 44 15 105
13 79 105
19 52 44 15 105
13 79 105
35 79 29 107 79 105
106
106 27 105
13 32 105 13 86 105 13 86 105 13 86 93 35 27 107 79 105 13 105 13 105 93 35 27 107 79 105 13 105 13 105 93 35 27 107 105 13 105 13 105 13 105 105
109
22 19 109 11 45 106 11 16 35 105
13 29 107 105 105
79 79 108
27 79 105
13 109 109 105
79 79 105
79 79 79 79 105
13 105
13 105 11 57 79 79 105
13 32 105
13 109 13 79 79 108
13 108
13 105
13 105 11 58 27 105
13 109 27 79 105
13 109 27 79 105
79 79 105
