1 1 2
1 2 3
1 12 13
1 13 14
1 14 15
1 15 16
1 16 17
1 17 18
1 18 19
1 19 20
1 28 29
1 29 30
1 36 37
1 37 38
1 38 39
1 39 40
1 40 41
1 41 42
1 55 56
1 56 57
1 57 58
1 59 60
1 60 61
1 61 62
1 62 63
1 63 64
1 64 65
1 65 66
1 66 67
1 70 71
1 71 72
1 72 73
1 75 76
1 76 77
1 77 78
1 78 79
1 79 80
1 80 81
1 81 82
1 83 84
1 84 85
1 87 88
1 88 89
1 90 101
1 101 112
1 112 119
1 119 120
1 120 121
1 121 122
1 122 123
1 123 124
1 124 91
1 91 92
1 92 93
1 93 94
1 94 95
1 95 96
1 96 97
1 97 98
1 98 99
1 99 100
1 100 102
1 102 103
1 103 104
1 104 105
1 105 106
1 106 107
1 107 108
1 108 109
1 109 110
1 110 111
1 111 113
1 113 114
1 114 115
1 115 116
1 116 117
1 117 118
1 126 127
1 127 128
1 128 129
1 129 130
1 130 131
1 131 132
1 133 134
1 134 135
1 135 136
1 136 137
1 137 138
1 138 139
1 142 143
1 161 162
1 162 163
1 163 147
1 147 148
1 148 149
1 149 150
1 150 151
1 151 152
1 152 153
1 153 154
1 154 155
1 155 156
1 156 157
1 157 158
1 158 159
1 159 160
1 164 175
1 175 186
1 186 197
1 197 203
1 203 204
1 204 205
1 205 206
1 206 207
1 207 165
1 165 166
1 166 167
1 167 168
1 168 169
1 169 170
1 170 171
1 171 172
1 172 173
1 173 174
1 174 176
1 176 177
1 177 178
1 178 179
1 179 180
1 180 181
1 181 182
1 182 183
1 183 184
1 184 185
1 185 187
1 187 188
1 188 189
1 189 190
1 190 191
1 191 192
1 192 193
1 193 194
1 194 195
1 195 196
1 196 198
1 198 199
1 199 200
1 200 201
1 201 202
1 209 210
1 210 211
1 211 212
1 221 222
1 222 223
1 223 224
1 224 225
1 225 226
1 226 227
1 236 237
1 237 238
1 238 239
1 239 240
1 240 241
1 241 242
1 242 243
1 244 245
1 245 246
1 246 247
1 247 248
1 248 249
1 249 250
1 250 251
1 252 253
1 253 254
1 254 255
1 255 256
1 256 257
1 257 258
1 261 265
1 265 266
1 266 267
1 267 268
1 268 269
1 269 270
1 270 271
1 271 272
1 272 262
1 262 263
1 263 264
1 275 278
1 278 279
1 279 280
1 280 281
1 281 282
1 282 283
1 283 284
1 284 285
1 285 276
1 276 277
1 290 296
1 296 297
1 297 298
1 298 299
1 299 300
1 300 301
1 301 302
1 302 303
1 303 291
1 291 292
1 292 293
1 293 294
1 294 295
1 304 306
1 306 307
1 307 308
1 308 309
1 309 310
1 310 311
1 311 312
1 312 313
1 313 305
1 316 317
1 317 318
1 318 319
1 324 325
1 325 326
1 326 327
1 327 328
1 328 329
1 329 330
1 330 331
1 331 332
1 334 335
1 335 336
1 338 340
1 340 341
1 341 342
1 342 343
1 343 344
1 344 345
1 345 346
1 346 347
1 347 339
1 355 361
1 361 362
1 362 363
1 363 364
1 364 365
1 365 366
1 366 367
1 367 368
1 368 356
1 356 357
1 357 358
1 358 359
1 359 360
1 369 370
1 370 371
1 371 372
1 372 373
1 373 374
1 375 377
1 377 378
1 378 379
1 379 380
1 380 381
1 381 382
1 382 383
1 383 384
1 384 376
1 385 396
1 396 398
1 398 399
1 399 400
1 400 401
1 401 402
1 402 403
1 403 404
1 404 386
1 386 387
1 387 388
1 388 389
1 389 390
1 390 391
1 391 392
1 392 393
1 393 394
1 394 395
1 395 397
1 405 406
1 406 407
1 409 410
1 410 411
1 411 412
1 415 416
1 416 417
1 420 421
1 421 422
1 422 423
1 423 424
1 424 425
1 425 426
1 426 427
1 430 432
1 432 433
1 433 434
1 434 435
1 435 436
1 436 437
1 437 438
1 438 439
1 439 431
1 441 442
1 444 445
1 445 446
1 448 449
1 449 450
1 451 452
1 452 453
1 453 454
1 475 476
1 477 478
1 479 480
2 463 89
2 463 458
2 208 161
2 70 89
2 465 474
2 464 467
2 464 474
2 54 53
2 470 474
2 6 474
2 6 8
2 6 4
2 5 474
2 5 8
2 5 4
2 233 8
2 233 474
2 233 4
2 369 89
2 324 323
2 324 474
2 337 474
2 472 474
2 22 22
2 471 8
2 471 474
2 471 4
2 7 474
2 47 52
2 47 49
2 47 48
2 47 51
2 47 50
2 43 44
2 27 24
2 32 24
2 23 24
3 141 456
3 463 457
3 463 125
3 463 477
3 461 125
3 145 456
3 216 456
3 214 456
3 208 160
3 208 146
3 208 477
3 208 457
3 208 475
3 208 456
3 217 456
3 12 21
3 12 20
3 462 460
3 74 457
3 74 479
3 69 68
3 1 3
3 213 456
3 459 477
3 459 475
3 144 456
3 28 30
3 75 475
3 75 82
3 215 456
3 218 456
3 70 73
3 466 468
3 321 477
3 321 456
3 322 456
3 54 26
3 55 58
3 414 456
3 413 456
3 59 67
3 320 477
3 320 456
3 429 456
3 9 10
3 349 456
3 455 456
3 286 456
3 133 139
3 409 412
3 233 456
3 259 260
3 333 456
3 140 456
3 441 442
3 236 235
3 236 243
3 369 87
3 369 456
3 369 374
3 351 456
3 221 227
3 304 305
3 338 339
3 448 450
3 261 264
3 405 407
3 86 456
3 354 456
3 232 456
3 316 319
3 430 431
3 90 118
3 287 456
3 415 417
3 234 456
3 334 336
3 444 443
3 444 446
3 244 251
3 375 376
3 352 456
3 230 456
3 230 473
3 314 456
3 420 427
3 348 456
3 451 454
3 275 277
3 324 457
3 324 332
3 440 456
3 355 360
3 350 456
3 290 473
3 290 456
3 290 289
3 290 295
3 273 274
3 419 418
3 419 456
3 337 456
3 447 456
3 252 258
3 385 397
3 353 456
3 231 456
3 315 456
3 428 456
3 126 132
3 46 45
3 34 25
3 34 31
3 36 42
3 35 25
3 35 31
3 33 25
3 33 31
3 408 456
3 219 456
3 220 456
3 142 143
3 164 197
3 11 21
3 229 456
3 288 457
3 288 456
3 228 456
3 83 85
3 32 25
3 32 31
3 23 25
4 478 469
4 202 141
4 476 461
4 212 216
4 480 463
4 460 141
4 456 141
4 209 141
4 146 141
5 20 11
5 212 164
5 160 164
