106 27 27 108
105
13 27 105 13 32 105 13 20 35 107 19 19 19 8 110
13 105
27 108
79 108
27 27 108
86 35 27 107 27 105 79 105 13 105
77 19 51 106 41 79 108
79 30 79 105 11 61 31 15 36 79 105 79 105 31 19 19 34 54 65 19 79 105 11 54 79 105 13 32 79 79 79 105
80 57 15 19 105
106 105
13 105 13 27 105 11 57 20 107
15 27 105 11 58 27 105 11 58 27 27 105 13 108 13 105 11 57 105 13 41 35 107 108 105
15 27 105 13 27 105 13 32 86 79 19 58 27 27 108 105
105
15 19 58 19 41 19 57 94 57 105
20 107
15 101 35 107 27 105 11 57 27 105 41 105
13 41 27 79 105 21 105
35 107 27 105 19 105
93 19 35 27 108 13 79 108 13 105 11 57 105 13 41 35 107 8 107 105 13 32 27 27 105 105 11 20 52 93 8 41 93 27 36 105
77 19 51 27 77 20 35 107 27 105 105 105 13 108 41 79 79 105
13 58 35 19 107 105 41 105 13 105 11 58 105 41 105 105 13 44 21 41 20 93 19 105 105 15 44
13 58 19 18 22 108
40 35 27 107
106
106 57 27 105 11 84 77 19 51 105
13 105 13 58 27 27 108 105
15 27 105 13 32 27 105 13 32 58 58 27 27 41 57 105 13 19 19 19 19 19 8 110
13 19 22 108
77 19 24 19 19 44 27 77 20 35 107 27 105 105 105 13 108 16 79 32 79 108
79 108
79 79 105
79 105
79 80 58 15 79 105
13 105
11 57 79 79 79 105
13 105
13 79 105
11 19 108
13 19 109
79 58 79 105 11 105 11 139 108 13 105 105 13 35 107
79 57 27 27 79 108 13 35 107 22 108 13 86 105 18 35 27 107 40 14 35 27 107 40 35 27 107 40
13 105
27 108
80 79 79 108
19 105 13 105 13 108 13 105 11 209 35 107 27 105 105 27 105 105 13 105 13 27 105 13 27 105 13 19 105 13 105 11 58 27 105 13 108 13 108 13 105 11 209 108 13 105 11 169 35 107 27 105 105 27 105 105 27 105 105 13 108 16 105 11 16 14 27 27 105 13 108 13 105 11 57 105 13 41 35 107 108 41 27 108 13 105 11 209 35 107 27 105 105 27 105 105 13 108 16
79 105 13 105 13 105 13 32 18 14 35 27 108 13 105 11 57 105 13 41 35 107 19 107
29 30 93 58 105 13 105 13 29 105 13 105 13 27 105 13 30 19 105 13 32 57 108 13 52 93 41 108
19 27 105 13 19 36 105 13 36 105 13 32 58 8 41 27 109 13 33 57 8 32 41 35 107
11 19 57 31 18 27 19 105 13 105 13 27 105 13 105 13 32 58 8 41 27 109 13 33 57 8 32 41 35 107
40 93 30 93 19 19 58 105 13 27 105 13 36 29 72 27 105 13 100 93 19 36 72 105 31 15 14 41 14 105 13 27 108 11 57 58 105 13 41 105 13 27 27 108 13 105 11 57 105 13 41 35 107 108 35 107
32 107
32 105 11 58 79 109
15 108
13 79 105 11 27 105
13 79 105 11 109
108
11 19 19 8 19 105 11 54 108
11 108
11 44 108
41 93 108
13 32 41 108
11 41 108
11 41 108
35 107
13 27 35 27 107 19 105 105 19 105 79 108 13 105
27 27 27 86 35 79 107
27 27 27 86 35 79 107
86 35 79 107
86 79 105 13 86 27 79 20 105
13 86 27 107
27 27 27 86 35 79 107
35 107
35 107
27 35 107 27 105 20 105
13 105 105 13 27 105 13 27 93 105 11 57 27 35 107
19 105
105
105
41 8 106
35 107
35 107
27 27 27 35 105 13 21 107 27 35 29 107 22 105 93 105 27 19 108
27 35 107 79 108
13 27 35 79 29 107 20 105 8 8 41 14 8 42 27 77 20 51 77 52 41 35 79 29 107 41 35 107 27 79 77 22 108
13 27 105 11 21 21 21 57 27 35 79 107 79 21 105 13 105 13 79 105 13 105 13 105 13 105 13 27 108
11 57 105 41 105 27 105 13 27 57 20 105 8 41 14 8 42 27 108
79 108
79 77 169 105
13 109 11 105
79 108
13 21 105 42 105
13 19 19 109 11 54 109 13 32 105
11 57 105
11 57 105
19 105
13 109 11 55 79 108
13 77 209 109 79 77 209 105
11 57 79 108
209 41 209 41 19 105
13 109 11 55 79 108
13 77 169 109 79 77 169 105
209 41 79 77 169 79 105
11 105
79 108
13 21 42 79 108
13 57 79 108
13 77 109
41 35 79 108
13 77 109 13 32 105
13 105
13 29 107 79 108
13 77 105 79 108
13 20 105 79 108
13 105
13 105
11 57 105
11 217 105
19 58 79 108
13 77 169 105
13 109 79 77 169 105
13 109 11 105
13 27 21 20 21 21 22 19 44 8 8 19 19 19 19 19 8 8 8 19 42 27 27 20 79 105 13 79 105 13 79 105 13 27 27 35 107 79 108
77 57 77 19 52 35 79 108
13 105
13 29 107 79 108
13 77 105 79 108
13 20 105 79 108
13 105
13 105
35 79 108
13 105
13 29 107 79 108
13 77 105 79 108
13 20 105 79 108
13 105
13 105
79 108
27 35 107 105
27 35 107 79 105 79 20 105
13 105 105 13 27 106
27 35 107 105
27 35 107 79 105 79 20 105
35 29 107 79 20 105 105
79 105
13 86 27 79 105
35 107
27 20 105
27 79 105
27 79 105
79 105
13 105
13 27 79 105
79 105
13 27 79 105
35 107 35 27 27 107 105 27 79 105
27 105 27 105 27 79 105
20 105
20 105 13 27 79 105
109 13 109 11 57 109 13 32 27 79 105
27 79 105 11 57 27 79 105
35 107 79 105 27 105 105 13 79 105
19 52 27 79 105
20 19 51 44 42 27 79 105
108
11 57 79 79 105
42 27 79 105
108
11 57 79 79 41 14 8 8 42 27 79 105
108 13 19 108 13 108
11 57 108
11 57 79 105
27 35 107 79 105 79 20 105
11 57 27 79 105
79 105
13 27 79 105
35 107
27 105
11 57 27 79 105
27 105
11 20 52 27 79 105
27 105
11 57 27 105
13 105 105 13 27 79 105
11 57 27 79 105
27 105
13 27 105
11 27 79 105
79 105 11 176 108 13 105
13 21 105 11 54 19 41 19 108 13 8 41 14 8 42 14 8 42 105 11 57 27 79 105
79 105
27 79 105
79 27 27 105
79 27 105
106
41 27 79 105
79 105
105 11 57 27 79 105
35 29 107 79 20 105 20 105 27 79 105
105
27 79 105
79 20 105
13 79 20 105
13 27 27 27 79 105
57 105 13 27 57 105 13 27 105 13 27 105 13 27 79 105
108
105
42 27 79 105
35 29 107 79 20 105 105 27 79 105
20 105
35 107 79 105 27 105 105 13 79 105
27 35 107 105
27 35 107 79 105 79 20 105
27 35 107 105
27 35 107 105
27 35 107 79 105 79 20 105
35 107 79 105 27 105 105 13 79 105
9 9 3 3 35 107 79 105 27 105 105 27 105 105 27 105 105 13 79 105
27 35 107 79 105 79 20 105
13 105 105 13 27 79 20 105
13 79 20 105
13 79 20 105
13 79 20 105
13 79 20 105
13 27 105 11 21 51 21 19 51 21 19 19 51 44 42 27 79 105 11 57 79 105 42 79 105 42 27 35 79 29 107 20 105 20 105 105 105 27 105
79 108
79 108
27 35 107 79 105 79 20 105
27 35 107 79 105 79 20 105
27 35 107 79 105 79 20 105
27 35 107 79 105 79 20 105
27 35 107 79 105 79 20 105
27 35 79 29 107 20 105 105 27 105
9 27 35 107 79 105 79 20 105
13 105 105 13 27 27 79 20 105
13 79 20 105
13 79 20 105
13 79 20 105
13 9 86 27 110 11 21 19 19 51 21 21 51 51 8 42 27 112
42 27 79 21 105 13 32 27 79 21 105 13 27 105 13 32 105 13 32 27 35 107 27 105 108 12 105 105 13 105 105 27 105 105 27 105 8 42 14 8 42 14 8 42 14 8 42 27 79 27 19 36 27 72 27 36 27 72 20 20 20 110 13 27 109 11 57 27 109 11 3 8 3 41 79 27 27 105
11 27 57 27 35 79 29 107 20 105 20 105 105 105 27 105
27 35 107 79 105 79 20 105
13 105 105 13 27 27 79 20 105
13 79 20 105
13 79 20 105
13 79 20 105
13 79 20 105
13 86 27 105 11 21 51 21 19 51 21 19 51 21 51 42 27 79 79 21 105 13 27 105
11 27 57 27 35 79 29 107 20 105 20 105 105 105 27 20 105
27 35 107 79 105 79 20 105
13 105 105 13 27 79 20 105
13 79 20 105
13 79 20 105
13 27 105 11 21 51 21 51 21 51 42 27 79 105 13 105 13 105 13 27 79 20 105
13 79 20 105
13 27 35 79 29 107 20 105 105 19 105 105 27 20 105
79 108
13 86 32 27 35 79 29 107 20 105 105 13 105 13 105 27 20 105
9 27 35 107 79 105 79 20 105
13 27 110 11 20 19 19 45 8 42 27 79 105 13 105 13 108
11 57 27 79 27 36 27 72 27 36 105 13 72 20 20 20 9 9 9 110 13 27 109 11 57 27 109 11 41 79 105 13 27 105
11 3 8 3 27 57 27 35 79 29 107 105 20 105 105 105 27 105
13 105 105 13 27 19 79 20 105
13 79 20 105
13 79 20 105
13 79 20 105
13 79 20 105
13 79 20 105
13 79 105
13 79 105
79 108
13 86 32 27 35 79 29 107 20 105 105 13 105 13 105 27 20 105
9 27 35 107 79 105 79 20 105
13 9 86 27 35 79 79 107
27 110 11 19 20 19 45 19 9 8 42 27 35 79 29 107 105 20 105 105 19 105 27 105
13 105 105 13 27 27 79 20 105
13 79 20 105
13 79 20 105
13 79 20 105
13 79 20 105
13 79 105
13 79 105
13 79 20 105
27 35 107 79 105 79 20 105
27 35 107 79 105 79 20 105
79 108
13 27 35 107 35 27 27 107 105 27 27 105 27 105 105
27 35 107 79 105 79 20 105
27 20 105
27 79 105
13 105
13 27 79 105
13 27 35 107 35 27 27 107 105 27 27 105 27 105 27 20 105
13 105 105 13 27 105 11 20 19 45 42 27 79 27 105
27 79 105 42 27 79 105 42 27 79 105
11 19 57 27 79 105 11 57 79 105 27 107
41 79 105 8 41 79 105 8 79 27 79 105 11 108
11 105
42 14 8 8 8 42 27 79 105
11 57 80 57 107
41 27 35 107
9 27 35 107 79 105 79 20 105
13 27 110 11 21 20 51 21 19 51 20 20 19 19 44 44 44 42 27 79 105 11 57 79 105 42 79 105 79 27 105 27 86 42 27 79 105 11 57 79 105 79 41 79 105 79 105 79 27 105 79 27 105 42 27 79 105 11 57 79 41 79 105 79 27 105 27 86 42 27 19 84 79 86 79 105 42 27 84 79 86 79 105 42 27 35 79 29 107 105 79 105 105 27 105
13 105 105 13 27 79 20 105
13 79 20 105
13 79 20 105
13 79 20 105
13 79 20 105
79 20 105
79 20 105
13 79 20 105
27 35 107 79 105 79 20 105
27 35 107 79 105 79 20 105
27 35 107 79 105 79 20 105
13 105 105 13 27 79 20 105
13 79 20 105
13 27 105 11 21 20 51 21 51 21 51 41 27 35 79 29 107 20 105 79 105 27 105
27 35 107 79 108
32 105
32 105
86 79 79 35 27 107 105
27 35 107 79 105 79 20 105
13 105 105 13 27 79 20 105
13 79 20 105
13 79 20 105
13 79 20 105
13 79 20 105
13 79 20 105
13 27 105 11 21 51 21 19 51 19 44 42 27 36 27 72 27 79 105
11 57 27 35 79 29 107 20 105 105 79 21 105 13 105 27 20 105
27 35 107 79 105 79 20 105
27 35 107 79 105 79 20 105
13 105 105 13 27 105 11 21 51 41 27 21 105
13 108 13 35 27 107 27 105
27 35 107 79 105 79 20 105
27 35 107 79 105 79 20 105
13 21 105 13 105 105 20 105 79 21 105 13 105 27 105
13 105 105 13 27 79 20 105
13 79 20 105
13 79 20 105
79 20 105
13 79 20 105
13 79 20 105
13 27 105 11 20 45 42 27 79 27 19 105
27 79 105 42 27 79 105 42 27 79 21 105 13 27 35 79 29 107 27 20 105 105
27 35 107 79 105 79 20 105
27 35 107 79 105 79 20 105
27 35 107 79 105 79 20 105
27 35 107 79 105 79 20 105
27 35 107 79 105 79 20 105
27 35 107 79 105 79 20 105
27 35 107 79 105 79 20 105
9 27 35 107 79 105 79 20 105
13 108
11 57 27 79 105 13 105 13 108 13 105 11 77 20 52 27 36 27 72 27 19 36 113 13 72 108 13 72 20 20 20 9 8 9 9 9 9 20 9 110 13 27 109 11 57 19 109 11 62 79 79 21 105 13 105 42 19 9 41 9 20 19 19 108
11 57 105 13 27 35 107 27 108 13 105 27 108
13 105 27 108 13 105 27 113 13 105 27 77 52 27 79 27 105
11 27 108 13 105 27 27 19 105 79 21 105 13 8 41 77 27 27 27 19 36 108 13 72 105 79 21 105 13 27 35 107 27 105 27 79 19 105
13 105 105 13 27 79 27 105
11 27 35 79 107
105
13 27 79 20 105
13 79 20 105
13 79 20 105
13 79 20 105
13 27 110 11 21 19 19 19 51 21 51 9 8 42 27 79 105 13 105 13 79 105 13 105 13 79 105 11 27 79 20 105
27 35 107 79 105 79 20 105
13 105 105 13 27 79 20 105
13 79 20 105
13 79 20 105
13 27 105 11 21 51 21 51 21 51 41 27 107
41 27 79 105 41 27 35 79 29 107 20 105 20 105 19 105 27 105
27 35 107 79 105 79 20 105
13 105 27 27 19 105 79 21 105 13 8 8 8 41 27 27 27 19 36 19 77 108 13 72 105 79 21 105 13 27 35 107 27 105 27 79 19 105
13 105 105 13 27 27 35 79 107
105
13 27 105 11 21 51 8 42 27 79 105 13 105 13 79 105 13 105 13 27 79 20 105
13 108
11 57 108
11 57 105 13 27 35 107 27 108
13 105 27 108
13 105 27 77 20 52 27 27 27 108
9 27 35 107 79 105 79 20 105
13 72 19 19 20 8 8 8 8 8 9 110 13 27 109 11 57 19 109 11 62 79 79 21 105 13 105 42 109 27 35 107 77 19 51 27 105 13 108
13 105 41 27 105 13 108
13 41 27 108 13 105 27 77 20 19 52 77 51 27 79 27 105
11 27 108 13 105 27 77 108 13 105 27 27 105 41 27 79 27 105
11 27 108 13 105 27 19 108 13 105 27 27 41 79 21 105 13 9 8 9 42 77 51 27 27 27 19 36 77 108 13 19 72 77 108 13 72 105 41 27 27 27 19 36 77 108 13 19 72 19 108 13 72 105 27 27 27 36 77 108 13 20 72 105 27 35 107 27 77 108 13 105 27 108 13 105 27 79 105 11 108
11 108 13 105 27 27 79 27 105
11 108 13 105 27 105 8 79 21 105 13 27 79 110
13 21 105 13 27 105
27 35 107 27 105 13 108
13 105 27 27 27 19 36 77 108 13 19 72 19 108 13 72 105 27 105 105
13 105 105 13 27 110 11 21 51 42 27 79 105 13 105 13 79 105 11 27 79 20 105
27 35 107 27 105 27 79 105
13 108
11 57 27 35 79 107
105
13 27 77 19 19 19 19 19 51 77 52 27 27 36 27 72 27 36 77 108 13 72 105 13 108
13 72 77 108 13 72 19 20 20 9 8 9 9 8 9 9 19 9 110 13 9 41 14 41 14 9 9 42 19 27 27 19 36 27 19 72 27 19 36 77 108 13 72 105 13 108
13 72 20 20 20 8 19 9 9 9 110 13 19 42 14 9 42 19 77 52 27 27 19 36 27 19 72 27 19 36 108 13 72 105 13 108
13 72 77 108 13 72 19 20 20 8 19 9 19 9 110 13 41 19 27 27 36 27 19 72 27 19 36 108 13 72 105 13 108
27 35 107 79 105 79 20 105
13 105 105 13 27 105 11 21 51 21 51 41 27 105
13 21 105 13 108 13 35 27 107 27 105
27 35 107 79 108
27 35 107 79 105 79 20 105
13 105 105 13 27 105 11 21 19 51 21 51 42 77 19 51 27 79 35 107 27 105 77 105 105 13 105
41 27 8 27 79 105 42 14 8 8 8 41 77 44 27 41 27 21 105
13 108 13 35 27 107 27 105
107
27 35 107 79 108
27 35 107 79 105 79 20 105
13 105 105 13 27 105 11 44 42 27 77 77 52 27 41 27 77 108 13 8 8 8 27 79 20 105
13 27 35 107 105 27 79 19 105
13 27 79 21 105 13 105 27 79 19 105
27 35 107 79 105 79 20 105
27 35 107 79 105 79 20 105
13 105 105 13 27 79 20 105
13 79 20 105
13 79 20 105
13 79 20 105
13 79 20 105
79 20 105
27 27 105 11 21 20 19 51 21 51 21 51 21 51 20 20 20 44 42 27 35 79 29 107 105 79 105 105 27 105
27 35 107 79 105 79 20 105
27 35 107 79 108
27 35 107 79 105 79 20 105
27 105 11 21 51 21 51 42 27 35 107 27 27 105 19 105 27 79 105
13 105 105 13 27 79 20 105
13 79 20 105
13 79 20 105
13 79 20 105
13 79 20 105
13 79 20 105
13 79 20 105
13 27 35 79 79 107
27 35 107 79 105 79 20 105
27 35 107 79 105 79 20 105
13 105 105 13 27 105 11 21 51 21 19 51 21 51 42 27 77 58 35 107 27 105 79 105 13 105 105 13 108 13 27 35 27 107 27 105
27 35 107 27 79 19 105
27 35 107 79 105 79 20 105
13 105 105 13 27 105 11 21 51 21 51 41 27 107
41 27 35 107 27 79 19 105
27 35 107 79 105 79 20 105
27 35 107 79 105 79 20 105
13 105 105 13 27 79 20 105
13 27 105 11 21 51 21 51 41 27 35 107 27 79 105 27 79 19 105
27 35 107 79 105 79 20 105
13 105 105 13 27 79 20 105
13 79 20 105
13 27 27 105 11 21 51 21 51 42 27 35 107 27 79 105 77 105 79 19 105
27 35 107 79 105 79 20 105
13 35 79 29 107 20 105 105 79 105
79 105
11 57 35 107 9 105 27 105 9 105 105 13 27 35 35 107 105 27 105 105 105 13 107 27 35 35 107 9 105 27 105 9 105 105 13 107 27 20 36 27 105 11 62 27 19 105 8 41 14 8 8 42 14 8 8 42 14 8 8 42 27 105 105 27 110 27 35 107 105 27 105 105 105 13 27 112
27 105 13 105 11 57 35 107
13 27 35 29 107 20 105 19 105 22 105 77 105 79 105 77 105 27 105
27 27 27 106 105
106 107
27 27 27 106 105
32 105
32 105
32 105
27 34 19 54 65 105 11 57 105 209 41 14 8 41 14 8 41 14 8 41 14 8 41 14 8 41 14 41 14 9 9 41 14 8 41 14 79 105
11 57 35 107 105 27 105 105 13 35 107 105 65 105 105 13 209 41 14 8 42 27 79 27 36 27 72 20 20 20 20 20 9 9 110 13 27 109 11 57 27 109 11 35 27 107 79 29 105 79 108
27 27 27 106 105
32 105
108
79 108
13 27 35 79 29 107 20 105 105 27 79 105
27 105 13 32 19 57 105 13 57 105 11 57 19 16
11 57 27 79 105
41 14 8 41 27 79 105
11 57 27 79 105
41 14 8 41 27 79 105
11 57 27 79 105
41 27 79 105
