1 7 8
1 8 9
1 9 10
1 40 41
1 43 44
1 44 45
1 45 46
1 46 47
1 47 48
2 36 3
2 36 5
2 36 4
2 36 18
2 36 15
2 36 2
2 36 17
2 36 5
2 36 6
2 34 18
2 34 4
2 34 5
2 34 6
2 34 2
2 34 15
2 34 3
2 34 17
2 34 18
2 34 5
2 29 6
2 29 2
2 29 5
2 29 15
2 29 4
2 29 18
2 29 18
2 29 5
2 29 17
2 29 3
2 23 6
2 23 17
2 23 18
2 23 5
2 23 5
2 23 2
2 23 18
2 23 15
2 23 4
2 23 3
2 32 15
2 32 5
2 32 3
2 32 4
2 32 6
2 32 5
2 32 17
2 32 18
2 32 18
2 32 2
2 28 3
2 28 2
2 28 4
2 28 5
2 28 15
2 28 6
2 28 18
2 28 18
2 28 5
2 28 17
2 38 6
2 38 17
2 38 3
2 38 5
2 38 5
2 38 2
2 38 18
2 38 15
2 38 4
2 38 18
2 24 17
2 24 2
2 24 18
2 24 5
2 24 18
2 24 6
2 24 5
2 24 15
2 24 4
2 24 3
2 26 15
2 26 18
2 26 2
2 26 5
2 26 4
2 26 5
2 26 6
2 26 3
2 26 17
2 26 18
2 39 17
2 39 2
2 39 3
2 39 5
2 39 6
2 39 4
2 39 15
2 39 18
2 39 5
2 39 18
2 35 5
2 35 2
2 35 4
2 35 6
2 35 15
2 35 3
2 35 5
2 35 17
2 35 18
2 35 18
2 25 2
2 25 15
2 25 17
2 25 18
2 25 5
2 25 6
2 25 4
2 25 18
2 25 3
2 25 5
2 31 15
2 31 4
2 31 6
2 31 17
2 31 5
2 31 18
2 31 18
2 31 2
2 31 5
2 31 3
2 21 20
2 42 19
2 16 12
2 16 12
2 16 13
2 16 12
2 16 12
3 40 41
3 43 48
3 16 11
3 14 1
3 7 10
4 37 27
4 37 33
4 37 30
4 37 22
4 41 30
