35 27 107 35 27 107 105 13 105 13 105 13 108 13 27 105 105
13 109 13 35 107 109
27 105 13 32 105 13 57 105 11 51 105 13 27 35 27 107 105 13 105 13 108 57 27 105 11 58 27 105 11 58 27 105 11 57 27 57 27 35 27 107 105 13 105 13 108 35 20 107
19 19 105 13 27 105 13 105 11 58 27 105 13 32 57 105 13 105 13 93 52 2 58 2 16 105 13 105 13 93 52 2 41 2 41 27 51 27 51 27 52 2 41 108
13 35 107 105 13 32 27 105 19 105 20 105 105 105 11 105 108 13 27 105 11 57 108 13 35 105 13 108 13 107 27 105 13 105 13 105 13 27 105 13 105 13 35 105 13 108
19 19 19 36 27 72 27 72 105 13 27 105 13 105 11 57 27 72 8 18 27 105 13 32 58 27 72 8 41 105 13 105 13 93 52 27 72 8 41 105 13 105 13 93 52 27 72 105 13 72 8 41 8 41
35 27 107 35 27 107 79 108
13 105 13 27 105 13 79 108
13 105 13 105 13 108 13 27 105 79 108
13 105
11 77 105 93 86 35 107 93 79 19 22 108
19 35 79 107 105 13 32 27 105 19 105 20 105 105 105 13 79 19 93 105 20 36 105 11 79 105 13 79 108
19 79 27 105 13 32 105 13 57 105 11 16 2 41 14 105 2 41
79 79 108
11 57 79 27 105 13 57 27 35 27 107 105 12 105 13 27 105 13 105 12 105 13 105 13 108 18 79 27 108
35 79 79 79 108
11 57 105 13 108 11 57 27 27 108 108
19 27 105 13 32 105 13 105 13 18 14 27 27 108 8 41
13 105 13 105 13 107 105 11 57 105 31 41 14 31 40 14 105 41
13 105 13 105 13 107 105 11 57 105 31 41 14 31 40 14 105 41
105 13 32 27 35 27 107 105 13 105 13 108 108
106 22 105
106 108
106 108
106 108
106 108
93 105 106 21 105
106 108
106 108
106 21 105
106 108
106 108
106 21 105
106 108
106 108
19 19 106 108
109 11 35 107 44 19 16 29 105 105
106 108
106 108
27 108 27 108 108
13 58 35 27 107 108 13 105 79 105
108
22 19 22 105 13 32 105
13 93 51 79 27 108
15 108
13 57 35 108
13 108 13 107 27 105 13 105
13 105 13 105 13 105 13 27 105 11 57 35 27 107 35 107 108 13 27 105 8 27 27 108 57 27 108
