1 1 2
1 2 3
1 5 6
1 11 12
1 12 13
1 13 14
1 14 15
1 15 16
1 16 17
1 17 18
1 19 21
1 21 22
1 22 23
1 23 24
1 27 38
1 38 40
1 40 41
1 41 42
1 42 43
1 43 44
1 44 45
1 45 46
1 46 28
1 28 29
1 29 30
1 30 31
1 31 32
1 32 33
1 33 34
1 34 35
1 35 36
1 36 37
1 37 39
1 56 57
1 57 58
1 58 59
1 63 64
1 64 65
1 76 77
1 84 85
2 54 83
2 54 66
2 52 66
2 52 83
2 25 10
2 53 66
2 53 83
2 75 61
2 75 70
2 86 85
2 86 84
2 86 85
2 86 83
2 47 82
2 47 83
2 47 66
2 47 61
2 56 83
2 56 55
2 56 59
2 67 61
2 67 83
2 67 66
2 68 61
2 68 66
2 68 83
2 69 79
2 69 80
2 69 61
2 62 70
2 74 72
2 74 66
2 74 73
2 74 83
2 74 61
2 74 71
3 52 49
3 52 50
3 63 64
3 75 48
3 1 3
3 5 6
3 47 78
3 47 60
3 27 39
3 69 60
3 69 81
3 69 80
3 19 24
3 11 18
3 76 77
3 62 48
4 50 8
4 65 8
4 48 52
4 50 7
4 65 7
4 24 26
4 20 8
4 65 4
4 24 4
4 24 7
4 50 9
4 65 9
4 50 26
4 65 26
4 50 4
4 20 9
5 24 11
5 49 51
