9 79 9 58 15 9 80 3 57 20 3 3 52 9 77 3 45 9 79 9 9 79 9 110
111 19 105
19 19 19 109 11 45 106 11 16 35 107
13 108 13 105 105
13 57 93 105 9 79 105
11 57 35 9 79 9 110 13 9 107 57 35 112 9 79 9 9 9 86 19 22 3 54 9 84 105 13 9 9 108 13 9 9 86 9 79 9 57 58 105 20 9 3 105
106 105
27 107 105 79 79 105 30 35 20 107 86 31 19 105
106
79 79 105
106 19 105
35 108 13 107 27 105 13 9 105 13 105 13 105
13 27 35 27 107 105 13 105 13 105 13 108 105 13 19 34 53 27 19 36 19 29 72 105 13 57 19 19 36 19 72 105 13 32 42 9 42 65 105 209 41 14 27 27 108 41 14 27 35 27 107 9 105 13 105 13 108 19 42
79 32 27 105 13 108
11 58 79 79 21 105 13 86 79 79 109
15 35 79 79 29 107 27 108 13 105 27 105 79 79 19 109
