1 19 20
1 25 26
1 26 27
1 27 28
1 29 30
1 30 31
1 31 32
1 32 33
1 37 38
1 40 41
1 42 43
1 43 44
1 44 45
1 45 46
1 46 47
1 48 59
1 59 70
1 70 81
1 81 92
1 92 94
1 94 95
1 95 96
1 96 97
1 97 49
1 49 50
1 50 51
1 51 52
1 52 53
1 53 54
1 54 55
1 55 56
1 56 57
1 57 58
1 58 60
1 60 61
1 61 62
1 62 63
1 63 64
1 64 65
1 65 66
1 66 67
1 67 68
1 68 69
1 69 71
1 71 72
1 72 73
1 73 74
1 74 75
1 75 76
1 76 77
1 77 78
1 78 79
1 79 80
1 80 82
1 82 83
1 83 84
1 84 85
1 85 86
1 86 87
1 87 88
1 88 89
1 89 90
1 90 91
1 91 93
1 101 102
1 102 103
1 103 104
1 104 105
1 105 106
1 106 107
1 107 108
1 108 98
1 98 99
1 99 100
1 124 125
1 126 127
1 128 129
1 130 131
1 137 138
1 138 139
1 139 140
1 140 141
1 141 142
2 116 159
2 116 159
2 121 159
2 121 159
2 121 157
2 134 159
2 134 157
2 134 159
2 35 159
2 35 159
2 35 157
2 144 159
2 144 157
2 144 159
2 152 159
2 152 159
2 145 159
2 145 159
2 148 159
2 148 159
2 109 159
2 109 159
2 160 114
2 16 159
2 16 159
2 29 33
2 151 10
2 150 157
2 23 159
2 23 156
2 23 157
2 23 159
2 39 159
2 39 159
2 12 159
2 12 159
2 21 159
2 21 159
2 48 155
2 48 158
2 110 9
2 110 159
2 110 157
2 110 36
2 110 159
2 110 155
2 42 47
2 146 159
2 146 159
2 149 159
2 149 159
2 13 6
2 13 159
2 13 159
2 15 159
2 15 10
2 15 157
2 15 159
2 22 159
2 22 159
2 119 118
3 25 28
3 19 20
3 2 5
3 130 131
3 112 117
3 113 117
3 8 7
3 1 5
3 161 162
3 11 14
3 123 135
3 122 136
3 48 158
3 48 93
3 110 111
3 15 17
3 4 5
3 119 163
3 126 127
3 40 41
3 37 38
3 137 142
3 124 125
3 128 129
4 101 133
4 101 147
4 100 3
4 111 24
4 18 133
4 18 24
4 135 3
4 18 34
4 136 24
4 153 34
4 131 143
4 18 120
4 154 115
5 135 132
5 100 42
