79 108
19 105 13 32 79 77 57 79 77 52 105 11 58 79 77 19 52 105 11 57 79 79 105
19 19 19 106 91 105
105 13 32 105 11 57 77 57 77 19 52 79 105
13 105 19 105
105 27 35 27 107 105 13 27 105 13 105 13 105 13 108
11 58 27 27 108 15 79 35 27 107 108 13 105 105
105 13 105 13 57 33 57 57 33 57 32 32 105
19 35 79 107 105 13 32 108 13 18 14 105 41
13 19 105 105 35 107 105 57 105 8 15 14 57 105 41 14 41 14 57 105 40 14 8 41 14 41 14 8 41 14 8 41 8 41
19 79 79 57 80 57 79 108
79 79 57 79 108
111
41 77 91 52 35 29 107 27 79 105 27 79 105 27 19 105 19 107
19 19 19 106
106
13 105
106
19 105
106
79 108
79 108
79 57 79 105 11 57 79 79 79 79 109
106 35 107 27 105 105
106 105
13 105 13 27 105 11 105
13 105 13 27 105 13 19 108 13 19 57 35 107 105
13 105
110 11 19 52 9 77 209 9 84 9 77 19 54 19 16 19 9 84 57 19 52 9 77 19 52 110 11 9 105 11 9 84 9 79 108
13 9 77 105
11 58 9 77 9 105 11 9 79 9 105 11 108
9 79 9 105 11 108
9 77 62 9 79 9 77 121 6 6 105 19 41 19 9 84 19 52 9 79 108
106
106
19 35 107 91 105 35 107 91 105
19 35 27 35 27 107 79 105
13 105 13 105 13 105 13 108 13 107 79 105
79 105
19 35 27 35 27 107 79 105
13 105 13 105 13 105 13 108 13 107 79 105
106
44 15 19 52 27 19 105
13 27 105 13 27 35 27 107 105 13 105 13 108
108
109 13 27 19 109 109 91 105
13 19 108 13 105 35 107 105 13 34 19 53 35 107 105 19 87 80 57 108
111
91 9 3 105
13 32 9 9 86 9 79 9 20 110 35 9 9 9 107
9 9 86 9 79 9 9 9 105
91 9 3 105
13 32 9 9 86 9 79 9 9 79 9 110 57 9 79 9 27 20 9 9 3 105 11 110 110
13 91 9 3 105
13 32 9 79 9 9 105
91 9 3 105 11 3 105
91 9 3 105 11 3 105
9 79 9 9 105
20 3 9 87 113
20 22 110 13 113 11 3 105
91 9 3 105
13 32 35 9 9 107
9 105 91 9 3 105
13 32 9 9 86 91 9 3 105
13 32 9 9 86 91 9 3 105
13 32 9 9 86 9 79 9 35 9 9 107
110 9 79 9 20 110 9 79 9 9 79 9 110 9 79 9 35 9 9 107
110 9 79 9 35 9 9 107
110 91 9 3 105
13 9 9 86 35 9 9 9 107
13 32 20 110 91 9 3 105
13 32 9 9 86 9 79 9 110
13 110 9 79 9 9 79 9 110 91 9 3 105
13 32 9 9 86 9 79 9 20 110 9 79 9 35 9 9 107
110 91 9 3 105
13 32 9 9 86 91 9 3 105
13 32 91 9 3 105
13 32 9 79 9 9 105 35 9 9 107
9 105 110
13 9 9 86 9 79 9 110
9 9 86 91 9 3 105
13 114 110
13 9 9 86 113
11 58 27 20 9 9 3 105
13 110
13 32 105
11 20 3 3 51 105
11 105
11 3 3 56 109 13 27 20 114 27 9 109 11 58 91 9 3 105
13 9 108
11 57 35 107 27 27 113
112
20 3 9 87 20 9 3 105
113
11 57 27 27 113
113
11 57 112
41 105
11 91 52 35 29 107 27 105 27 91 105
13 105 19 105
11 91 52 35 29 107 91 20 53 27 29 105 13 105 27 105 105
15 105
11 91 52 35 29 107 22 105 91 105
13 105
13 35 107
108
41 105
11 91 52 19 105
19 20 52 105
19 19 19 106
35 29 107 27 108 11 105 105
79 79 79 77 209 19 108
79 79 79 77 209 80 108
11 20 3 52 9 79 79 35 107 105 13 27 105 11 105 62 19 105 13 35 35 108 13 112 27 110 13 105 13 107 105 9 79 20 110 9 79 9 79 9 110 9 79 27 110 9 79 20 110 9 79 21 110 110
111
106
77 19 52 58 15 35 107 27 105 27 105 19 105
9 77 62 9 79 9 77 121 105 9 79 3 105 41 9 79 65 57 3 3 105 11 57 9 79 105 13 32 105 11 57 9 79 65 77 137 77 137 58 110
19 79 93 52 105 11 19 52 105 11 19 53 16 105 11 105 11 127 105 11 127 107
106 105
106 79 79 108
19 79 19 108
79 105
19 35 27 35 27 107 79 105 13 32 105
13 105 13 105 13 108 13 107 79 105
19 35 27 35 27 107 79 105 13 32 105
13 105 13 105 13 108 13 107 79 105
19 35 27 35 27 107 79 105 13 32 105
13 105 13 105 13 108 13 107 79 105
19 19 79 79 108
13 105 11 57 35 29 107 27 27 105 27 105 105
19 19 106
111 91 9 3 105
106 27 108
13 105 105
35 29 107 27 108 11 105 105
79 108
13 79 105 13 109 13 86 79 79 91 105
13 109 13 19 36 19 79 108
13 79 72 108 13 105
35 107 27 79 108
13 79 105 79 19 105
19 19 106
106
20 52 105
79 19 105
106
20 52 105
79 19 105
79 108
79 108
32 105 13 108
11 57 105
11 57 105
105
91 20 54 27 105 13 32 105 13 105 11 27 19 36 19 206 108 13 72 19 219 206 108 13 72 19 219 206 108 13 72 19 219 206 108 13 72 108 13 18 108
91 20 54 27 105 13 32 105 13 77 77 142 35 206 108 13 107 27 105 13 219 206 105 13 27 105 13 219 206 105 13 105 13 18 108
105 13 35 107 22 105
19 19 27 105 13 32 105 13 105 11 19 52 2 105 11 57 174 16 2 41 2 41
79 108
93 27 108 108
93 35 107 27 105 13 105 13 105 13 108 35 79 29 107 27 105 22 105 79 105
11 105 13 35 79 29 107 93 35 107 27 105 13 105 13 105 13 108 27 105 79 19 22 108
