1 1 2
1 14 15
1 15 16
1 19 20
1 20 21
2 8 16
2 8 18
2 8 16
2 8 2
2 8 14
2 8 1
2 6 18
2 6 16
2 6 14
2 6 16
2 6 1
2 6 2
2 6 16
2 7 1
2 7 2
2 7 16
2 7 18
2 7 14
2 7 16
2 7 16
2 3 18
2 3 1
2 3 16
2 3 2
2 3 16
2 3 14
2 3 16
2 4 16
2 4 2
2 4 16
2 4 18
2 4 16
2 4 1
2 4 14
2 5 2
2 5 18
2 5 16
2 5 1
2 5 16
2 5 14
2 5 16
2 10 22
2 17 16
2 17 14
2 17 18
2 17 16
2 17 1
2 17 16
2 17 2
2 13 22
2 11 22
2 12 22
3 5 18
3 10 9
3 13 9
3 19 21
3 11 9
3 12 9
