11 57 94 58 27 27 108 27 27 108 27 27 108 94 57 57 93 57 108 12 92 24 180 50 62 30 93 57 108 12 92 24 180 50 62 108 12 99 27 105 11 58 27 19 108 11 57 27 27 108 27 105 13 32 57 35 107 19 105 19 105 19 105 13 2 58 27 105 11 58 27 19 108 11 57 27 27 108 27 105 13 32 57 35 107 19 105 19 105 19 105 13 2 58 27 19 108 11 57 27 27 108 31 93 18 58 27 19 108 11 57 27 27 108 41 14 31 40 27 19 108 11 57 27 27 108 23 19 35 107
105 13 110 41 2 41 8 2 42 8 8 2 42
19 87 107
19 87 107
22 22 27 106 108 11 108 11 108 11 108 11 51 52 2 52 2 105
107
58 19 107
106 57 19 105
13 57 105 13 79 105 13 109 11 57 109 13 32 22 105
27 79 105 13 32 57 79 57 79 79 105
19 19 19 27 105 11 27 108 11 57 27 35 107 27 105 13 105 13 27 105 13 105 11 105 13 27 105 13 105 11 105 13 105 13 108 107
19 27 27 19 108 11 57 27 35 107 27 105 13 105 11 105 13 105 13 108 107
27 27 19 108 11 57 27 35 107 27 105 13 105 13 105 13 108 107
79 105 13 32 86 79 57 79 27 108
13 105 79 57 79 27 79 105 79 77 105 79 77 105 79 57 79 109 13 109 13 109 11 57 109 13 8 32 8 57 79 109 13 32 57 79 105 41 14 8 27 35 107 27 105 13 79 105 13 105 13 108 86 57 105 107
2 77 209 84 2 42 79 57 79 27 105 79 19 105 79 27 79 105 79 27 79 105 11 108 13 105 79 105 13 35 35 107 20 107 79 105 105 19 79 105 11 27 19 108 11 57 79 27 105 13 27 35 107 27 105 13 105 13 105 13 108 20 53 20 54 79 105 13 86 80 57 35 79 105 13 20 107 20 36 35 20 107 105 11 19 51 19 105 41 14 8 8 8 42 79 105 8 41 105 13 86 79 57 79 109
27 105
93 58 35 107 105 13 35 27 27 108 13 107 105
19 35 107 105 13 27 105 11 57 105 13 27 105 11 57 105 13 57 108
13 57 27 105 13 32 57 79 105
13 35 27 108 13 107 105
19 19 107 86 86 105
