1 2 3
1 46 47
1 47 48
1 48 49
1 49 50
1 50 51
1 65 66
1 66 67
1 67 68
1 68 64
1 73 74
1 75 76
1 76 77
1 78 79
1 89 90
1 90 91
1 91 92
1 92 93
1 93 94
1 94 95
1 95 96
1 96 97
1 115 116
1 116 117
1 117 118
1 118 119
1 119 120
1 123 124
1 124 125
1 125 126
1 147 148
1 154 155
1 155 156
1 172 173
1 182 183
1 189 190
1 190 191
1 191 192
1 193 194
1 194 195
1 195 196
1 207 208
1 208 209
1 209 210
1 210 211
1 211 212
1 212 200
1 200 201
1 201 202
1 202 203
1 203 204
1 204 205
1 205 206
2 6 200
2 6 83
2 6 187
2 6 148
2 6 145
2 6 184
2 6 185
2 6 192
2 6 186
2 6 144
2 6 189
2 6 182
2 6 188
2 6 206
2 6 169
2 6 199
2 6 170
2 6 183
2 6 187
2 6 197
2 6 196
2 6 188
2 6 181
2 6 207
2 6 196
2 6 138
2 6 146
2 6 193
2 6 165
2 98 69
2 98 165
2 98 170
2 98 60
2 98 169
2 53 169
2 53 170
2 53 165
2 46 169
2 46 165
2 46 170
2 89 114
2 89 69
2 89 170
2 89 169
2 89 165
2 89 113
2 89 160
2 89 130
2 7 83
2 7 165
2 7 170
2 7 169
2 99 170
2 99 69
2 99 169
2 99 83
2 99 60
2 99 21
2 99 165
2 52 170
2 52 169
2 52 165
2 154 186
2 154 196
2 154 200
2 154 165
2 154 199
2 154 187
2 154 187
2 154 193
2 154 197
2 154 189
2 154 182
2 154 188
2 154 206
2 154 188
2 154 181
2 154 207
2 154 192
2 154 183
2 154 185
2 154 196
2 154 184
2 1 199
2 62 69
2 62 169
2 62 165
2 62 170
2 62 60
2 61 60
2 61 170
2 61 165
2 61 169
2 61 69
2 88 169
2 88 69
2 88 170
2 88 160
2 88 83
2 88 21
2 88 130
2 88 113
2 88 165
2 88 114
2 88 60
2 23 165
2 23 9
2 23 8
2 35 8
2 35 165
2 35 9
2 198 199
2 81 170
2 81 83
2 81 169
2 81 165
2 82 83
2 82 169
2 82 165
2 82 170
2 112 114
2 112 165
2 112 130
2 112 113
2 110 113
2 110 165
2 110 114
2 110 130
2 111 165
2 158 165
2 158 130
2 158 114
2 158 113
2 19 60
2 19 169
2 19 113
2 19 170
2 19 165
2 19 114
2 19 120
2 19 130
2 19 69
2 18 59
2 18 9
2 18 60
2 18 169
2 18 165
2 18 170
2 18 69
2 18 8
2 42 170
2 42 114
2 42 113
2 42 165
2 42 169
2 42 120
2 42 130
2 38 170
2 38 83
2 38 165
2 38 169
2 39 169
2 39 83
2 39 165
2 39 170
2 37 169
2 37 165
2 37 170
2 33 83
2 33 165
2 33 169
2 33 170
2 32 130
2 32 114
2 32 165
2 32 113
2 32 120
2 29 165
2 29 170
2 29 169
2 31 26
2 30 165
2 30 36
2 55 167
2 55 165
2 55 170
2 55 167
2 55 169
2 55 167
2 63 59
2 63 169
2 63 60
2 63 170
2 63 69
2 63 165
2 136 165
2 127 129
2 127 124
2 127 126
2 127 123
2 40 169
2 40 165
2 40 170
2 15 170
2 15 69
2 15 169
2 15 165
2 159 165
2 159 114
2 159 113
2 159 130
2 105 113
2 105 165
2 105 130
2 105 114
2 105 104
2 43 165
2 43 170
2 43 169
2 2 165
2 2 170
2 2 83
2 2 169
2 41 165
2 41 170
2 41 169
2 106 170
2 106 169
2 106 165
2 101 165
2 152 170
2 152 84
2 152 167
2 152 165
2 152 83
2 152 169
2 152 167
2 152 167
2 137 165
2 17 170
2 17 165
2 17 69
2 17 169
2 24 165
2 24 83
2 24 170
2 24 169
2 157 185
2 157 182
2 157 79
2 157 13
2 157 75
2 157 189
2 157 77
2 157 187
2 157 11
2 157 186
2 157 176
2 157 197
2 157 78
2 157 196
2 157 10
2 157 14
2 157 174
2 157 165
2 157 200
2 157 171
2 157 183
2 157 206
2 157 196
2 157 184
2 157 207
2 157 187
2 157 144
2 157 181
2 157 192
2 157 199
2 157 193
2 157 164
2 157 170
2 157 75
2 157 166
2 157 188
2 157 175
2 157 169
2 157 188
2 157 12
2 157 83
2 107 175
2 107 171
2 107 165
2 131 167
2 131 11
2 131 174
2 131 167
2 131 176
2 131 84
2 131 75
2 131 14
2 131 83
2 131 170
2 131 78
2 131 77
2 131 175
2 131 12
2 131 166
2 131 164
2 131 167
2 131 169
2 131 13
2 131 75
2 131 79
2 131 171
2 131 10
2 131 165
2 25 170
2 25 165
2 25 83
2 25 169
2 161 167
2 161 167
2 161 167
2 150 165
2 150 168
2 149 168
2 149 165
2 178 188
2 178 206
2 178 192
2 178 186
2 178 200
2 178 199
2 178 181
2 178 196
2 178 185
2 178 207
2 178 196
2 178 184
2 178 183
2 178 187
2 178 187
2 178 193
2 178 182
2 178 189
2 178 188
2 178 165
2 178 197
2 134 126
2 134 123
2 134 124
2 134 129
2 102 165
2 28 165
2 108 175
2 108 165
2 108 171
2 109 165
2 109 113
2 109 130
2 109 114
2 16 169
2 16 165
2 16 69
2 16 170
2 132 165
2 70 83
2 70 74
2 70 60
2 70 64
2 70 59
2 70 65
2 70 69
2 70 169
2 70 65
2 70 65
2 70 165
2 70 71
2 70 73
2 70 170
2 70 84
2 133 10
2 133 11
2 133 174
2 133 12
2 133 77
2 133 13
2 133 14
2 133 79
2 133 176
2 133 172
2 133 164
2 133 165
2 133 175
2 133 166
2 133 75
2 133 75
2 133 173
2 133 170
2 133 78
2 133 169
2 151 170
2 151 169
2 151 165
2 151 83
2 139 166
2 139 164
2 139 14
2 139 171
2 139 79
2 139 13
2 139 135
2 139 11
2 139 75
2 139 175
2 139 77
2 139 165
2 139 75
2 139 170
2 139 176
2 139 174
2 139 78
2 139 10
2 139 12
2 103 165
2 103 113
2 103 130
2 103 114
2 57 165
2 57 170
2 57 83
2 57 169
2 140 170
2 140 83
2 140 169
2 140 165
2 142 170
2 142 165
2 141 165
2 143 169
2 143 181
2 143 170
2 143 165
2 143 83
2 22 165
2 100 72
2 87 165
2 87 69
2 87 60
2 87 169
2 87 170
2 5 170
2 5 169
2 5 165
2 5 83
2 4 83
2 4 165
2 4 170
2 4 169
2 54 54
2 45 165
2 45 170
2 45 169
2 153 165
2 34 165
2 34 83
2 34 170
2 34 169
2 27 169
2 27 83
2 27 165
2 27 170
2 58 60
2 58 169
2 58 59
2 58 165
2 58 170
2 58 69
3 6 85
3 6 147
3 6 146
3 53 44
3 46 51
3 89 97
3 7 85
3 52 44
3 154 156
3 88 86
3 112 121
3 158 121
3 19 115
3 19 121
3 19 130
3 19 128
3 19 20
3 42 122
3 42 44
3 42 121
3 42 130
3 42 128
3 42 115
3 32 122
3 32 115
3 32 121
3 32 130
3 32 128
3 40 44
3 177 179
3 159 121
3 43 44
3 56 115
3 56 121
3 56 130
3 56 128
3 56 122
3 2 3
3 162 163
3 41 44
3 109 121
3 109 130
3 109 128
3 139 135
3 103 121
3 103 130
3 103 128
3 140 85
3 142 80
3 142 85
3 141 85
3 143 85
3 5 85
3 153 180
