105
19 105
105
106
19 19 19 106 87 93 30 93 57 93 93 58 100 105
35 107 27 27 105 79 35 27 107
35 27 107 108 13 105 79 105
13 57 108
35 107 27 79 105 27 79 105 18
19 35 107 27 105 13 105 13 27 105 13 105 13 108
93 58 35 107 105 13 105 13 57 105 11 57 27 105 11 57 27 27 108 13 35 107 27 105 13 93 105 13 105 13 108 13 105 13 93 105 13 105 11 58 27 105 13 93 105 13 105 11 62 35 107 105 13 27 105 13 105 13 105 13 35 107 93 105 13 27 105 13 93 105 13 105 13 35 107 27 105 13 105 13 27 105 13 105 13 27 105 13 105 13 27 105 13 105 13 27 105 13 27 105 13 105 13 35 107 105 13 27 105 13 27 105 13 27 105 13 27 105 13 105 13 100 93 18
79 19 105 41 14 27 27 108 105 41 58 79 19 105 35 29 107 105
106 15
