19 27 35 107 27 105 13 105 13 105 13 105 13 108 94 58 19 101 105 13 105 13 29 105 13 105 11 58 108
105
13 27 35 107 27 105 13 105 13 105 13 108 108
106
13 105 13 105 13 105
106 93 27 108 108
79 79 79 19 19 19 109
93 35 107 27 105 13 105 13 105 13 108
106
79 105
106
13 41 35 105 13 107 105 13 32 19 105 27 105 27 105 13 57 27 105 13 19 65 41 14 41 44
19 27 27 9 79 105 11 57 27 27 108 19 9 79 27 105 11 57 108 13 58 29 27 19 36 19 29 72 105 13 19 19 36 19 9 79 72 105 13 8 32 8 58 9 79 79 105 13 27 19 36 105 13 9 79 79 19 36 105 13 32 105 13 27 19 36 19 29 72 105 13 19 36 19 9 79 72 105 13 8 32 8 93 105 11 57 27 27 108 9 79 79 9 79 109
35 93 107
105
9 79 105
15 9 79 27 105 11 57 27 27 108 35 27 107 9 79 108 13 105 9 79 79 109
13 105
9 79 9 113
13 20 110
9 79 9 113
13 20 110
9 79 9 113
13 9 79 9 113
13 110
35 9 79 9 9 79 9 114
13 9 9 107 20 9 3 105 35 9 79 9 9 79 9 114
13 112 21 110 35 20 20 9 3 107
11 112 110 20 9 3 107
13 57 9 79 9 113
11 20 9 3 107
11 20 9 3 107
11 20 9 3 107
11 110 20 110 20 110 35 9 79 9 9 79 9 114
13 9 107 35 20 20 112 9 105 20 3 105 20 3 105 20 113 13 110 11 3 105 35 9 79 9 9 79 9 114
13 9 107 35 20 20 3 3 107 20 3 105 105 27 9 105 20 113 13 110 11 3 105 9 79 9 9 79 9 114
13 110 13 27 27 9 79 9 9 79 9 114
13 110 13 9 9 9 105 11 105 13 20 9 105 105 93 9 105 20 20 9 3 107
11 20 20 9 3 107
11 3 3 3 3 105 105 35 9 9 107
13 110
9 105 35 9 79 9 9 79 9 114
13 9 9 107 35 20 20 9 3 3 107 20 20 9 3 3 105 110 27 9 9 105 20 113 13 110 11 9 3 105 27 27 9 79 9 9 79 9 114
13 110 13 9 9 9 105 11 3 105 13 20 9 9 105 9 9 105 93 9 9 105 20 20 9 3 107
11 20 20 9 3 107
11 9 3 3 3 3 105 110 35 9 9 107
9 9 105 9 79 9 35 9 79 9 9 79 9 114
13 112 113
35 20 20 9 3 3 107 20 20 9 3 3 105 20 20 9 3 3 105 9 79 9 113
13 9 9 105 9 79 9 113
13 20 113 13 110 11 110 9 79 9 113
9 79 9 35 9 79 9 9 79 9 114
13 20 110 9 79 9 113
13 9 79 9 110 9 79 9 113
13 20 110 9 79 9 113
13 20 110 9 79 9 113
13 20 110 9 79 9 113
13 35 9 9 107
110 35 9 79 9 9 79 9 114
13 9 107 35 20 20 9 3 3 107 20 9 3 105 9 105 27 9 9 105 20 113 13 110 11 3 105 27 27 9 79 9 9 79 9 114
13 110 13 9 9 9 105 11 3 105 13 20 9 105 105 93 9 105 20 20 9 3 107
11 20 20 9 3 107
13 21 112
11 3 3 3 3 105 105 35 9 9 107
9 105 9 79 9 35 9 79 9 9 79 9 114
13 112 113
113
9 79 9 113
13 110
13 110 13 21 3 9 84 9 79 9 113
19 27 105 11 57 35 27 107 108 13 105 79 79 109
13 105
79 79 57 79 79 79 105 13 108
