19 35 27 107 19 105
11 57 27 105 13 32 105 13 57 105 11 57 2 16 19 41 2 41
79 108
105 15 14 8 27 108
105 41 15
79 105 15 14 41
79 27 108
13 105 13 80 57 27 105
13 105 13 77 107
35 107 105
105 13 32 18
105 13 32 18
79 105
79 79 79 35 107
79 79 109
79 79 109
79 79 79 109
105 209 41 15
13 34 19 54 65 105 209 41 15
105 209 41 209 2 41 15
13 27 107 105 11 58 15 105 11 57 105 13 34 19 54 65 105 209 41 105 41
105
79 79 93 108
105
79 105
13 109 11 58 105 209 41 15
79 105 15
79 105 11 16
105 13 57 34 56 108 34 34 19 54 65 55 15 105 209 209 41
105
79 109 13 18 14 108
13 105 11 16
19 93 27 27 109 13 27 105 11 58 35 107
100 105
13 105 13 21 93 105 13 105 93 109 13 27 27 109 13 109 94 58 79 21 105
13 105 79 21 105 94 58 79 79 105 15 94 58 35 107 35 107
23 105 35 29 107 105
19 19 106 36 35 107
