1 4 5
1 5 6
1 6 7
1 7 8
1 8 9
1 9 10
1 23 26
1 26 27
1 27 28
1 28 29
1 29 30
1 30 31
1 31 32
1 32 33
1 33 24
1 24 25
1 36 37
1 37 38
1 38 39
1 40 44
1 44 45
1 45 46
1 46 47
1 47 48
1 48 49
1 49 50
1 50 51
1 51 41
1 41 42
1 42 43
1 61 63
1 63 64
1 64 65
1 65 66
1 72 74
1 74 75
1 75 76
1 76 77
1 77 78
1 78 79
1 79 80
1 80 81
1 81 73
1 83 84
1 87 88
1 91 92
1 93 94
1 96 97
1 100 101
1 102 103
1 106 107
2 56 54
2 56 53
2 12 10
2 12 4
2 12 4
2 61 62
2 61 66
2 61 66
2 58 58
2 36 39
2 23 25
2 90 19
3 72 73
3 40 43
3 71 112
3 59 112
3 108 113
3 102 103
3 91 92
3 93 94
3 83 84
3 100 101
3 106 107
3 96 97
3 87 88
3 95 21
3 109 113
4 84 14
4 43 68
4 103 34
4 101 40
4 69 35
4 84 13
4 70 40
4 22 2
4 92 67
4 89 15
4 99 3
4 98 68
4 16 18
4 85 2
4 105 55
4 105 20
4 92 57
4 73 40
4 94 1
4 92 60
4 84 11
4 104 40
4 86 2
4 105 2
4 82 52
4 17 20
4 97 72
5 21 23
5 110 111
