106 21 105
106 35 105
106 35 105
13 32 35 107 19 105 13 105 13 57 105
79 35 105 12 105 12 107
108
13 105
79 108
13 105
23 19 8 110 15 14 105
106 21 105
106 107
19 106 21 105
106 21 105
22 19 106 21 105
19 109 11 21 52 98 35 27 107 35 107 27 77 105 27 77 105 27 77 105 105 105
35 27 107 35 107 27 91 105 105 105
19 106 35 105
13 32 105 13 57 105 11 57 19 108 13 18 19 41
106 35 107
13 27 19 108 13 105 27 108 13 35 27 107 105 13 105 13 105 13 86 27 79 108 86 79 57 79 108 13 86 27 79 105 20 105
35 27 107 35 107 27 77 105 105 105
19 19 106
13 27 108 13 105 41 52 105
13 105 79 77 105 13 32 19 105 27 105 13 19 27 105 13 34 108 13 57 105 108 13 105 13 35 27 107 35 107 105 13 35 27 107 105 13 27 105 13 105 13 35 35 107 105 13 27 105 13 105 13 107 105 11 58 105 35 107 105 13 27 105 13 105 13 35 107 105 11 57 105 35 107 93 20 105 19 84 35 107 20 84 105 13 108 13 35 107 93 20 105 105 13 108
20 52 19 52 105
13 105 35 107 20 84 79 105 13 108 13 57 105
13 27 19 108 13 105 35 27 107 35 79 107 108 13 105 105
79 57 79 105 13 57 35 107 20 84 79 105 13 108 13 35 107 57 93 20 105 105 13 108
13 27 108 86 35 27 107 77 209 105 13 105 13 108 13 109 13 79 109 109 93 35 27 107 105 13 27 105 13 79 105 13 105 13 105 15 105
13 27 19 108 13 105 27 41 105
13 27 19 108 13 105 41 14 105 41 58 105
13 27 108 13 105 41 105
19 106 35 105
106 21 105
19 105 11 44 15 79 105 13 105 13 79 105 13 105 13 27 105 11 57 105
13 27 19 108 13 105 41 14 105 105 13 108 13 105 41 27 105 11 57 105
13 27 19 108 13 105 41 35 107 105 13 27 105 13 105 13 105 13 105 13 19 108 13 35 27 107 105 13 105 13 100 93 93 105 27 105
13 32 105 13 57 105 11 57 2 108 13 105 11 57 19 27 108 13 35 107
106 35 105
13 32 86 79 35 107
105 15 35 105
13 29 107 22 105 105
13 107
86 35 107
86 108
11 58 21 105
21 105
13 32 86 21 105
13 32 86 21 105
13 32 86 79 105 21 105
19 22 106 21 105
23 19 8 110 15
13 32 35 107 19 105 13 105 13 57 105
22 19 19 106 21 105
106 107
20 19 106 21 105
79 105 106 15
106 107
106 21 105
106 79 58 105
23 19 8 110 15
13 21 105 13 32 105
13 86 79 57 79 105
27 105
13 32 35 107 19 105 13 105 13 57 105
19 106 21 105
20 106 35 105
41 21 52 35 27 107 105
105 105 41 21 52 79 79 109 79 109 35 79 29 107 22 105 22 105 79 105
106 107
106 21 105
11 57 35 29 107 105
21 105
13 32 86 21 105
13 32 86 21 105
13 32 86 21 105
13 32 86 21 105
13 32 86 35 107 86 79 19 105 35 105
13 107
86 108
35 27 107 35 107 27 79 77 105 105 79 105
19 79 79 79 77 105
13 27 105 11 57 35 27 107 35 107 27 79 77 105 105 79 105
35 27 107 35 107 27 91 105 105 79 105
35 27 107 35 107 27 91 105 105 79 105
79 79 52 79 79 79 105 105
79 79 19 105 15 79 79 52 79 79 79 79 105 11 79 79 105 11 93 108 13 35 107 79 79 105 13 57 105 79 79 105 35 107 93 20 105 35 107 27 105 13 105 79 19 105
79 79 105 13 32 27 105 11 58 35 27 107 35 107 79 79 105 13 32 105 11 27 105 27 105 105 79 105
19 79 79 79 77 105 13 32 105 11 79 79 108
20 19 79 27 86 79 79 79 77 105
13 27 105 11 57 35 27 107 35 107 27 79 77 105 27 79 77 105 27 79 77 105 105 79 105
19 19 79 79 105 11 84 79 79 105 11 79 77 56 79 79 79 77 105 13 32 108 13 105 11 57 79 79 77 105
79 79 79 79 77 105 13 32 105 11 84 35 79 29 107 79 105
19 27 27 108 79 79 105 11 84 79 79 105 11 79 77 56 79 79 79 77 105 13 32 108 13 105 11 57 79 79 77 105
35 79 105
13 29 107 79 105
79 105 35 27 107 79 105
79 79 105 13 32 27 105 11 58 35 27 107 35 107 209 27 105 105 79 105
35 79 105
13 29 107 79 105
79 79 105 13 32 27 105 11 58 79 79 105 13 32 27 105 11 57 35 27 107 35 107 79 79 105 13 32 105 11 209 27 79 77 105 27 105 79 79 79 77 105
13 105 11 27 105 27 105 27 27 105 105 79 105
11 58 35 79 29 107 79 105
44 15 35 27 107 35 107 27 79 77 105 105 79 105
79 77 108
13 105
105
79 78 93 105 11 58 107
27 105 27 79 105 80 57 21 105
20 19 19 19 19 105
13 58 35 107
13 19 8 8 8 110
