105
19 105
105
106
19 19 19 106 87 93 30 93 57 93 93 58 100 105
105 13 32 18
35 107 27 105 13 79 105 13 105 13 108
35 79 107 105
13 79 108
19 105 105 105 11 20 53 20 53 35 107 27 105 13 105 13 27 105 13 79 105 13 105 13 108
79 105 13 32 58 27 108
35 107 35 27 27 107 105 108
105 13 22 105
35 107 27 27 105 79 35 27 107
35 27 107 108 13 105 79 105
13 57 108
23 30 79 57 79 58 27 108
35 107 27 79 105 27 79 105 18
35 105 13 107 108
19 105 105 105 11 107
107
19 35 107 27 105 13 105 13 27 105 13 105 13 108
79 108
13 35 27 107 27 105 13 27 79 105 13 27 108
19 93 57 93 105 11 16 105 13 35 29 107 22 105
27 105 13 32 105 13 58 19 18 105 11 44 27 41 27 41 27 41 44
22 93 58 35 107 105 13 35 27 27 108 13 107 105
19 93 57 93 18 105 13 35 27 27 108 13 107 22 105
93 58 35 107 105 13 105 13 57 105 11 57 27 105 11 57 27 27 108 13 35 107 27 105 13 93 105 13 105 13 108 13 105 13 93 105 13 105 11 58 27 105 13 93 105 13 105 11 62 35 107 105 13 27 105 13 105 13 105 13 35 107 93 105 13 27 105 13 93 105 13 105 13 35 107 27 105 13 105 13 27 105 13 105 13 27 105 13 105 13 27 105 13 105 13 27 105 13 27 105 13 105 13 35 107 105 13 27 105 13 27 105 13 27 105 13 27 105 13 105 13 100 93 18
35 107 105 13 32 105 13 108
105 35 105 13 107 108
35 107 105 13 27 105 11 57 79 105
79 79 44 109 15 27 35 27 107 105 13 105 13 108 35 27 107 27 105 35 107 108 13 27 105 79 79 21 105
13 108
79 108
105 13 19 105 13 105
106 22 105
