27 27 108 27 105 13 105 11 57 108
20 35 108 12 107 105 20 84 21 84 84 84 93 93 19 109 13 58 77 216 84 93 27 19 109 11 57 77 216 84 79 105 27 27 108 15 108 13 86 41
19 27 27 108 106 35 107
27 27 108 79 57 79 105
13 93 52 79 19 105
79 105 106 15
19 93 27 109 11 94 58 58 27 27 108 15 27 21 105 13 109 13 108 11 35 29 107 22 108
19 105
106
41 35 107 29 105 13 105
41 35 107 29 105 13 105
13 105 105
13 32 35 29 107 105
19 19 106 22 105
19 19 27 27 108 106 105
106 93 27 19 109 11 57 19 105
