1 1 2
1 2 3
1 3 4
1 4 5
1 5 6
1 6 7
1 11 12
1 12 13
1 24 25
1 25 26
1 26 27
1 27 28
1 28 29
1 29 30
1 30 31
1 32 33
1 33 34
1 34 35
1 35 36
1 36 37
1 37 38
1 38 39
1 39 40
1 60 61
1 75 76
2 52 23
2 24 31
2 19 61
2 19 62
2 19 60
2 19 58
2 19 53
2 19 56
2 19 53
2 19 58
2 19 64
2 19 53
2 19 63
2 19 60
2 19 60
2 19 59
2 19 69
2 19 55
2 14 23
2 17 23
2 18 23
2 8 9
2 71 75
2 71 62
2 71 66
2 71 58
2 71 57
2 71 65
2 71 64
2 71 70
2 71 69
2 71 61
2 71 54
2 71 60
2 71 67
2 71 53
2 71 73
2 71 59
2 71 76
2 71 74
2 71 58
2 71 66
2 71 65
2 71 74
2 71 68
2 71 77
2 71 63
2 71 60
2 71 53
2 71 56
2 71 55
2 71 53
2 71 60
2 71 67
2 32 49
2 32 40
2 32 43
2 32 40
2 72 53
2 72 74
2 72 74
2 72 75
2 72 56
2 72 63
2 72 55
2 72 67
2 72 67
2 72 53
2 72 68
2 72 60
2 72 53
2 72 59
2 72 70
2 72 61
2 72 76
2 72 77
2 72 60
2 72 60
2 72 64
2 72 54
2 72 66
2 72 62
2 72 58
2 72 65
2 72 73
2 72 58
2 72 69
2 72 65
2 72 66
2 72 57
2 41 51
2 41 45
3 24 25
3 14 23
3 17 22
3 17 23
3 1 7
3 11 13
3 18 23
3 18 21
3 18 20
3 8 9
3 8 10
3 16 15
3 41 46
3 41 48
3 41 44
3 41 47
3 41 50
3 42 48
