13 79 105
79 108
79 108
79 109 13 32 35 79 79 79 79 79 79 107 35 79 107
79 30 79 57 79 109 11 58 79 79 79 79 108 13 109
79 108
13 105
13 57 79 108
13 105
13 52 79 105
79 108
13 105
13 79 108
13 105
13 105
11 79 108
13 105
105 13 32 105
11 57 79 108
13 105
13 105
13 57 79 108
13 105
11 44 35 107 40 79 21 108
15 79 105
79 108
11 57 62 79 108
13 105
13 105
41 79 108
13 105
79 108
79 19 19 108
13 105
13 107
79 58 15 79 105 11 57 79 107
41 35 29 107 105
19 19 19 19 106
107
19 79 19 108
98 35 79 105
13 29 107 79 105
23 21 19 19 79 105
13 108
41 58 35 79 105
13 29 107 27 79 108
11 105 79 105
13 105 13 105 13 27 105 11 57 58 79 108
108
13 105
12 50 58 79 108
35 79 107
36 105
79 105 15 52 79 108
13 105
13 21 105 13 108
19 19 21 105
19 19 58 79 20 108
19 79 19 108
98 35 79 29 107 79 105
21 79 105
13 105 13 27 105 11 57 58 79 108
13 105
13 108
79 105 15 58 35 79 29 107 27 79 108
11 105 79 105
13 21 105 13 108
20 19 21 105
11 57 19 36 19 23 71 19 23 71 19 23 71 105 105 13 19 105 27 79 108
11 57 19 36 19 23 71 19 23 71 19 23 71 105 105 13 19 105 27 79 108
35 29 107 27 19 105 19 22 108
19 35 29 107 27 105 22 108
35 29 107 27 19 105 19 22 108
21 19 27 105 11 57 86 35 79 107
35 29 107 27 19 105 20 22 108
19 27 105 11 57 86 27 79 105 13 27 109 11 62 79 35 27 107 105
21 20 19 21 105
79 108
13 21 105 13 108
20 19 21 105
19 19 106 105
19 101 79 35 27 107 105
19 101 79 35 27 107 105
35 79 29 107 79 105
35 27 107 108
13 108 13 105 27 108
13 105 79 108
35 27 107 108
13 108 13 105 79 108
79 108
79 108
35 27 107 27 108 13 105 107
35 27 107 27 108 13 105 107
21 19 52 27 105 13 32 58 27 108
105
13 105 13 108
79 105
13 105 13 105 15 108 13 108
108 13 105 13 108
19 21 105
19 27 105 11 57 27 109 11 57 105
19 27 105 13 105 11 57 105 13 21 105 13 19 108 13 105 108
27 105 13 105 11 57 35 29 107 22 105 105
19 27 105 13 105 11 57 108
11 57 108
108
27 105 13 27 109 11 62 35 27 107 105
