1 14 15
1 15 16
1 17 18
1 18 19
1 19 20
1 20 21
1 26 27
1 27 28
1 28 29
1 29 30
1 36 47
1 47 51
1 51 52
1 52 53
1 53 54
1 54 55
1 55 56
1 56 57
1 57 37
1 37 38
1 38 39
1 39 40
1 40 41
1 41 42
1 42 43
1 43 44
1 44 45
1 45 46
1 46 48
1 48 49
1 49 50
2 22 13
2 22 6
2 22 13
2 22 13
2 17 21
2 10 16
2 10 14
3 36 50
3 3 4
3 1 5
3 24 58
3 31 59
3 11 23
3 25 58
3 12 23
3 26 59
3 26 30
3 9 23
4 4 7
4 33 7
4 58 7
4 30 7
4 59 17
4 23 35
4 32 8
4 50 7
5 59 34
5 4 2
5 50 34
5 58 34
