106 79 105
19 106
19 19 87 106 107
19 35 29 107 79 105 11 57 27 79 105 80 57 27 19 105 105
19 87 35 29 107 27 79 105 27 79 105 27 79 105 27 79 105 27 79 105 27 79 105 27 80 105 27 80 105 27 80 105 105
19 27 105 13 32 105 13 58 16 105 13 93 52 19 41
19 19 19 106 21 105
106 100 105
79 108
79 19 87 79 19 87 79 108
19 79 108
79 20 105
21 19 19 35 79 107 105 13 32 86 79 20 105 79 20 105 79 105 35 35 79 105 13 107 107 86 35 107 86 79 105 13 86 79 58 80 58 35 107 79 105
19 19 19 19 19 65 32 86 19 35 79 107 79 105 13 32 86 105
11 57 79 79 57 79 79 105 19 19 79 86 8 8 18 79 79 77 212 105 79 79 77 105 105
11 58 35 35 79 79 105 13 107 107 35 107 105
106 100 105
13 57 27 105 13 86 27 105 13 86 27 105 13 86 27 105 13 86 27 105 13 86 27 105 13 86 27 19 105 11 84 27 19 105 11 84 27 19 105 11 87 27 105 13 86 27 19 105 11 87 77 19 52 19 105
105
13 20 20 105 21 105
80 57 93 35 107 86 93 79 86 91 20 53 79 105 13 19 105 79 35 107
19 19 106 79 57 79 105 86 108
80 58 80 58 15 19 108 13 100 35 29 107 22 105 105
19 106 79 108
79 79 79 21 105 13 32 105 13 109 13 86 79 79 79 21 105 13 32 105 13 109 13 86 79 79 79 21 105 13 32 105 13 109 13 86 79 79 79 21 105 13 32 105 13 109 13 86 79 79 79 21 105 13 32 105 13 109 13 86 79 79 79 21 105 13 32 105 13 109 13 86 35 79 79 79 79 79 79 79 79 27 79 79 108 13 105 11 79 80 57 19 79 80 57 19 79 80 57 19 79 80 57 19 19 79 80 57 19 112
19 19 80 57 62 19 44 15 93 57 93 105
79 86 79 86 79 79 105
80 58 79 79 77 108
41 80 57 79 105
41 80 57 79 105 11 62 35 93 29 107 27 105 27 79 105 79 20 105
106 79 105
35 79 29 107 79 20 105
80 57 79 105 11 62 35 93 29 107 27 19 105 27 79 105 79 20 105
20 19 19 19 19 106
106 21 105
111 9 79 105
105 13 21 105 13 32 27 9 105
110
110
13 110 13 57 20 19 19 110 13 57 110 13 57 27 9 105 13 27 9 105 13 19 9 105 20 20 9 79 105 11 20 3 3 53 9 79 57 20 57 93 57 93 105
58 93 105
19 9 86 19 9 86 9 79 105
58 20 9 105
57 58 112
19 9 87 19 9 87 15 19 42 19 9 87 42 9 79 3 105 13 32 110
13 27 105 13 19 65 9 105 11 58 9 79 105 11 57 20 9 3 42 209 42 20 42 57 9 9 86 9 79 105
113 13 27 19 9 109 11 27 19 9 109 13 27 19 9 109 11 27 19 9 109 11 21 9 105
3 9 84 9 77 9 107
41 35 35 27 107 105 13 105 13 27 20 19 19 19 19 19 19 112
9 86 57 110 11 62 35 93 29 9 107 27 19 9 105 27 9 9 105 19 9 87 20 9 9 105
13 32 9 86 9 79 35 9 3 9 107
105 9 79 57 20 105 9 80 58 93 108
11 58 110
13 21 19 9 105 13 21 9 105 13 32 27 9 105 35 93 107
27 105
13 9 105
13 27 35 9 107
19 19 35 29 107 27 77 105 79 105 11 57 27 79 105 77 52 27 105 57 27 19 105 105
13 105 27 105 20 105
