1 8 9
1 17 18
1 18 19
1 19 20
1 20 21
1 21 22
1 22 23
1 23 24
1 24 25
1 25 26
1 26 27
1 27 28
1 28 29
1 29 30
1 30 31
1 31 32
1 32 33
1 33 34
1 34 35
1 35 36
1 41 52
1 52 63
1 63 67
1 67 68
1 68 69
1 69 70
1 70 71
1 71 72
1 72 42
1 42 43
1 43 44
1 44 45
1 45 46
1 46 47
1 47 48
1 48 49
1 49 50
1 50 51
1 51 53
1 53 54
1 54 55
1 55 56
1 56 57
1 57 58
1 58 59
1 59 60
1 60 61
1 61 62
1 62 64
1 64 65
1 65 66
1 78 79
1 79 80
1 80 81
1 81 82
1 82 83
1 94 95
1 110 111
1 118 119
1 119 120
1 126 127
1 127 128
1 128 129
1 129 130
1 130 131
1 132 133
1 133 134
1 142 143
1 145 146
1 146 147
1 151 152
1 152 153
1 153 154
1 154 155
1 155 156
1 156 157
1 159 160
1 167 172
1 172 173
1 173 174
1 174 175
1 175 176
1 176 177
1 177 178
1 178 179
1 179 168
1 168 169
1 169 170
1 170 171
1 180 181
1 181 182
1 182 183
1 185 186
1 186 188
1 188 189
1 189 190
1 190 191
1 200 201
2 108 202
2 74 202
2 89 202
2 104 103
2 104 103
2 104 103
2 104 103
2 76 1
2 102 202
2 107 184
2 88 116
2 88 193
2 88 1
2 101 1
2 84 202
2 73 139
2 73 6
2 73 194
2 73 116
2 73 140
2 73 138
2 73 2
2 73 197
2 73 1
2 73 138
2 73 5
2 73 39
2 73 4
2 73 37
2 73 3
2 73 192
2 77 202
2 93 111
2 93 110
2 93 150
2 93 110
2 93 110
2 148 85
2 75 7
2 75 36
2 14 12
2 167 171
2 121 39
2 121 37
2 121 7
2 180 183
2 180 85
2 149 149
2 118 39
2 118 37
2 118 120
2 126 131
2 122 39
2 122 37
2 124 39
2 124 37
2 203 202
2 123 112
2 123 112
2 123 112
2 123 112
2 185 191
2 166 164
2 166 164
2 16 202
2 41 66
2 41 7
2 40 7
2 40 37
2 40 39
2 13 202
2 15 12
2 97 202
2 8 11
2 163 165
2 163 165
2 145 147
2 109 137
2 109 106
2 109 106
2 109 184
2 136 135
2 136 135
2 125 36
2 125 7
2 162 103
2 162 103
2 162 103
2 162 103
2 151 158
2 117 117
3 76 1
3 88 1
3 88 199
3 88 198
3 88 204
3 101 100
3 101 1
3 73 1
3 73 38
3 148 204
3 75 199
3 75 196
3 75 17
3 90 199
3 90 198
3 91 199
3 91 198
3 98 96
3 121 7
3 121 10
3 121 38
3 132 134
3 118 38
3 122 38
3 141 199
3 141 198
3 161 199
3 161 198
3 124 199
3 124 198
3 124 38
3 200 201
3 115 199
3 115 198
3 185 199
3 185 198
3 185 187
3 159 160
3 41 196
3 41 7
3 41 10
3 41 199
3 41 198
3 41 195
3 41 62
3 40 7
3 40 10
3 40 38
3 99 96
3 78 199
3 78 196
3 78 83
3 87 199
3 87 198
3 87 92
3 86 199
3 86 198
3 8 9
3 114 196
3 144 199
3 144 198
3 113 199
3 113 198
3 142 143
3 94 95
3 105 199
3 105 198
3 109 199
3 109 198
3 125 199
3 125 196
3 125 17
3 151 157
