19 19 80 58 35 27 107 79 105 13 105
13 105 13 32 79 105
19 105 105 13 18
18 105 13 41
13 86 105 15
79 58 15 79 105 11 57 79 105 13 108
19 19 35 27 107 35 27 107 105 13 105 13 35 107 105 13 27 105 13 105 13 108 13 105 105 13 105
19 20 19 19 106 105
11 57 15 79 58 79 58 107
13 33 58 22 105 105
19 19 105 13 105
13 105 15 105
79 105
19 45 106 11 16 79 79 107
19 109 11 91 20 53 21 52 105
79 105
13 105 13 105 11 57 105 13 35 29 107 27 105 13 19 105
2 42 27 41 91 52 108
11 58 27 79 57 35 107 105 105 91 105
13 105 91 105
13 105 105 35 107
105 105 79 35 107
105
2 42 79 79 105
13 91 105
13 27 108
13 105 13 105
79 27 105
41 91 52 87 35 79 107 77 107
2 42 91 52 87 35 79 107 77 107
2 42 91 52 87 35 79 107 77 107
2 42 91 52 107
2 42 91 52 107
2 42 91 52 107
2 42 91 52 58 79 105
87 2 42 91 52 79 57 35 35 107 79 105 13 27 105 13 105 13 107 57 105 11 57 105 2 42 58 105 11 58 105 41 14 35 27 107 105 13 105 13 105 13 108 13 105 41 91 52 35 107 35 107 91 105
13 105
19 105
13 107 35 107 8 41 14 8 27 35 27 107 105 13 105 13 105 13 108 57 105 2 42 14 41 14 8 41 14 8 41 8 42
19 19 79 105
19 19 19 109 11 109 13 32 78 124 79 105
13 27 108
13 105 13 105
79 27 105
41 91 52 108
11 58 107
2 41 79 79 105
13 91 105
13 27 108
13 105 13 105
79 27 105
13 105
41 91 52 105
2 41 91 52 79 105
11 105
2 41 91 52 105
13 79 27 35 107 57 105 13 27 105 13 105
13 105 13 105 13 105
91 105
13 108 13 105 2 42 27 41 91 52 35 27 35 107 108 13 107 105
13 35 107 105
13 27 27 105 13 105 13 27 105 13 105 13 105 13 19 105
13 91 52 79 27 105
2 42 91 52 57 105
11 58 35 107 105 13 27 105 13 105 13 108
13 105 35 35 107 105 13 27 105 13 105 13 107 105 27 105 11 57 27 27 105 13 108
79 57 105
11 58 105
2 16 8 41 91 52 108
11 58 107
2 41 79 79 105
13 91 105
106 108 12 85 85 105
79 57 79 105
19 19 80 57 108
19 19 19 106 35 107
79 57 79 105
19 19 109 11 91 20 53 21 52 105
16 91 52 79 27 105
41 91 52 79 27 105
79 105
41 91 52 27 108 13 35 27 19 105
13 107 105
79 105
62 79 58 15 108 12 78 149 23 50 59 85 79 121 105 41
19 19 79 58 79 58 79 58 107
105
106 27 108 105
79 57 79 105
19 79 19 105
79 19 105
13 35 27 107 79 105 13 27 105 13 105 13 105 13 19 105
19 19 19 106 108
111 44 79 105
13 19 35 79 107 27 78 105 13 105
35 27 35 27 107 79 105 13 105 13 108 13 107 19 105
79 105
19 44 106 11 16 107
19 109 11 91 20 53 21 52 105
13 29 107 27 105 13 27 105 13 105
19 19 106 35 107
79 57 79 105
13 57 8 35 27 107 105 13 32 20 105 20 105 27 105 19 105 19 105 35 107 27 27 105 27 105 27 57 105 57 27 19 108 13 105 57 27 19 108 13 105 105 13 35 35 27 107 107 105 13 105 13 105 105 105 105 105 105 13 35 35 27 107 107 27 108 13 105 13 57 105 13 105 11 57 35 19 105 13 108 11 19 105 13 19 105 13 108 12 107
19 19 19 106 35 107
111 62 79 105 13 32 35 107 91 105
19 27 108 13 105 13 105 11 58 8 18 19 105 13 19 105 13 19 105 13 27 27 105 13 35 27 107 27 27 105 13 105 13 105 13 108 13 35 93 107 105 11 57 105 11 58 105 35 35 107 93 105 13 27 105 13 105 13 105 13 107 35 107 27 105 11 57 35 107 105 13 20 36 19 20 105 11 62 19 105 41 14 8 35 35 107 93 105 13 27 105 13 105 13 105 13 107 105 11 57 105 42 105 105 35 107 105 13 109 11 57 109 13 32 105 11 58 105 13 105 13 105 11 57 35 107 93 105 13 27 105 13 105 13 105 13 105 13 20 36 35 107 105 11 19 51 19 105 41 14 8 42 35 107
19 19 106 19 105
106 79 105
19 111 79 58 59 93 105 11 53 15 93 57 93 105 13 32 8 57 79 79 105 11 209 105 13 32 93 86 79 35 79 107
108 13 105 11 57 105 35 27 107 105
105 19 16 14 27 35 27 107 105 13 105 13 27 105 13 105 13 108 19 41
19 19 108 13 58 27 27 108 108 13 27 27 108 13 105 13 86 79 105 13 86 79 105 19 86 27 35 27 107 57 27 105 13 27 105 13 79 57 27 105 13 105 13 108 79 57 19 16 27 35 27 107 105 13 27 105 13 105 13 108 105 13 27 108 13 105 13 86 105 79 105 41 14 8 27 35 27 107 57 27 105 13 27 105 13 105 13 105 13 27 105 13 105 13 108 86 86 2 41 27 42 27 41 2 41 27 41
79 27 105
79 27 105
79 108
35 27 107 35 35 105 13 107 107 79 27 105 11 57 79 108
19 109 35 107 79 105 13 35 107 105 13 27 105 13 105 13 105 35 107 105 13 27 105 13 105 13 105 35 107 105 13 27 105 13 105 13 105 27 105 11 57 27 27 105 13 105 27 105 11 57 27 27 105 13 105 27 105 11 57 27 27 105 13 105 27 105 11 57 27 27 105 13 105 27 105 11 57 27 27 105 13 105 105 13 109 11 57 109 13 32 35 35 107 79 105 13 105 13 27 105 13 105 13 105 13 107 105 35 35 107 79 105 13 105 13 27 105 13 105 13 105 13 107 105 41 35 107 105 13 27 105 13 105 13 42 35 107 105 13 27 105 13 105 13 42 35 107 105 13 27 105 13 105 13 42 35 107 105 13 27 105 13 105 13 42 35 107 105 13 27 105 13 105 13 42 35 107 79 105 13 27 27 105 13 105 13 27 105 13 105 13 35 107
79 105
11 57 15 77 44 41 79 77 105 41 79 105 79 79 32 108
41 79 105 35 79 32 107 105 41 44
79 19 8 2 5 110
19 79 105
79 79 108
19 79 108
79 105
79 19 108
79 57 79 79 108
13 57 79 79 108
35 107 79 108
13 105 13 27 105 13 105 13 108
13 105 79 79 108
79 108
13 105
13 35 27 35 27 107 105 13 105 13 108 13 107 79 19 105
35 107 105 13 105 13 108 13 35 105 13 105 11 212 105 11 212 19 108 13 107 18 14 19 41
19 21 19 79 105 13 32 58 79 108 13 77 105 13 21 105 13 32 21 105 13 32 21 105 13 32 79 32 27 105 11 57 79 79 108 13 105 13 32 105 105 105 21 105 93 105 215 57 2 105 58 35 107 35 107
35 35 27 107 79 79 105 13 105 13 107 35 35 105 13 107 107 27 108 13 27 108 13 27 108 13 27 108 13 79 79 105 79 79 35 27 79 79 107 105 19 105 13 57 105 13 105 11 57 79 79 35 19 105 13 19 105 13 27 27 105 13 107 105 41 14 79 79 105 15 105 13 105 11 57 79 79 209 35 27 35 27 107 19 105 13 105 13 105 13 107 105 41 105 13 105 11 57 79 79 209 35 35 27 107 19 105 13 105 13 105 13 105 13 19 105 13 107 105 41 105 13 105 11 57 79 79 209 35 35 27 107 19 105 13 105 13 105 13 105 13 35 27 107 19 105 13 105 13 105 13 107 105 41 105 42
13 42 8 42 8 41 27 35 27 107 105 13 27 105 13 105 13 108 35 107 105 13 20 36 35 107 19 20 105 11 62 19 105 41 14 27 35 27 107 105 13 105 13 105 13 108 105 2 42 14 79 58 40 35 35 107 79 105 13 27 105 13 105 13 105 13 105 13 107 35 107 8 41 105 105 27 35 27 107 105 13 105 13 108 105 13 105 13 108
19 57 27 105 11 57 27 27 105 13 57 27 105 11 58 27 27 105 13 27 27 105 13 27 27 105 13 57 27 105 11 57 35 107 105 13 27 105 13 105 13 35 107 105 13 27 105 13 105 13 35 35 27 107 105 13 57 27 105 11 58 35 27 107 105 13 105 13 105 13 105 13 105 13 107 35 35 105 13 107 107 105 13 105 57 27 105 11 57 8 27 35 27 107 105 13 105 13 105 13 108 18 27 105 11 57 35 107 105 13 27 105 13 105 13 42 27 105 11 57 35 107 105 13 27 105 13 105 13 42 27 105 11 57 35 107 105 13 27 105 13 105 13 42 27 105 11 57 35 107 105 13 27 105 13 105 13 42 79 105 13 27 105 11 57 35 107 105 13 27 105 13 105 13 42 27 105 11 57 35 107 105 13 27 105 13 105 13 42 27 105 11 57 35 107 105 13 27 105 13 105 13 42 27 42 14 27 35 27 107 105 13 105 13 105 13 108 8 42
19 19 108 13 58 16 20 105 11 203 105 11 172 108 13 58 105 41 35 107 35 19 107 93 19 105 105 105 105 2 41 14 105 2 41
79 108
79 35 27 35 79 79 107 108 13 79 105
13 29 107 19 105
79 108
79 79 79 77 19 52 79 79 108
13 108
13 105 79 79 79 35 107 79 79 108
19 19 80 57 15 87 79 79 79 77 20 56 19 79 79 79 77 20 56 19 169 20 54 79 79 105
105 13 27 105 11 57 27 105 13 32 35 107 105 13 105 13 27 105 13 105 13 105 13 105 13 19 108 79 108
13 105 13 105 13 107 35 35 105 13 107 107 27 108 13 105 13 57 105 13 105 11 57 79 108
79 105 13 105 13 27 27 105 13 79 105
13 108
13 109 13 80 57 27 79 108
13 109 109 27 105 11 58 79 105
13 80 57 35 27 107 79 108
13 105 13 27 105 13 105 13 19 108 13 105 80 58 79 19 35 79 108
13 107 105
13 105 13 105 13 107 35 105 13 107 105 79 79 19 35 27 107 105
105 13 27 105 11 57 79 35 79 105
13 29 107 27 79 79 105 13 105
19 79 108
79 105 13 105 13 27 27 105 13 27 27 105 13 27 105 11 58 79 108
79 79 108
19 79 57 79 18 35 35 27 107 77 105 13 105 13 107 105 13 35 105 13 107 108 13 86 105 79 41 14 8 19 86 57 105 41 14 41 14 57 105 40 14 41 14 41 14 8 8 8 41 14 41
19 79 57 79 18 35 35 27 107 77 105 13 105 13 107 105 13 105 11 62 35 105 13 107 36 86 19 54 79 137 105 11 61 19 86 57 105 79 41 169 41 14 8 19 86 57 105 41 14 41 14 57 105 40 14 41 14 41 14 8 8 8 41 14 41 8 41
19 19 62 79 105 13 32 8 105 11 58 79 108 13 77 105 13 215 57 22 105 91 105 13 32 91 105 13 32 91 105 13 32 105 105 58 79 91 105
19 19 19 80 57 80 57 79 58 2 16 19 21 45 2 41 79 34 2 54 65 77 77 169 79 77 55 79 105
11 54 8 209 2 8 2 41 79 34 2 54 65 77 79 77 79 77 169 53 79 105
11 54 209 2 8 41 58 35 79 77 79 77 219 169 8 2 2 112
79 34 2 8 2 54 65 105
11 54 8 209 2 8 2 41 105 11 58 80 57 79 105 79 105 79 105 13 109 11 57 109 13 32 79 35 77 107 108 13 105
11 54 209 2 8 41 58 35 77 79 77 79 77 219 169 8 2 112
79 34 2 8 2 54 65 105
11 54 8 209 2 8 2 41 79 34 2 54 65 77 79 77 79 77 169 53 79 105
11 54 209 2 8 41 58 35 79 77 79 77 219 136 8 2 2 112
79 34 2 8 2 54 65 105
11 54 8 209 2 8 2 41 79 34 2 54 65 77 77 169 79 77 55 79 105
11 54 209 2 8 41 58 35 79 77 79 77 219 169 77 8 2 112
79 34 2 8 2 54 65 105
79 57 80 57 77 62 77 62 77 61 19 16 105 11 105 11 79 105 44 19 79 105 13 2 109 11 57 109 13 32 79 105 11 58 19 79 35 19 77 107 19 108 13 105
2 2 41 19 52 105 11 19 2 54 51 77 105 11 77 122 192 127 171 77 140 77 105 11 77 122 192 127 171 77 140 79 34 19 54 65 77 53 77 53 77 77 169 54 77 77 169 54 86 79 105 209 41 19 41 209 2 41 19 79 105 13 2 109 11 57 109 13 32 79 105 11 58 19 79 35 19 77 107 19 108 13 105
2 2 41 58 57 79 79 86 86 105
57 80 57 79 19 105 79 105 79 105
35 107 35 35 27 107 79 105 13 105 13 107 35 35 105 13 107 107 79 27 105 11 57 79 27 27 105 13 105 13 57 77 44 108
79 105 79 108
13 57 79 108
13 27 105 79 105
13 58 15 79 108
108
11 57 35 79 108
13 107 105 79 108
13 105 13 105 13 108 105 2 41 14 8 27 35 27 107 105 13 105 13 108 105 105 19 41 14 8 105 40 14 41 14 41 14 41 14 41 14 8 41 14 8 41
19 57 105 13 57 105 13 57 27 105 11 58 57 27 105 11 57 18 8 41 8 41 27 105 11 57 105 13 57 105 13 27 105 11 57 27 27 105 13 41 35 107 93 105 13 27 105 13 27 27 105 13 27 27 105 13 105 13 105 13 79 105 13 105 13 35 107 20 36 105 11 62 19 105 41 14 27 35 27 107 105 13 105 13 27 105 13 105 13 105 13 108 35 107 105 8 42 105 105 105 42 14 41
19 19 79 105 13 27 105 13 35 35 107 107 27 8 2 105 13 57 58 27 105 11 57 2 41 27 105 11 57 35 107 105 13 27 27 105 13 27 27 105 13 105 13 27 105 13 105 13 41 27 105 11 57 105 79 91 105 13 79 91 105 13 27 105 13 27 35 107 93 105 13 27 105 13 93 105 13 105 13 105 13 27 93 105 13 35 107 79 91 105 13 27 105 13 27 35 107 93 105 13 27 105 13 93 105 13 105 13 105 13 27 93 105 13 105 13 105 13 105 13 35 79 107 35 19 19 107 105 19 105 27 105 91 20 53 35 79 91 107 35 107 79 105 13 91 105 13 105 13 27 105 13 93 105 13 105 13 105 105 19 105 27 35 107
13 57 58 79 105 13 27 19 79 105 13 105 11 35 107 27 105 27 105 27 79 108 13 105 27 105 79 105
13 57 57 57 27 105 13 27 93 105 13 27 93 105 13 27 105 13 27 93 105 13 27 93 105 13 27 105 27 105 79 79 91 105 13 108
27 105 13 32 19 105 13 105 11 16
57 79 105 13 19 108 13 105 41 79 35 27 57 35 27 107 105 13 105 13 108 13 107 105
19 79 35 27 108 13 107 105
35 107 27 105 13 79 79 27 105 11 57 27 105 13 79 108
13 19 105
16 79 105 13 57 105 11 58 80 57 27 27 108 107
79 105
13 107 107 27 105 79 19 105
