105
19 19 19 106 93 30 93 57 93 31 93 58 100 79 58 93 57 93 86 100 86 87 86 105
41 27 105 13 32 27 105 13 32 108 13 58 35 27 107 93 30 93 58 100 93 57 93 105
31 27 108
105
13 27 105 13 58 27 107
15 27 107
31 41 14 31 40 35 107
105
13 105
13 93 52 105
27 105 11 57 86 108 12 85 87 58 27 107
41 27 105 13 32 58 27 107
27 105 13 108
13 105 13 108
13 57 35 107 27 105 13 105 13 27 105 13 105 13 108
35 107 105 13 32 105 13 108
27 105 105 108
19 93 57 93 105 11 16 105 13 35 29 107 22 105
27 105 13 32 105 13 58 19 18 105 11 44 27 41 27 41 27 41 44
22 93 58 35 107 105 13 35 27 27 108 13 107 105
93 58 35 107 105 13 105 13 57 105 11 57 27 105 11 57 27 27 108 13 35 107 27 105 13 93 105 13 105 13 108 13 105 13 105 13 105 11 58 27 105 13 105 13 105 11 62 35 107 105 13 27 105 13 105 13 105 13 35 107 93 105 13 27 105 13 93 105 13 105 13 35 107 27 105 13 105 13 27 105 13 105 13 27 105 13 105 13 27 105 13 105 13 27 105 13 27 105 13 105 13 35 107 105 13 27 105 13 27 105 13 27 105 13 27 105 13 105 13 100 93 18
19 107 86 105
35 107 27 79 105 27 79 105 18
32 107
106 15
19 106 105
27 105 13 105 11 57 108 13 21 105 13 19 109 11 57 35 29 107 105
79 105
13 32 79 84 35 107 105 11 58 79 77 105
13 32 35 107 21 19 36 19 79 72 105
13 105 13 21 105 13 21 35 107
105 13 22 35 107
105 13 105 13 105 15 35 107 27 105 19 105
13 109 11 57 94 58 35 29 107 105
21 21 21 21 19 19 51 15 44 41 27 105 11 58 27 105 11 57 35 105
19 19 21 19 19 79 77 105 13 32 109 11 44 106 11 16 35 27 107 86 79 29 105 79 27 79 105 79 107
13 72 19 105
13 72 105
13 72 105
13 105 13 35 105
13 107 105 13 35 107
105 13 105 13 105 42 105
13 105 13 86 105
42 35 107 105 105
13 105 13 105 80 57 105
13 105 11 58 105 13 109 13 27 105 11 51 105 35 107 21 105 13 35 105
105
13 107 105 13 105
13 105 11 57 21 105 13 105 13 35 107
105 13 22 35 107
105 13 105 13 105 42 105 41 105 41 21 41 35 27 107 29 105 27 79 105 19 105
41 35 27 107 86 79 29 105 79 27 79 105 79 107
105
41 35 107 21 105 13 21 36 79 72 105
13 105 13 21 105 13 35 107
105 13 22 35 107
105 13 105 13 105 42 35 107 21 105 13 21 19 36 79 72 105
12 108
19 19 106 105
19 19 19 19 19 109 11 44 106 11 16 105
13 105 11 58 105 11 36 105 13 32 35 27 107 86 79 29 105 79 27 105 79 27 105 107
105
42 105
42 107
13 108
13 109 13 105 13 109 11 58 109 108
105
21 108 13 108
42 109 13 32 35 107 108
13 109 11 58 105 11 57 109 41 79 57 105
41 105
42 105
42 105
42 77 58 84 107
42 77 52 84 41 84 41 105
42 35 29 107 105
42 107
42 107
79 105
42 107
79 105
41 79 27 79 105 79 105
42 19 105
42 105
13 105
13 20 105 13 35 21 36 79 72 105
13 108 13 107 27 105 13 21 105
13 105 13 105 13 35 29 107 27 21 105 27 21 105 13 105 27 105 105
79 105 86 41 21 107
13 105 41 21 107
13 105 41 107
13 105 11 58 105 11 36 105 13 32 35 27 107 86 79 29 105 79 27 105 79 27 105 107
105
41 107
19 19 79 108
13 105 13 32 91 52 80 57 87 79 108
13 105
15 87 41 105
13 105 11 57 79 108
11 57 79 19 79 108
13 105
19 79 105 13 109 13 108
11 57 109 15 35 107 77 44 79 108
11 57 79 19 105
19 79 108
13 35 27 107 79 29 105 27 105 27 105 11 36 105 13 32 105 79 19 105
79 105
19 35 107 27 105 13 105 13 27 105 13 105 13 108
35 79 107 105 13 32 79 108
19 105 105 105 11 20 51 35 107 27 105 13 79 105 13 105 13 108
27 105 41 27 105 11 57 105 41 27 105 11 57 105 41 27 105 11 57 20 105 41 27 105 11 57 105 105 105 42 27 105 11 57 27 105 13 32 58 27 108
41 27 105 11 57 105 105 27 108
79 105 13 32 58 27 108
