1 3 4
1 23 24
1 24 25
1 25 26
1 30 31
1 33 34
1 43 44
1 44 45
1 45 46
1 46 47
1 47 48
1 48 49
1 49 50
1 50 51
1 51 52
1 52 53
1 53 54
1 62 63
1 63 64
1 64 65
1 65 66
1 67 68
2 13 22
2 13 1
2 13 22
2 13 12
2 13 11
2 13 32
2 14 17
2 14 27
2 2 1
2 2 6
2 40 39
2 41 38
2 5 36
2 5 15
2 5 37
2 5 29
2 5 35
2 5 26
2 5 23
2 5 26
2 5 17
2 5 6
2 5 10
2 5 3
2 5 33
2 5 15
2 5 34
2 5 28
2 5 8
2 5 7
2 5 15
2 5 9
2 30 23
2 30 31
2 30 26
2 30 26
2 55 54
2 55 56
2 55 58
2 55 59
2 55 56
2 55 43
2 55 60
2 55 54
2 42 43
2 42 60
2 42 54
2 42 59
2 42 54
2 61 57
2 18 16
2 18 10
2 18 17
2 19 16
2 19 17
2 19 10
2 21 16
2 21 10
2 21 17
2 20 10
2 20 17
2 20 16
3 62 66
3 67 68
3 5 4
3 55 71
3 55 70
3 55 69
3 42 71
3 42 70
3 42 69
