109
19 94 58 108 11 108 15 107
86 79 35 27 107 105
35 27 107 22 108
20 20 79 108
19 19 19 27 105 13 32 58 2 16 105 13 57 105 11 58 2 41 105 11 52 19 41 27 108 13 100 105 13 93 19 19 19 19 110 13 57 109 11 57 27 109 11 109 13 57 105 13 27 105 11 57 108 13 57 27 105 11 58 27 105 11 58 100 20 98 57 109 2 41 27 41 57 105 13 27 105 11 57 108 13 57 27 105 11 58 27 105 11 58 100 20 98 57 109 2 42 27 41 57 109 19 42 14 8 93 27 108
109
109
109
109
13 105 13 108 105 13 108 13 105 11 58 8 18 8 41
27 27 105 13 32 57 105 13 108 11 57 27 18 8 41
19 35 107
19 79 57 79 105
86 79 27 23 22 79 110 79 79 105 79 79 105 19 87 41 14 41
94 58 15 25 49 59 25 48 61 25 48 61 25 49 59 22 46 62 91 51 98 91 19 52 79 79 105 79 27 23 22 79 110 41 14 41 27 27 108
19 93 105 11 57 93 105 93 105 13 105 11 58 93 105 13 105 93 105 35 93 27 107 23 105 19 105 19 105 19 105 105 108
19 19 19 79 108
79 108
79 19 108
19 44 15 79 19 108
86 79 57 79 57 79 79 20 105 79 105 13 100 35 107 27 105 13 93 105 13 27 105 13 93 105 13 105 13 100 79 108
19 19 19 57 79 58 15 94 58 79 105 13 100 107
11 101 27 27 108
35 107
108 12 85 79 105 13 57 105 11 62 105 11 53 19 19 105 13 108 13 105 11 60 79 77 84 19 105 13 57 105 13 2 34 54 68 108 11 58 19 105 13 108 13 105 11 60 79 77 84 33 57 8 32 105 11 84 32 105 11 84 20 89 105
19 19 80 58 15 79 57 79 57 79 79 105 86 86 79 109 86 27 27 108
11 58 79 57 79 105 13 107
13 105 13 57 109 11 58 27 19 109 13 2 109 11 57 109 13 32 58 105 11 77 51 35 107 105 13 105 11 105 13 27 105 13 105 11 105 13 27 105 13 105 11 105 13 105 13 209 2 8 41 35 107 105 13 27 105 13 105 11 105 13 27 105 13 105 11 105 13 105 13 41 20 54 105 11 77 51 35 107 105 13 27 105 13 105 11 105 13 27 105 13 105 11 105 13 27 105 13 105 11 105 13 105 13 41 35 107 105 13 27 105 13 27 105 13 105 11 105 13 27 105 13 105 11 105 13 105 13 42 14 8 27 35 107 27 105 13 105 13 105 13 108
58 15 79 79 108
13 105 13 108
86 79 79 35 27 107 105
19 19 79 58 16 108 12 78 149 23 50 62 79 105 11 57 79 57 79 57 79 79 19 36 19 80 108 13 72 105 85 93 27 108
2 41 14 105 79 105 41 14 41 79 105 41 23 85 41
19 79 105 13 58 18 105 13 57 27 27 105 13 41 14 41
11 58 79 57 35 79 105 13 23 107
11 58 79 57 35 79 105 13 23 107
79 58 15 79 105 13 35 78 107
19 93 79 27 105 13 32 19 105 13 105 13 93 52 80 57 15 14 8 41 87 79 35 19 107
57 79 108
57 79 108
79 108
27 109
13 109
13 109
11 52 109
13 57 109
13 27 108
13 105 11 62 35 107
27 105
13 27 105 11 58 27 105 11 57 27 105
105
42 14 105 57 105
42 27 105 11 57 57 105 11 62 57 105 11 62 108 13 27 105 27 105 13 19 19 34 54 65 79 105 11 57 65 27 19 105 13 105
79 108
27 27 108 35 107 93 57 93 105 13 32 86 79 19 105 79 21 105 79 21 105 15 105 13 32 86 41 14 27 35 107 27 105 13 105 13 105 13 108
79 58 35 27 107 40 79 105 13 18
79 58 35 27 107 40 79 105 13 18 14 35 105 13 107
19 19 79 105 13 57 105 13 93 52 16 2 41 2 41
19 79 105 13 57 105 13 93 52 19 16
27 108
106 19 105
94 58 93 58 35 107 40 93 58 105
15 93 105
13 27 19 105 11 93 105
13 105
27 35 27 107 105 13 105 13 108
79 57 79 109
79 57 79 35 107 108
92 148 27 105 13 32 35 27 107 108
19 27 105 13 32 35 27 107 108
