19 91 20 54 16 35 29 107 22 105 22 105 105 13 105
19 79 108
13 105
13 105
13 57 105 11 62 108 13 35 27 107 79 108
13 105
108
13 108
11 61 27 27 108 105 41 93 105
11 63 44 27 35 107 27 105 13 105 13 27 105 13 105 13 108 79 79 108
13 105
11 58 79 105
105 42 108
13 58 94 57 27 27 108 105 42 35 107
79 79 105
13 32 105
19 105
13 105 108
94 57 27 27 108 79 105 13 105 13 19 91 105 21 105 105 41 14 105 40 94 57 27 27 108 35 79 105 13 29 107 22 105 22 105 27 105 79 105
11 57 94 57 27 27 108 105 15 79 58 79 105
13 58 94 57 27 27 108 105 41 105
13 93 52 79 105 13 108
11 58 94 57 27 27 108 105 41 79 108
11 35 107
79 105
13 79 79 108
11 57 21 22 108
106 105
79 79 79 19 19 19 109
93 35 107 27 105 13 105 13 105 13 108
106
79 105
106
13 41 35 105 13 107 105 13 32 19 105 27 105 27 105 13 57 27 105 13 19 65 41 14 41 44
