1 1 2
1 2 3
1 6 7
1 7 8
1 8 9
1 9 10
1 10 11
1 11 12
1 17 18
1 20 29
1 29 30
1 30 31
1 31 32
1 32 33
1 33 34
1 34 35
1 35 36
1 36 21
1 21 22
1 22 23
1 23 24
1 24 25
1 25 26
1 26 27
1 27 28
1 43 44
1 47 48
1 50 52
1 52 53
1 53 54
1 54 55
1 55 56
1 56 57
1 57 58
1 58 59
1 59 51
1 60 61
1 61 62
1 62 63
1 63 64
1 64 65
1 65 66
1 66 67
2 19 39
2 13 4
2 13 4
2 6 4
2 6 4
2 1 5
2 43 44
2 20 39
2 20 5
3 19 17
3 19 14
3 6 12
3 1 3
3 47 48
3 60 67
3 40 37
3 41 42
3 50 58
3 20 15
3 20 16
3 20 28
3 49 45
4 14 6
4 3 6
4 15 6
4 38 19
4 18 6
4 28 19
5 51 46
