27 108
13 27 108
11 57 105 11 58 100 35 29 107 91 20 54 105
13 32 19 27 105 13 86 79 105 15 79 57 79 105 41
13 105 13 27 105 13 105 13 105 79 27 105 13 32 19 79 105 13 105 94 58 79 105
21 20 19 19 19 106 105
13 86 91 53 35 27 27 107 105 105 105 19 19 105 105 27 105
13 32 105 35 107 35 105
13 108 13 107 27 105 13 105 13 105 35 107
86 107
79 105
35 79 29 107 22 105 79 108
19 19 19 79 27 108
11 57 94 57 35 29 107 105
13 105 35 29 107 105
35 29 107 105
35 29 107 105
23 108 35 29 107 105
19 19 106 22 105
19 19 109 11 21 52 94 57 91 20 53 27 105
58 109 41 2 41 109 41 21 52 27 108
11 27 57 2 108
58 109 41 2 41 109 41 21 52 93 27 105 79 105 79 35 107
105 27 93 108
41 21 52 27 108
13 27 105 11 57 27 27 108
107
35 29 107 22 105 22 105 27 105 105
11 57 27 105
11 57 21 105
13 108 13 105 16 36 27 72 105
41 107
41 107
41 94 57 101 41 107
41 21 52 27 108
11 27 57 2 108
19 35 79 29 107 27 108 13 105 13 105 105 13 32 105 13 105 13 108 11 27 105 27 105 27 105 27 91 105 27 91 105 79 20 105
35 107 27 105 27 79 105 27 105 79 105
11 58 2 57 2 16 2 41 27 105 13 32 91 20 54 105 13 57 105 11 51 105 11 20 52 2 41 105 13 105 13 57 105 11 58 19 105 11 57 2 41 27 105 13 32 105 13 27 19 36 105 13 19 105 19 36 105 13 32 105 11 57 2 41 14 2 41 2 41
79 108
19 105
11 57 35 107 35 79 105 13 108 13 107 27 105 13 105 13 105 79 105
79 105
13 79 79 57 35 79 79 79 77 107 105 19 87 79 105
13 105
19 106
19 19 106 105
13 105
19 19 35 79 109 13 32 107 107
19 19 109 11 44 106 11 16 105
41 35 27 107 27 105 20 105
41 79 79 105 79 105 13 105 107
79 27 105 79 105 41 108 13 105 13 80 57 35 107 86 107
107
41 107
41 79 57 105
13 27 79 105 13 105 19 105
13 105
105
79 108
13 105 13 109 11 62 79 105
13 27 35 79 108
13 108 13 107 27 105 13 79 108
13 105 13 105 13 105 13 105 79 105
13 27 79 108
11 105 79 19 79 105
13 105
