79 79 108
19 79 27 105 108 13 86 79 58 79 27 105 79 105 11 58 35 27 107 19 105
79 105 13 109 11 62 109 13 109 11 58 57 79 27 105 15 109 13 32 105 13 79 105 11 57 86 19 41 79 27 105 41 14 35 27 107 105 13 105 13 105 13 107
27 108 13 79 105 13 86 79 105 79 105 13 86 79 105 13 86 107
79 105 13 32 105 11 108
105 11 21 52 79 19 79 108
35 29 107 35 107 27 105 27 105 27 20 105 105 105
106 94 57 19 105
79 105 13 32 105 11 108
105 11 21 52 79 19 79 108
35 29 107 35 107 27 105 27 105 27 20 105 105 105
106 94 57 19 105
79 105 13 32 105 11 108
105 11 21 52 79 19 27 105
35 29 107 35 107 27 105 27 105 105 105
106 94 57 19 105
79 105 13 32 105 11 108
35 29 107 35 107 27 105 27 105 105 105
79 105 13 32 105 11 108
105 11 21 52 79 19 27 105
35 29 107 35 107 27 105 27 105 27 20 105 105 105
106 94 57 19 105
19 44 105
15 35 29 107 105
35 107
11 105 27 79 108
13 105 105 79 105
105 13 32 79 77 108
79 79 108
19 79 108
13 79 108
13 105 35 107 79 108
11 44 79 108
13 20 105 79 108
13 27 105 15 94 57 35 105 13 29 107 27 19 105 27 27 105 27 79 108
35 107
13 108 11 19 19 52 35 29 107 35 107 27 105 27 105 27 20 105 105 105
106 19 101 94 57 77 79 107
21 19 79 108
79 79 105 13 109 13 105 13 108
35 29 107 35 107 27 77 105 27 79 105 27 78 105 105 105
79 65 27 105 11 79 65 19 105 13 105 13 35 29 107 35 107 27 105 27 105 105 105
35 107 27 79 105 27 105 27 77 105 27 77 105 27 79 105 27 79 105 27 79 105 27 19 105 35 79 29 107 27 105 105 79 105
35 107
35 29 107 35 107 27 77 105 27 79 105 27 77 105 27 79 105 105 105
111 19 9 105
79 105 13 32 105 11 108
35 29 107 35 107 27 19 105 27 105 27 105 105 105
19 19 44 79 105
15 35 79 29 107 35 107 27 19 105 105 79 105
35 107 27 79 105 27 105 27 77 105 27 77 105 27 79 105 27 79 105 27 79 105 27 19 105 35 79 29 107 105 79 105
35 107
11 105 27 79 108
13 105 27 79 108
13 105 27 79 108
13 105 27 79 108
11 105 105 79 105
105 13 32 79 77 108
79 79 108
79 77 108
79 79 108
79 79 108
19 35 105 13 29 107 35 107 27 79 108
11 105 27 79 108
13 105 27 79 108
35 107
35 29 107 35 107 27 105 27 105 27 20 105 105 105
19 79 27 105 13 32 105 13 105 11 57 16 19 41
