1 11 12
1 12 13
1 13 14
1 14 15
1 15 16
1 16 17
1 17 18
1 44 45
1 45 46
1 46 47
1 47 48
1 48 49
1 49 50
1 65 66
1 67 68
1 69 70
1 71 72
1 73 74
1 75 76
1 80 81
1 87 88
1 88 89
1 89 90
1 94 95
1 105 106
1 106 107
1 107 108
1 108 109
1 111 112
1 112 113
1 113 114
1 114 115
2 100 77
2 20 9
2 92 85
2 78 77
2 56 3
2 56 19
2 56 58
2 56 9
2 32 3
2 32 2
2 32 9
2 32 19
2 32 58
2 55 53
2 40 58
2 40 6
2 40 53
2 24 19
2 24 2
2 24 58
2 24 9
2 24 3
2 51 53
2 28 3
2 28 58
2 28 19
2 28 9
2 28 2
2 27 58
2 27 2
2 27 9
2 27 3
2 27 19
2 10 19
2 10 9
2 10 3
2 10 58
2 54 53
2 21 3
2 21 19
2 21 9
2 21 58
2 4 19
2 4 58
2 4 9
2 4 3
2 25 58
2 25 19
2 25 9
2 25 2
2 25 3
2 52 53
2 29 58
2 29 3
2 29 2
2 29 9
2 29 19
2 11 18
2 11 7
2 11 18
2 11 8
2 87 80
2 87 90
2 87 85
2 87 87
2 87 81
2 87 91
2 31 2
2 31 58
2 31 9
2 31 3
2 31 19
2 39 53
2 39 6
2 39 58
2 23 3
2 23 2
2 23 19
2 23 9
2 23 58
2 33 3
2 33 9
2 33 19
2 33 2
2 33 58
2 26 58
2 26 19
2 26 2
2 26 9
2 26 3
2 22 53
2 22 58
2 22 3
2 22 19
2 22 9
2 5 60
2 5 63
2 5 62
2 5 61
2 5 64
2 59 59
2 30 19
2 30 58
2 30 9
2 30 2
2 30 3
3 73 74
3 65 66
3 67 68
3 69 70
3 75 76
3 71 72
3 105 109
3 104 110
3 104 103
3 56 57
3 32 57
3 32 1
3 55 53
3 40 79
3 40 53
3 24 57
3 24 1
3 34 79
3 34 53
3 51 53
3 28 57
3 28 1
3 37 79
3 37 53
3 42 79
3 42 53
3 27 57
3 27 1
3 54 53
3 94 95
3 21 57
3 41 79
3 41 53
3 25 57
3 25 1
3 35 79
3 35 53
3 52 53
3 29 57
3 29 1
3 38 79
3 38 53
3 43 79
3 43 53
3 87 80
3 87 79
3 87 99
3 87 83
3 87 86
3 31 57
3 31 1
3 39 79
3 39 53
3 23 57
3 23 1
3 33 57
3 33 1
3 26 57
3 26 1
3 36 79
3 36 53
3 22 53
3 22 79
3 22 57
3 97 93
3 97 96
3 98 93
3 98 96
3 44 50
3 111 115
3 102 79
3 101 79
3 84 82
3 30 57
3 30 1
