21 19 58 19 52 27 108
13 108
13 105
27 108
13 27 108
13 108
13 105
27 108
13 108
12 105
27 108
13 105 13 27 108
13 105
105
11 105
8 21 105
13 32 35 27 108
13 107 105 13 27 108
13 105 13 105 13 105 105
13 32 35 27 108
13 107 93 105 13 27 108
13 105 13 105 13 105 13 105 35 93 109 13 107
13 105 35 93 109 13 107
27 108
13 108
13 105
27 105 11 57 35 27 108
13 107 27 108
13 27 105 19 105
35 107
27 108
13 93 105
27 108
13 105
27 108
22 106 105
27 21 106 105
21 106 105
93 100 35 27 108
13 107 27 108
13 27 105 79 19 105
27 100 35 27 108
13 107 27 108
13 27 105 79 19 105
79 108
13 105 13 32 35 79 29 107 27 108
13 105 79 105
35 79 29 107 79 105
35 93 109 13 107
27 100 35 27 108
13 107 27 108
13 27 105 79 19 105
35 79 29 107 79 105
13 107 105 13 27 108
13 105 13 105 13 105
27 108
13 105
105 13 27 105 108
13 105
105 105 11 105 13 35 27 108
13 107 105 13 105 13 105
35 27 108
13 107 105 13 105 13 105
105 13 108
35 107 105 13 32 33 57 27 108
13 105
8 108
11 58 27 108
13 105 27 19 105 108
13 105
105 35 27 108
