105
19 19 19 106 93 30 93 57 93 31 93 58 100 79 58 93 57 93 86 100 86 87 86 105
41 27 105 13 32 27 105 13 32 108 13 58 35 27 107 93 30 93 58 100 93 57 93 105
31 27 108
105
13 27 105 13 58 27 107
15 27 107
31 41 14 31 40 35 107
105
13 105
13 93 52 105
27 105 11 57 86 108 12 85 87 58 27 107
41 27 105 13 32 58 27 107
19 93 57 93 105 11 16 105 13 35 29 107 22 105
93 58 35 107 105 13 105 13 57 105 11 57 27 105 11 57 27 27 108 13 35 107 27 105 13 93 105 13 105 13 108 13 105 13 105 13 105 11 58 27 105 13 105 13 105 11 62 35 107 105 13 27 105 13 105 13 105 13 35 107 93 105 13 27 105 13 93 105 13 105 13 35 107 27 105 13 105 13 27 105 13 105 13 27 105 13 105 13 27 105 13 105 13 27 105 13 27 105 13 105 13 35 107 105 13 27 105 13 27 105 13 27 105 13 27 105 13 105 13 100 93 18
35 107 27 79 105 27 79 105 18
106 19 105
27 105 13 32 105 13 57 105 11 16 19 41
35 79 29 107 79 105
19 35 107 27 105 13 105 13 27 105 13 105 13 108
27 105 41 27 105 11 57 105 41 27 105 11 57 105 41 27 105 11 57 20 105 41 27 105 11 57 105 105 105 42 27 105 11 57 27 105 13 32 58 27 108
41 27 105 11 57 105 105 27 108
35 79 107 105 13 32 79 108
19 105 105 105 11 20 51 35 107 27 105 13 79 105 13 105 13 108
79 105 13 32 58 27 108
