1 5 6
1 14 15
1 16 21
1 21 22
1 22 23
1 23 24
1 24 25
1 25 26
1 26 27
1 27 28
1 28 17
1 17 18
1 18 19
1 19 20
1 29 40
1 40 42
1 42 43
1 43 44
1 44 45
1 45 46
1 46 47
1 47 48
1 48 30
1 30 31
1 31 32
1 32 33
1 33 34
1 34 35
1 35 36
1 36 37
1 37 38
1 38 39
1 39 41
1 51 62
1 62 73
1 73 84
1 84 89
1 89 90
1 90 91
1 91 92
1 92 93
1 93 52
1 52 53
1 53 54
1 54 55
1 55 56
1 56 57
1 57 58
1 58 59
1 59 60
1 60 61
1 61 63
1 63 64
1 64 65
1 65 66
1 66 67
1 67 68
1 68 69
1 69 70
1 70 71
1 71 72
1 72 74
1 74 75
1 75 76
1 76 77
1 77 78
1 78 79
1 79 80
1 80 81
1 81 82
1 82 83
1 83 85
1 85 86
1 86 87
1 87 88
1 94 95
1 95 96
1 96 97
1 97 98
1 98 99
1 101 102
2 1 10
2 13 8
2 105 105
2 16 20
2 16 8
2 16 50
2 16 20
2 4 10
2 14 15
2 14 15
2 29 50
2 29 35
2 29 41
2 29 8
2 51 88
2 101 102
2 49 49
2 7 7
2 2 3
3 12 9
3 94 99
3 100 103
3 4 11
3 101 104
3 5 6
