1 1 2
1 11 12
1 12 13
1 14 22
1 22 23
1 23 24
1 24 25
1 25 26
1 26 27
1 27 28
1 28 29
1 29 15
1 15 16
1 16 17
1 17 18
1 18 19
1 19 20
1 20 21
1 30 31
1 32 33
1 33 34
1 34 35
1 35 36
1 36 37
1 39 40
1 40 41
1 46 47
1 47 48
1 48 49
1 49 50
1 50 51
1 52 53
1 53 54
1 56 57
1 57 58
1 58 59
1 59 60
1 60 61
1 61 62
1 62 63
2 14 21
2 46 63
2 46 51
2 52 63
2 52 54
2 52 55
2 52 55
2 52 55
2 6 6
3 43 56
3 43 42
3 14 39
3 46 56
3 52 56
3 8 56
3 45 56
3 30 31
3 7 56
3 4 56
3 3 56
3 44 56
3 1 2
3 32 56
3 32 42
3 32 37
3 11 56
3 11 12
3 5 56
3 9 56
3 9 42
4 38 43
4 13 14
4 40 46
4 41 46
4 37 64
5 37 10
