32 105
13 100 93 105 13 108
19 108
19 108
19 93 105 93 108
35 35 93 105 13 108 13 107 93 105 13 105 13 107 105 11 57 93 91 105 108
19 108
19 94 57 19 16 108
19 106 52 93 57 93 19 19 105
106
114 13 32 93 77 105 13 32 93 19 93 105 11 105 93 27 105 13 32 105 114 11 45 9 108
11 19 52 19 16 35 107 27 105 27 105 93 93 27 105 11 105 13 105 13 27 105 11 57 27 105 35 35 93 105 13 108 13 107 93 105 13 105 13 105 13 107 108 13 27 105 27 108
13 9 105
19 19 19 91 20 53 21 105
13 100 93 57 93 105 93 105 93 105 93 105 93 35 91 107 105 21 105
13 91 105 94 57 105
91 20 53 29 27 19 36 105 13 19 19 36 105 105
107
27 105
13 32 35 107
100 93 20 105 105
106 21 105
105
13 100 100 35 107
100 107
35 107 100 93 20 105 108
108
91 19 52 21 105
100 91 20 53 105
19 19 19 19 19 52 105
13 105
19 19 19 109 11 44 106 11 16 108
105
41 35 107 27 105 21 105 105 105 13 105 41 35 107 27 105 27 94 57 35 108 13 107 27 105 13 105 13 105 35 107 105 91 108 13 105 105 27 35 107
105 27 35 107
105 27 35 107
105 105 13 105 42 35 29 107 20 105
35 27 107 27 105 27 105 93 105
19 100 35 93 29 107 100 91 20 53 93 93 105
93 93 93 19 105
15 93 93 105
93 93 105 93 93 105
19 105 13 27 105 11 57 108
19 19 108
19 19 79 80 57 79 79 80 57 79 105
106 19 86 105
79 58 19 107
79 58 27 86 79 86 79 27 105 11 59 79 209 105 13 86 27 105
13 32 86 79 105 11 62 79 105
27 105
13 32 19 27 105 13 86 79 105 35 107 86 15 27 41 14 41
19 106 105
77 98 108
79 105 11 57 79 105 79 105 105
19 41 79 57 79 105 11 57 57 79 105 11 84 79 105 79 105 79 105 86 41 14 41
35 29 9 107 22 105 19 19 9 108
13 91 20 54 9 9 107
15 91 20 53 35 9 79 27 20 3 107 9 79 105 35 9 107 105 27 105 9 105 23 105 91 20 53 9 79 105 91 20 53 21 105 20 20 20 113 11 105 19 105 110
13 22 108 13 105 91 20 53 35 29 9 107 27 105 19 19 9 108
13 35 29 9 107 27 105 19 19 9 108
13 35 29 9 107 27 105 19 19 9 108
13 19 27 105 19 27 105 19 27 105 105 13 77 216 84 91 20 53 9 77 9 105
42 22 105 42 105 13 41 9 79 9 77 105 42
91 20 53 21 105
