13 108 13 105 13 27 108
12 105 12 181 24 50 62 105 19 94 57 108
79 57 79 105 19 86 15
12 9 85 35 105 13 107 27 105 13 105 105 105 11 57 108
12 9 85 94 57 105 13 93 27 20 3 36 9 20 108 13 72 20 72 113 13 108
19 35 105 13 107 108
94 58 105 13 32 18 105 13 32 27 108 13 93 19 36 19 35 93 94 107
19 79 58 8 18 79 27 105 13 32 105 13 8 41 14 93 105 13 108
19 79 58 15 79 19 35 27 107 105
13 58 16 105 13 19 27 19 35 107 105
108
108
19 79 105 13 57 19 105
105
79 79 79 19 19 19 109
93 35 107 27 105 13 105 13 105 13 108
106
13 41 35 105 13 107 105 13 108
19 19 27 27 79 105 11 57 27 27 108
42 14 27 105 13 108
8 41 14 27 105 13 108
8 41 14 27 105 13 108
8 41 79 27 105 11 57 27 27 108
35 27 107 79 108 13 105 79 79 109
13 105
79 27 105 11 57 108 13 58 29 27 19 36 19 29 72 105 13 19 19 36 19 79 72 105 13 32 8 58 79 79 105 13 27 19 36 105 13 79 79 19 36 105 13 32 105 13 27 19 36 19 29 72 105 13 19 36 19 79 72 105 13 32 93 105 11 57 27 27 108
79 79 79 109
8 35 93 107
105
79 105
15 14 27 105 13 108
41 14 27 105 13 108
41 14 27 105 13 108
108
108
108
20 19 19 19 19 79 108
13 105
79 108
13 105
79 108
13 79 108
13 105
35 79 79 109
13 107 105 35 79 79 109
13 107 79 108
11 105 35 20 107
13 57 79 108
11 107 105 107
11 107
11 107
11 107
11 105 19 105 20 105 35 79 79 109
13 107 35 19 19 107 105 19 105 105 108 13 105 11 105 35 79 79 109
13 107 35 19 107 19 105 105 27 105 108 13 105 11 105 79 79 109
13 105 13 27 27 79 79 109
13 105 13 105 11 105 13 79 108
13 27 51 79 108
13 105
13 108 11 105 91 53 19 105 105 93 105 20 107
11 20 107
11 105 91 53 105 35 107
105 35 79 79 109
13 107 35 19 107 105 105 27 105 19 108 13 105 11 105 27 27 79 79 109
13 105 13 105 11 105 13 79 108
13 27 51 79 108
13 108 11 105 91 53 19 105 105 93 105 20 107
11 20 107
11 105 91 53 105 35 107
79 35 79 79 109
105 79 35 79 79 109
13 107 108
35 107 105 19 105 79 108
13 105 79 108
13 19 108 13 105 11 105 79 108
13 105 79 108
13 79 105 79 108
13 105 79 108
13 105 79 108
13 105 79 108
13 21 107
13 35 107
105 19 107
13 105 35 79 79 109
13 107 79 108
13 27 51 79 108
13 108 11 105 35 20 107
11 107 20 105 105 79 108
13 27 51 20 107
11 20 107
11 20 107
108
11 20 107
11 105 19 105 20 105 19 107
13 105 79 35 79 79 109
13 107 108
79 108
13 105
13 105 13 21 84 79 108
19 19 27 105 11 57 35 27 107 108 13 105 79 79 109
13 105
