1 3 4
1 4 5
1 6 7
1 7 8
1 8 9
1 9 10
1 10 11
1 11 12
1 19 20
1 20 21
1 21 22
1 22 23
1 23 24
1 24 25
1 25 26
1 26 27
1 32 33
1 33 34
1 34 35
1 39 40
1 50 51
1 51 52
1 52 53
1 53 54
1 57 58
1 58 59
1 59 60
1 60 61
2 29 28
2 37 30
2 32 30
2 32 35
2 32 32
2 32 36
2 2 17
2 13 17
2 16 17
3 3 5
3 50 54
3 49 55
3 49 48
3 32 31
3 14 18
3 14 1
3 39 40
3 6 12
3 15 18
3 15 1
3 44 45
3 44 46
3 44 47
3 42 38
3 42 41
3 43 38
3 43 41
3 57 61
3 13 18
3 13 1
3 19 27
3 16 18
4 54 56
