13 19 22 108
106
106 57 27 105 11 84 77 19 51 105
13 105 13 58 27 27 108 105
15 27 105 13 32 27 105 13 32 58 58 27 27 41 57 105 13 19 19 19 19 19 8 110
79 80 58 15 79 105
13 105
11 57 79 79 79 105
13 105
13 79 105
11 19 108
13 19 109
77 19 24 19 19 44 27 77 20 35 107 27 105 105 105 13 108 16 79 32 79 108
79 108
79 105
77 19 51 27 77 20 35 107 27 105 105 105 13 108 41 79 79 105
13 58 35 19 107 105 41 105 13 105 11 58 105 41 105 105 13 44 21 41 20 93 19 105 105 15 44
13 58 19 18 22 108
108
11 19 19 8 19 105 11 54 108
11 108
11 44 108
41 93 108
13 32 41 108
11 41 108
11 41 108
35 107
93 19 105 11 57 35 27 107 105
108
13 27 105 13 32 57 105 13 41 19 57 105 11 57 19 16 19 16
13 35 27 107 27 105 108
79 105 79 19 105
79 105
11 19 58 79 105
79 105 15 105
13 105
79 58 15 105
108 11 108 11 52 27 19 108 11 57 27 27 108 79 79 105
27 19 108 11 57 27 27 108 79 108
13 79 79 105
13 79 79 20 105
30 19 87 8 32 86 27 19 108 11 57 27 108 13 108 13 105 11 209 35 107 27 105 105 105 13 108 58 27 27 108 107
27 19 108 11 57 27 108 13 108 13 105 11 209 35 107 27 105 105 105 13 108 107
79 79 79 105
13 105
11 19 58 35 27 107 27 105 105
11 19 52 27 41 27 105 105 79 108
11 19 58 79 79 105 11 57 19 108 13 18 35 27 108 13 107 79 105
106 105
79 27 108
11 57 35 108 13 107 105 108 13 105 13 27 105 27 105 27 105 108 13 105 105 19 105 93 108 13 105 79 27 105
13 32 105 79 105
13 27 108 13 105 41 14 79 105
13 105 13 19 108 13 105 41 35 27 107 108 13 105 79 105
27 105 11 19 57 79 105 13 35 27 108 13 107 105
106 105
109 11 35 27 107 19 21 52 105
16 21 52 105
16 21 52 27 105 27 105
13 21 105 13 105 27 105
13 21 105 13 105 27 108
