1 31 42
1 42 53
1 53 58
1 58 59
1 59 60
1 60 1
1 1 2
1 2 3
1 3 4
1 4 5
1 5 6
1 6 7
1 7 8
1 8 9
1 9 10
1 10 11
1 11 12
1 12 13
1 13 14
1 14 15
1 15 16
1 16 17
1 17 18
1 18 19
1 19 20
1 20 21
1 21 22
1 22 23
1 23 24
1 24 25
1 25 26
1 26 27
1 27 28
1 28 29
1 29 30
1 30 32
1 32 33
1 33 34
1 34 35
1 35 36
1 36 37
1 37 38
1 38 39
1 39 40
1 40 41
1 41 43
1 43 44
1 44 45
1 45 46
1 46 47
1 47 48
1 48 49
1 49 50
1 50 51
1 51 52
1 52 54
1 54 55
1 55 56
1 56 57
1 65 66
1 66 67
1 69 70
1 70 71
1 71 72
1 72 73
1 73 74
1 74 75
1 75 76
1 79 80
1 80 81
1 81 82
1 82 83
1 83 84
1 84 85
1 85 86
1 87 88
1 92 93
1 93 94
1 94 95
1 95 96
1 96 97
1 97 98
1 98 99
1 99 100
1 106 107
1 107 108
1 108 109
1 109 110
1 110 111
1 116 117
1 138 139
1 139 140
1 140 141
1 141 142
1 142 143
1 143 144
1 144 145
1 147 148
1 148 149
1 151 152
1 154 155
1 159 160
1 160 161
1 163 174
1 174 185
1 185 196
1 196 207
1 207 217
1 217 218
1 218 219
1 219 220
1 220 164
1 164 165
1 165 166
1 166 167
1 167 168
1 168 169
1 169 170
1 170 171
1 171 172
1 172 173
1 173 175
1 175 176
1 176 177
1 177 178
1 178 179
1 179 180
1 180 181
1 181 182
1 182 183
1 183 184
1 184 186
1 186 187
1 187 188
1 188 189
1 189 190
1 190 191
1 191 192
1 192 193
1 193 194
1 194 195
1 195 197
1 197 198
1 198 199
1 199 200
1 200 201
1 201 202
1 202 203
1 203 204
1 204 205
1 205 206
1 206 208
1 208 209
1 209 210
1 210 211
1 211 212
1 212 213
1 213 214
1 214 215
1 215 216
1 221 222
1 223 224
1 224 225
1 225 226
1 226 227
1 227 228
1 234 235
1 235 236
1 241 242
1 242 243
1 243 244
1 244 245
1 247 248
1 251 252
1 252 253
1 263 264
1 267 268
1 273 274
1 274 275
1 275 276
1 278 279
1 280 281
1 281 282
1 282 283
1 283 284
1 289 290
1 290 291
1 292 293
1 293 294
1 294 295
1 295 296
1 297 298
1 298 299
1 302 303
1 307 308
1 308 309
1 309 310
1 310 311
1 311 312
2 163 31
2 163 42
2 163 44
3 101 90
3 307 312
3 163 153
3 163 216
3 240 259
3 304 301
3 255 260
3 77 57
3 69 76
3 247 248
3 137 135
3 313 306
3 65 67
3 254 260
3 239 318
3 239 317
3 106 104
3 106 111
3 251 253
3 112 104
3 92 90
3 92 100
3 156 229
3 241 245
3 221 222
3 302 303
3 79 86
3 159 161
3 150 135
3 154 155
3 138 145
3 136 135
3 147 149
3 122 61
3 114 102
3 286 232
3 286 256
3 280 231
3 280 284
3 262 153
3 289 291
3 134 133
3 115 89
3 119 63
3 285 287
3 125 87
3 125 103
3 315 301
3 124 87
3 292 296
3 263 264
3 273 276
3 316 306
3 270 230
3 120 64
3 288 287
3 266 153
3 265 153
3 278 279
3 271 158
3 132 128
3 132 126
3 121 68
3 118 89
3 113 78
3 305 300
3 129 127
3 129 126
3 130 127
3 238 232
3 238 256
3 234 236
3 162 257
3 162 158
3 162 258
3 162 259
3 250 256
3 151 152
3 297 299
3 277 233
3 269 158
3 272 157
3 131 128
3 116 117
3 261 287
3 123 89
3 267 268
4 216 77
4 103 302
4 233 146
4 236 146
4 223 246
4 296 249
4 152 146
4 264 237
4 314 307
4 90 77
4 62 65
4 76 77
4 153 146
4 88 92
4 104 77
4 228 249
4 268 249
4 158 246
4 230 246
4 157 79
4 127 77
4 67 77
4 86 77
5 223 162
5 233 234
5 103 105
5 157 162
5 158 162
5 230 162
5 88 91
