11 57 79 86 93 105
11 57 79 86 93 105
11 57 79 58 93 105
11 84 93 105
11 57 79 86 93 105
11 57 79 86 93 105
11 57 79 105 13 27 108 13 86 79 108
13 93 105
11 57 105
13 86 93 105
11 57 105
13 86 93 105
11 57 58 19 84 93 105
11 57 58 19 84 93 105
11 57 58 19 84 93 105
11 57 58 19 86 93 105
11 57 58 19 84 93 105
11 57 105 13 86 27 86 79 86 79 58 19 86 93 105
11 57 58 19 86 93 105
11 57 57 105 13 86 93 105
11 57 93 86 93 105
11 57 93 86 93 105
11 57 108 12 85 93 105
11 57 108
13 86 93 105
11 57 19 108
13 86 93 105
11 57 57 105 13 86 93 105
11 57 108
13 86 93 105
11 57 105 13 8 79 27 108
11 57 108 13 105 13 86 93 105
11 57 108 13 105 13 86 93 105
11 57 79 58 19 86 93 105
11 57 58 19 84 93 105
11 57 58 19 86 93 105
11 57 93 86 93 105
11 57 108
13 86 93 105
11 57 35 107 105 11 108 13 86 93 105
11 57 108
11 57 105 13 8 79 27 108
13 86 93 105
11 57 57 105 13 86 91 20 53 93 86 93 105
11 57 79 105 13 27 105 11 108 13 86 93 105
11 57 58 19 86 93 105
11 57 57 105 13 86 93 105
11 57 108 12 85 93 105
11 57 108
12 85 93 105
11 57 108 13 105 13 86 93 105
11 57 93 27 105 11 58 93 27 105 11 58 93 27 105 11 58 93 27 105 11 58 93 27 105 11 58 93 27 105 11 57 19 108 13 86 93 105
11 58 79 27 108
11 57 108
11 108 13 86 93 105
11 57 35 107 79 57 79 105
13 109 13 109 11 57 109 13 32 79 105 13 35 107 108 13 105 13 108
11 57 19 79 27 108
11 105 11 44 35 27 107 105 11 105 13 27 105 13 105 13 86 8 8 93 105
11 58 19 86 93 105
35 29 107 105 13 105
27 105 27 105 27 105 27 105 27 105 19 105
13 35 27 108 13 107 105
13 35 27 108 13 107 105
19 19 106 35 107 105 13 105 13 105 13 27 105 105
13 105 13 27 105 13 86 108
13 79 105
13 107
19 106 35 107 93 105 13 27 105 35 107
105
35 107
105
35 107
19 36 19 29 105 13 72 29 105 13 72 19 29 105 13 72 19 29 105 13 72 108 13 105
108
13 79 105
27 35 107 29 105 13 105 13 27 105 13 105
13 107
19 106 35 107 93 105 13 27 105 35 107
105
35 107
105
35 107
19 36 19 29 105 13 72 29 105 13 72 19 29 105 13 72 19 29 105 13 72 108 13 105
108
13 79 105
35 29 107 105 13 105
27 105 27 105 27 105 27 105 105
13 35 27 107 105 13 27 105 13 27 105 27 35 27 107 27 105 13 105 13 27 105 13 27 105 13 105 13 27 105 13 105 13 108 19 105
13 79 19 105
19 106
19 106 35 107 93 105 13 27 105 107
58 108
11 58 105
87 105
13 105 13 58 105
15 27 105 11 87 27 105 11 87 41 105
13 27 105 13 32 86 105
13 27 105 13 32 86 35 105
13 107
106 107
35 29 107 105 13 105
13 105 27 105 27 105 27 19 105 35 27 107 105 13 27 105 13 27 105 105
13 79 19 105
19 106
106 35 107 93 105 13 27 105 108
108
107
35 107
86 35 105
13 107
106 107
35 107 108
79 79 108
19 105 79 108
35 79 79 107 27 79 105 79 109
79 105
35 107 108
79 108
79 108
35 107 108
79 79 108
79 19 108
79 108
79 108
35 107 27 105 105
13 79 19 105
13 35 27 107 105 13 27 105 13 27 105 27 27 108 19 105
19 106 35 107 93 105 13 27 105 58 108
106 107
79 108
35 107 108
19 79 30 79 105 11 61 31 15 36 79 105 79 105 31 2 34 54 65 2 79 105 11 54 79 105 13 32 79 79 79 105
77 44 106 15 79 108
13 100 100 35 79 29 107 19 105
79 19 105 93 105
79 19 105 93 105
105
93 105
11 58 79 93 21 105
13 108
15 93 93 52 19 105
27 105
41 79 105 11 57 93 27 108
35 79 29 107 19 105
21 21 20 19 106 79 27 108
105
93 27 108
35 79 29 107 19 105
93 105
79 35 27 107 108 13 105 13 27 105 13 108 13 105 13 105 13 108
44 15 19 52 93 100 35 79 29 107 105
100 93 100 35 79 29 107 105
93 27 108
35 79 29 107 105
93 86 93 109 11 62 105
35 79 29 107 27 105 20 105
11 58 35 79 29 107 19 105
93 109 11 58 93 86 93 93 27 108
13 105
15 93 100 35 79 29 107 105
19 19 19 79 35 27 107 108 13 105 13 27 105 13 108 13 105 13 105 13 108
20 19 19 106 79 27 108
27 27 108
21 105
13 32 86 21 105
13 32 86 21 105
13 32 86 21 105
13 32 86 21 105
13 32 86 21 105
13 32 86 21 105
13 32 86 21 105
13 32 86 21 105
79 100 105
13 32 86 21 105
13 32 86 21 105
13 32 86 21 105
13 32 86 21 105
13 32 86 21 105
13 32 86 21 105
13 32 86 21 105
13 32 86 21 105
13 32 86 21 105
13 32 86 21 105
13 105 13 105 13 57 79 105 13 108
13 32 86 21 105
13 32 86 21 105
13 32 86 21 105
13 32 86 21 105
13 32 86 21 105
13 32 86 21 105
13 32 86 22 105
13 32 86 21 105
13 32 86 21 105
13 32 86 21 105
101 27 105 11 57 27 105 11 101 94 57 79 27 108
13 32 86 35 107
79 105 79 105 35 107
79 105 79 105 108 13 105
79 108
79 108
79 108
79 108
79 105 79 105 108
79 105 13 105 79 105 13 105 79 105 13 93 105 79 79 27 105 79 79 105 79 79 105 35 35 107
22 107
27 105 11 57 57 79 105 13 108
86 79 79 105 79 35 107
105
79 35 107
105
35 107
27 105
27 105
105
35 29 107 27 105 105
27 105 11 57 79 27 108
27 105 13 86 27 105 13 86 105
108
21 105
79 27 108
35 29 107 105
19 109 11 44 16 35 79 29 107 105
41 105
41 19 105
41 105
41 93 27 108
35 79 29 107 105
41 93 100 35 79 29 107 105
11 58 35 79 29 107 19 105
100 93 100 35 79 29 107 105
11 57 35 93 108 13 107 27 105 13 105 13 105 93 57 27 93 105 105 57 35 107 27 105 13 105
100 93 100 35 79 29 107 20 105
79 35 27 107 108 13 105 13 27 105 13 108 13 105 13 105 13 108
19 52 44 19 52 44 20 52 44 15 35 93 27 27 27 27 112
100 93 100 35 79 29 107 105
19 106 79 27 108
19 19 79 58 16 109 11 45 2 41 27 105
106 108
27 19 105 13 108
94 58 94 58 93 21 105
13 108
15 93 77 65 105 11 58 93 21 105
13 108
41 35 79 29 107 105
20 21 21 19 19 106 79 27 108
19 35 27 107 27 105 27 21 105
13 105 79 27 105 11 57 108 13 27 105 19 105
21 19 19 20 106 79 27 108
109 11 45 19 16 27 105
93 105 11 58 93 27 108
13 100 93 105 11 58 21 105
13 100 93 100 35 79 29 107 19 105
105 13 27 105 11 57 35 105 13 21 107 21 105 13 27 105 11 108
21 21 105 13 27 105 11 57 35 105 13 21 107 21 105 13 27 105 11 108
35 27 108 13 107 105
35 27 107 19 36 19 72 27 105 27 105 27 105 27 105 108
35 29 107 108
35 29 107 108
19 35 107 27 105 27 105 22 105 35 29 107 105 108
79 108
19 19 79 105
105 13 32 100 35 93 108 13 107 93 79 105 13 105 13 100 79 79 35 27 107 93 105 13 105 13 108
79 35 79 79 29 107 19 105
79 19 108 13 105
79 79 35 27 107 79 79 105 13 105 13 108
93 79 79 79 109 13 32 108
79 35 79 79 29 107 105
19 108
79 105 13 109 13 105 11 58 15 80 57 79 93 79 79 105
79 19 105
80 57 79 79 109 13 32 105
35 27 107 27 105 27 79 22 105
13 105 27 35 79 21 105
13 108 13 107 27 105 13 105 13 105 79 79 21 105
13 108
44 15 79 93 27 105
79 79 35 27 107 77 108 13 105 13 105 13 108
77 44 79 35 79 79 29 107 19 105
19 19 79 79 35 27 107 105 13 105 13 108
27 105 11 57 27 27 105
13 105 11 58 27 105
13 105 11 62 27 105 11 57 27 105 13 34 56 79 65 105
2 16 35 27 107 108 13 105 79 105
79 108
79 19 105
35 27 35 27 107 105 13 105 13 105 13 108 13 107 105
79 108
19 19 79 79 35 27 107 105 13 105 13 108
27 105 11 57 27 105 11 57 27 27 105 13 19 65 27 105 13 19 65 108
13 105 11 62 35 27 107 108 13 105 79 105
105 13 8 32 35 105
13 27 27 27 27 112
100 108
13 93 105
11 63 44 79 35 79 79 29 107 19 105
93 57 44 15 35 27 107 27 105 27 93 79 105 27 93 105
13 105 27 93 79 105 79 108
13 79 105
13 27 105 11 57 27 105 13 105 91 107
13 93 20 105 27 105 13 105 91 107
19 19 19 19 106 91 209 98 51 27 36 91 108 13 72 108 105
13 27 105 108
19 106 80 57 107
19 19 58 93 27 108 15 94 57 93 27 108 77 209 84 57 105 41 101 80 57 87 84 79 105 13 32 105
35 107 27 105 91 105
111 110
13 105 13 58 110
15 110
13 27 19 105 11 9 87 9 80 57 110 13 77 57 110 13 77 9 105 35 9 107 105 13 105 11 9 84 108
11 57 27 9 86 110
13 108
106 105
11 105
79 108
79 108
93 35 107 27 105 13 105 13 105 13 108 35 79 29 107 27 105 22 105 79 105
11 105 13 35 79 29 107 93 35 107 27 105 13 105 13 105 13 108 27 105 79 19 22 108
