35 29 107 79 19 105
79 57 79 105 11 58 15 19 87 79 79 105 41
79 57 79 105 11 58 35 27 107 79 105 13 57 79 105 13 32 105
105 13 27 105 13 19 105 11 45 44 15 27 105 11 57 19 41 27 105 11 57 19 41 27 105 11 57 19 41 27 105 11 57 19 41 27 105 11 57 19 41 27 105 11 57 19 41 27 105 11 57 19 41 79 105
41 79 79 108
13 105
13 108
41 79 108
79 108
13 105 13 32 79 93 108
13 35 107 93 105 79 19 105
106 21 105
105
13 86 105
13 107
79 108
79 108
13 105 79 108
79 108
19 80 57 93 23 105 79 105 79 19 105 79 105
