1 2 3
1 21 22
1 23 24
1 25 26
1 26 27
1 27 28
1 28 29
1 29 30
1 31 42
1 42 44
1 44 45
1 45 46
1 46 47
1 47 48
1 48 49
1 49 50
1 50 32
1 32 33
1 33 34
1 34 35
1 35 36
1 36 37
1 37 38
1 38 39
1 39 40
1 40 41
1 41 43
1 53 54
1 56 57
1 57 58
1 58 59
1 59 60
1 60 61
1 61 62
1 62 63
1 63 64
1 66 67
1 67 68
1 68 69
1 69 70
1 75 76
1 76 77
1 77 78
1 78 79
1 79 80
1 80 81
1 84 85
1 85 86
1 86 87
1 87 88
1 89 90
1 90 91
1 91 92
1 92 93
1 93 94
1 94 95
1 95 96
1 96 97
1 103 104
1 109 110
1 110 111
1 114 115
1 115 116
1 116 117
1 117 118
1 118 119
1 121 123
1 123 124
1 124 125
1 125 126
1 126 127
1 127 128
1 128 129
1 129 130
1 130 122
1 131 132
1 132 133
1 133 134
1 134 135
1 135 136
1 136 137
1 140 141
1 141 142
1 142 143
1 143 144
1 144 145
1 145 146
1 146 147
1 151 154
1 154 155
1 155 156
1 156 157
1 157 158
1 158 159
1 159 160
1 160 161
1 161 152
1 152 153
1 164 165
1 167 172
1 172 173
1 173 174
1 174 175
1 175 176
1 176 177
1 177 178
1 178 179
1 179 168
1 168 169
1 169 170
1 170 171
1 184 185
1 185 186
1 186 187
1 187 188
1 188 189
1 189 190
1 191 192
1 192 193
1 193 194
1 194 195
1 195 196
1 196 197
1 198 199
1 199 200
1 200 201
1 201 202
1 202 203
1 203 204
1 204 205
1 206 207
1 207 208
1 208 209
1 209 210
1 210 211
1 211 212
1 212 213
1 214 215
1 215 216
1 217 228
1 228 233
1 233 234
1 234 235
1 235 236
1 236 237
1 237 238
1 238 239
1 239 218
1 218 219
1 219 220
1 220 221
1 221 222
1 222 223
1 223 224
1 224 225
1 225 226
1 226 227
1 227 229
1 229 230
1 230 231
1 231 232
1 243 244
1 244 245
1 245 246
1 246 247
1 247 248
1 248 249
1 249 250
1 254 255
1 255 256
1 256 257
1 257 258
1 258 259
1 259 260
1 261 266
1 266 267
1 267 268
1 268 269
1 269 270
1 270 271
1 271 272
1 272 273
1 273 262
1 262 263
1 263 264
1 264 265
1 274 275
1 275 276
1 276 277
1 277 278
1 278 279
1 279 280
1 281 282
1 282 283
1 283 284
1 284 285
1 285 286
1 286 287
1 289 290
1 290 291
1 293 296
1 296 297
1 297 298
1 298 299
1 299 300
1 300 301
1 301 302
1 302 303
1 303 294
1 294 295
1 306 309
1 309 310
1 310 311
1 311 312
1 312 313
1 313 314
1 314 315
1 315 316
1 316 307
1 307 308
1 317 318
1 318 319
1 319 320
1 320 321
1 321 322
1 323 324
1 324 325
1 328 329
1 329 330
1 330 331
1 340 341
1 341 342
1 342 343
1 343 344
1 344 345
1 345 346
1 346 347
1 347 348
1 353 354
1 355 356
1 356 357
1 357 358
1 358 359
1 359 360
1 360 361
1 361 362
1 363 364
1 364 365
1 365 366
1 367 368
1 368 369
1 369 370
1 370 371
1 372 373
1 373 374
1 374 375
1 375 376
1 377 378
1 378 379
1 379 380
1 380 381
1 382 383
1 383 384
1 385 386
1 386 387
1 387 388
1 388 389
1 390 391
1 391 392
1 392 393
1 393 394
1 399 400
1 400 401
1 401 402
1 402 403
1 403 404
1 404 405
1 405 406
1 408 409
1 412 413
1 414 415
1 415 416
1 416 417
1 418 424
1 424 425
1 425 426
1 426 427
1 427 428
1 428 429
1 429 430
1 430 431
1 431 419
1 419 420
1 420 421
1 421 422
1 422 423
1 432 438
1 438 439
1 439 440
1 440 441
1 441 442
1 442 443
1 443 444
1 444 445
1 445 433
1 433 434
1 434 435
1 435 436
1 436 437
1 448 449
1 449 450
1 450 451
1 451 452
1 453 454
1 454 455
1 455 456
1 456 457
1 459 460
1 461 462
1 462 463
1 463 464
1 468 469
1 473 474
1 474 475
1 475 476
1 476 477
1 477 478
1 478 479
1 479 480
1 482 483
1 483 484
1 484 485
1 485 486
1 486 487
1 487 488
1 489 490
1 490 491
1 491 492
1 492 493
1 493 494
1 494 495
1 496 497
1 497 498
1 498 499
1 499 500
1 500 501
1 501 502
1 502 503
1 504 505
1 505 506
1 506 507
1 507 508
1 508 509
1 509 510
1 510 511
1 512 523
1 523 528
1 528 529
1 529 530
1 530 531
1 531 532
1 532 533
1 533 534
1 534 513
1 513 514
1 514 515
1 515 516
1 516 517
1 517 518
1 518 519
1 519 520
1 520 521
1 521 522
1 522 524
1 524 525
1 525 526
1 526 527
1 536 539
1 539 540
1 540 541
1 541 542
1 542 543
1 543 544
1 544 545
1 545 546
1 546 537
1 537 538
1 554 555
1 555 556
1 556 557
1 560 561
1 561 562
1 562 563
1 563 564
1 564 565
1 566 567
1 567 568
1 568 569
1 569 570
1 571 572
1 572 573
1 573 574
1 574 575
1 576 577
1 578 579
1 580 581
1 581 582
1 582 583
1 583 584
1 585 586
1 586 587
1 587 588
1 588 589
1 590 591
1 591 592
1 592 593
1 593 594
1 598 599
1 599 600
1 600 601
1 601 602
1 603 604
1 605 606
1 606 607
1 621 622
1 622 623
1 623 624
2 15 617
2 15 609
2 15 11
2 15 13
2 71 608
2 71 12
2 71 616
2 71 616
2 71 616
2 71 616
2 71 13
2 31 608
2 31 616
2 31 12
2 31 616
2 31 13
2 31 616
2 31 616
2 481 13
2 481 608
2 481 616
2 481 12
2 481 616
2 481 616
2 481 616
2 89 616
2 89 13
2 89 608
2 89 12
2 89 616
2 89 616
2 89 616
2 162 13
2 162 608
2 162 12
2 162 616
2 162 616
2 162 616
2 162 616
2 52 12
2 52 608
2 52 13
2 52 621
2 52 616
2 52 616
2 52 616
2 52 624
2 52 623
2 52 624
2 52 616
2 2 1
2 317 608
2 317 616
2 317 13
2 317 616
2 317 616
2 317 616
2 317 12
2 340 616
2 340 608
2 340 616
2 340 616
2 340 616
2 340 12
2 340 13
2 18 13
2 18 12
2 18 616
2 18 608
2 18 16
2 18 616
2 18 616
2 18 616
2 407 608
2 407 616
2 407 616
2 407 616
2 407 12
2 407 616
2 407 13
2 17 16
2 611 616
2 611 616
2 611 12
2 611 13
2 611 608
2 611 616
2 611 616
2 619 608
2 619 12
2 619 13
2 619 616
2 619 616
2 619 616
2 619 616
2 8 12
2 8 13
2 6 12
2 6 13
2 9 12
2 9 13
2 10 13
2 10 12
2 5 12
2 5 13
2 612 608
2 612 616
2 612 616
2 612 13
2 612 616
2 612 12
2 612 616
2 334 12
2 334 608
2 334 13
2 334 616
2 334 616
2 334 616
2 334 616
2 620 616
2 620 608
2 620 616
2 620 616
2 620 13
2 620 12
2 620 616
2 66 12
2 66 608
2 66 616
2 66 616
2 66 13
2 66 616
2 66 616
2 240 608
2 240 616
2 240 616
2 240 616
2 240 616
2 240 12
2 240 13
2 56 616
2 56 608
2 56 12
2 56 616
2 56 616
2 56 616
2 56 13
2 288 608
2 288 616
2 288 616
2 288 13
2 288 12
2 288 616
2 288 616
2 614 608
2 614 613
2 614 613
2 614 613
2 614 616
2 614 12
2 614 13
2 614 616
2 614 616
2 614 616
2 14 13
2 558 13
2 558 615
2 558 615
2 558 12
2 558 615
2 7 13
2 7 12
2 596 12
2 596 616
2 596 608
2 596 616
2 596 13
2 596 616
2 596 616
2 51 616
2 51 624
2 51 616
2 51 608
2 51 13
2 51 621
2 51 616
2 51 623
2 51 616
2 51 12
2 51 624
2 53 54
2 20 613
2 20 613
2 20 613
2 20 12
2 20 13
2 21 22
2 151 608
2 151 616
2 151 153
2 151 616
2 151 616
2 151 13
2 151 616
2 151 12
2 292 616
2 292 616
2 292 608
2 292 13
2 292 616
2 292 616
2 292 12
2 473 616
2 473 608
2 473 480
2 473 616
2 473 13
2 473 12
2 473 616
2 473 616
2 98 616
2 98 608
2 98 616
2 98 12
2 98 616
2 98 616
2 98 13
2 73 613
2 73 613
2 73 12
2 73 13
2 73 613
2 349 13
2 349 608
2 349 616
2 349 12
2 349 616
2 349 616
2 349 616
2 164 165
2 163 616
2 163 608
2 163 616
2 163 616
2 163 616
2 163 13
2 163 12
2 576 577
2 83 608
2 83 616
2 83 616
2 83 13
2 83 616
2 83 12
2 83 616
2 468 469
2 467 608
2 467 12
2 467 616
2 467 13
2 467 616
2 467 616
2 467 616
2 74 608
2 74 12
2 74 13
2 74 616
2 74 616
2 74 616
2 74 616
2 23 24
2 353 354
2 352 12
2 352 616
2 352 616
2 352 608
2 352 616
2 352 13
2 352 616
2 578 579
2 305 608
2 305 12
2 305 616
2 305 616
2 305 13
2 305 616
2 305 616
2 408 409
2 399 406
2 399 616
2 399 608
2 399 616
2 399 616
2 399 616
2 399 12
2 399 13
2 398 608
2 398 616
2 398 12
2 398 616
2 398 616
2 398 616
2 398 13
2 412 413
2 411 608
2 411 616
2 411 12
2 411 13
2 411 616
2 411 616
2 411 616
2 138 12
2 138 13
2 138 613
2 138 613
2 138 613
2 120 613
2 120 13
2 120 12
2 120 613
2 120 613
2 547 616
2 547 608
2 547 13
2 547 616
2 547 616
2 547 616
2 547 12
2 112 608
2 112 616
2 112 616
2 112 616
2 112 616
2 112 12
2 112 13
2 446 608
2 446 616
2 446 616
2 446 616
2 446 616
2 446 12
2 446 13
2 182 12
2 182 608
2 182 616
2 182 13
2 182 616
2 182 616
2 182 616
2 252 608
2 252 616
2 252 13
2 252 616
2 252 616
2 252 616
2 252 12
2 447 608
2 447 12
2 447 616
2 447 616
2 447 616
2 447 13
2 447 616
2 327 608
2 327 616
2 327 13
2 327 616
2 327 616
2 327 12
2 327 616
2 251 616
2 251 616
2 251 608
2 251 12
2 251 616
2 251 616
2 251 13
2 183 616
2 183 608
2 183 13
2 183 12
2 183 616
2 183 616
2 183 616
2 180 608
2 180 616
2 180 12
2 180 616
2 180 616
2 180 13
2 180 616
2 242 616
2 242 608
2 242 13
2 242 12
2 242 616
2 242 616
2 242 616
2 181 616
2 181 608
2 181 12
2 181 616
2 181 616
2 181 616
2 181 13
2 328 608
2 328 616
2 328 13
2 328 12
2 328 616
2 328 616
2 328 616
2 548 608
2 548 616
2 548 616
2 548 616
2 548 616
2 548 12
2 548 13
2 113 616
2 113 608
2 113 616
2 113 616
2 113 616
2 113 12
2 113 13
2 109 616
2 109 12
2 109 608
2 109 616
2 109 616
2 109 13
2 109 616
2 332 608
2 332 13
2 332 616
2 332 12
2 332 616
2 332 616
2 332 616
2 148 608
2 148 616
2 148 13
2 148 616
2 148 616
2 148 616
2 148 12
2 139 12
2 139 608
2 139 616
2 139 616
2 139 616
2 139 616
2 139 13
2 241 608
2 241 616
2 241 616
2 241 616
2 241 616
2 241 13
2 241 12
3 15 4
3 71 559
3 71 101
3 71 100
3 71 105
3 31 559
3 31 101
3 31 100
3 31 105
3 31 43
3 481 559
3 481 101
3 481 100
3 481 105
3 481 472
3 89 559
3 89 101
3 89 100
3 89 105
3 89 97
3 162 559
3 162 101
3 162 100
3 162 105
3 162 150
3 52 559
3 52 101
3 52 100
3 52 105
3 2 3
3 317 559
3 317 101
3 317 100
3 317 105
3 317 322
3 340 559
3 340 101
3 340 100
3 340 105
3 340 348
3 18 559
3 18 101
3 18 100
3 18 105
3 407 559
3 407 101
3 407 100
3 407 105
3 407 397
3 25 30
3 585 589
3 571 575
3 418 423
3 114 119
3 84 88
3 580 584
3 611 610
3 619 618
3 612 610
3 334 559
3 334 101
3 334 100
3 466 559
3 466 337
3 466 336
3 620 618
3 108 559
3 108 551
3 108 550
3 198 205
3 167 171
3 458 410
3 377 381
3 512 527
3 121 122
3 274 280
3 217 232
3 293 295
3 459 460
3 390 394
3 432 437
3 482 488
3 184 190
3 66 70
3 326 304
3 448 452
3 367 371
3 243 250
3 496 503
3 603 604
3 254 260
3 206 213
3 355 362
3 382 384
3 535 470
3 281 287
3 240 166
3 56 64
3 395 351
3 395 350
3 489 495
3 191 197
3 140 147
3 453 457
3 536 538
3 289 291
3 372 376
3 504 511
3 605 607
3 261 265
3 214 216
3 323 325
3 385 389
3 306 308
3 288 82
3 363 366
3 598 602
3 75 81
3 102 101
3 103 104
3 151 149
3 473 471
3 98 559
3 98 101
3 98 100
3 98 99
3 349 559
3 349 101
3 349 100
3 349 99
3 74 559
3 74 101
3 74 100
3 74 99
3 399 396
3 597 595
3 131 137
3 590 594
3 560 565
3 414 417
3 566 570
3 547 472
3 112 19
3 446 397
3 182 150
3 252 72
3 447 397
3 327 559
3 327 101
3 327 100
3 327 99
3 106 559
3 106 551
3 106 550
3 106 549
3 554 557
3 251 72
3 183 150
3 333 101
3 180 150
3 339 559
3 339 337
3 339 336
3 339 335
3 253 101
3 242 166
3 181 150
3 465 337
3 328 331
3 107 551
3 548 472
3 338 337
3 113 19
3 461 464
3 553 559
3 553 551
3 553 550
3 553 549
3 109 111
3 332 559
3 332 101
3 332 100
3 332 99
3 148 65
3 139 55
3 552 551
3 241 166
