93 30 93 58 27 105 13 32 19 27 105 13 100 31 27 27 108 93 105 105 105
19 27 35 27 107 105 13 105 13 105 13 108 94 58 19 101 105 13 105 13 29 105 13 105 11 58 27 35 27 107 105 13 105 13 108 100 105
13 27 35 27 107 105 13 105 13 108 108
13 27 35 27 107 105 13 105 13 27 105 13 105 13 105 13 108 35 27 107 27 105 27 35 107 108
79 105
79 105
79 105
79 105
79 105
79 105
105 11 58 35 35 27 107 105 13 105 13 107 40 209 41 15
105 11 57 105 11 58 35 107 40 15
13 105 11 58 35 35 27 107 105 13 105 13 107 40 14 31 40 77 209 84 79 35 27 107 105 13 20 105 13 105 13 105 79 105 107
107
20 19 106 108
108 13 86 79 57 79 105 13 105 13 77 77 19 109 13 32 109 13 8 109 11 57 109 13 32 77 77 56 77 53 77 77 54 77 53 8 77 77 52 77 77 56 77 53 77 77 54 77 53 8 41 20 105 77 59 20 77 108 11 105 77 77 105 27 105 79 105 79 105 79 79 105
19 44 108
106
13 105 105
106
106
27 79 105 27 79 105 11 105 15
106
27 79 105 27 79 105 11 105 15
105 13 33 57 108
13 105
13 20 105
21 108
13 27 32 105
13 105 105
19 19 106
105
79 105
13 105
79 105
13 105
79 105
13 19 105
79 105
107
35 29 107 27 105 27 105
105
13 105 105
11 57 15 80 58 108
13 105
13 105
13 80 57 87 23 85 79 105
13 105
11 52 79 105
13 35 35 107 107
106
106
106
27 79 105 27 80 105 27 79 105 11 105 27 79 105 11 105 15
13 105 105
105 11 45 15 108
13 105
13 20 105
108
13 105
13 20 105
79 105 13 105 13 79 105 13 105 13 105 13 105 11 62 105 13 105 11 62 20 105
35 29 107 27 105 27 105 27 105 27 19 105
13 105 105
13 105 105
19 19 105 11 45 105 11 108
13 57 27 105 11 57 108
13 105
11 105 11 51 108
13 27 105 27 105 35 29 107 27 105 105
106
13 105 105
106
79 105 11 57 79 105 15 106
105 11 45 15 108
13 105
13 20 105
35 29 107 108
13 105
13 27 105
13 108 13 105 105
13 105 105
44 106
35 29 107 27 108
13 105
13 27 19 105
11 105 27 105 13 32 105
13 105 105
19 19 19 106
105
11 57 15 80 58 108
13 105
13 105
13 80 57 87 23 85 79 105 79 108
107
79 105 35 29 107 27 105 27 105
13 105 105
79 105 11 57 79 105 15 106
13 105 20 105
15 35 29 107 22 105 105
13 27 105 13 32 105
106 33 58 108
19 109 11 44 109 11 108
13 57 105
11 61 15 35 29 107 27 105 105
108
79 105
20 19 105 13 27 105 11 57 108
32 21 105 13 105 13 32 79 20 105
35 79 29 107 27 105 27 27 105 13 105 27 79 19 105
13 105 79 105
79 108
79 108
105 13 32 105
13 27 105 11 57 108
13 105
13 20 105
35 27 107 35 27 107 105
13 19 105 13 108 13 105 13 105 13 108 13 105 79 105
107
108
12 105 13 105 13 108 13 107 105
13 105
13 20 105
79 35 27 35 27 107 79 108
13 105
13 105 12 105 13 27 105 13 79 108
13 105
13 105 12 105 13 27 105 13 79 105
12 105 13 27 105 13 79 105
108
13 105
13 20 105
35 79 29 107 27 79 108
13 105
13 105 27 105 13 32 105
13 105 79 105
19 19 57 105 13 32 79 65 79 105 79 105
21 79 8 32 105 13 32 105 13 105 13 32 105 13 32 105 13 105 13 108
105 11 45 15 108
13 105
13 20 105
79 105 13 105 13 79 105 13 105 13 105 13 105 11 62 105 13 105 11 62 105
35 105
13 29 107 27 105 27 105 27 105 27 19 105
13 105 105
13 105
21 79 8 32 105 13 32 105 13 105 13 32 105 13 32 105 13 105 13 108
13 105 105
13 105 105
19 108
11 51 107
16 35 107 27 105 105
13 105
13 20 105
109 13 32 79 105 13 77 109 13 32 108
13 105
13 105
11 58 108
13 105
13 27 105
106
19 19 19 19 44 106
106
27 79 105 27 79 105 11 105 27 79 105 27 79 105 11 105 27 79 105 27 79 105 11 105 27 79 105 27 79 105 11 105 27 79 105 27 79 105 11 105 27 79 105 11 105 27 79 21 105 13 105 11 105 15
13 105 105
108
41 35 79 29 107 27 108
13 105
13 27 19 105
11 105 79 105
13 105
13 20 105
108
13 105
13 79 79 32 79 109 11 57 79 19 105
15 108
13 105
13 79 79 32 79 109 11 57 79 19 105
19 79 8 32 21 105 13 32 105 13 105 13 32 21 105 13 32 105 13 105 13 108
19 21 79 8 32 105 13 32 105 13 105 13 32 105 13 32 105 13 105 13 108
79 108
79 108
108
13 105
13 20 105
108
13 105
13 20 105
35 79 29 107 27 27 105 27 19 36 39 105 79 19 105
19 108
13 105
13 20 105
108
13 105
13 20 105
35 79 29 107 27 27 105 27 36 39 105 79 105
108
13 105
13 20 105
108
13 105
13 20 105
35 79 29 107 27 79 108
13 105 79 19 105
108
13 105
13 20 105
108
13 105
13 20 105
35 79 29 107 27 79 108
13 105 79 19 105
35 79 29 107 27 27 105 27 79 108
13 105
13 105 79 19 105
108
13 20 105
79 105
15 108
13 105
13 20 105
35 79 29 107 27 79 108
13 105 27 79 108
13 105 27 79 108
13 105 27 79 108
13 105 27 79 108
13 105
13 105 27 108
13 105
13 27 19 105
11 105 79 19 105
13 20 105
108
13 105
13 20 105
79 108
11 57 108
13 105
19 19 108
19 79 8 32 21 105 13 32 105 13 105 13 32 21 105 13 32 105 13 105 13 108
19 21 79 8 32 105 13 32 105 13 105 13 32 105 13 32 105 13 105 13 108
108
13 105
13 20 105
35 79 29 107 35 107 79 22 105
13 105 13 108
13 105
13 27 105
13 105 13 105 13 108 13 105 79 105
32 21 105 13 105 13 32 108
108
79 105
108
13 105
13 20 105
79 35 27 108
13 105
13 27 105
13 108 13 107 105
108
13 105 79 108
13 105
13 27 105
13 108
13 105
13 20 105
35 27 107 27 105 27 108
13 105
13 27 105
13 105 27 108
13 105
13 27 105
108
13 105
13 20 105
79 35 27 108
13 105
13 27 105
13 108 13 107 105
108
13 105
13 20 105
79 35 27 108
13 105
13 27 105
13 108 13 107 105
79 105
35 27 107 79 108
13 105
13 108 13 105 79 105
19 44 106
21 21 22 19 105 11 45 15 108
13 105 11 105 27 105
13 105 11 105 27 27 105 105
13 105
13 20 105
107
11 57 108
13 105
13 20 105
35 29 107 27 79 57 79 86 105 27 105
13 105 11 105 27 105
13 105 105
44 106
19 105
13 105
11 51 35 29 107 105
13 27 105 11 57 108
13 105
13 93 105
13 109 11 57 105
15 108
13 105
13 27 19 105
11 57 108
23 19 106
105
11 57 15 80 58 108
13 105
13 79 80 58 78 50 61 87 85 79 19 105 79 19 105 35 29 107 27 105 27 105
13 105 105
105 11 45 105
15 35 29 107 105
13 105 13 105 22 105 105
19 108
108
108
13 105
13 20 105
35 79 29 107 27 105 79 105
108
79 105
20 19 105 13 27 105 11 57 108
13 105 20 105
15 35 29 107 22 105 105
13 27 105 13 32 105
79 105
108
23 19 106
105
11 57 15 80 58 108
13 105
13 79 80 58 78 50 61 87 108
13 105
13 20 105
85 79 19 105 79 19 105 79 19 105 35 29 107 27 105 27 105
13 105 105
79 105 11 57 79 105 15 106
11 105 20 105
13 105 105
19 19 44 106
106
27 79 105 27 79 105 11 105 27 79 105 27 79 105 11 105 27 79 105 27 79 105 11 105 27 79 105 27 79 105 11 105 27 79 105 27 79 105 11 105 27 79 105 27 79 105 11 105 27 79 105 27 79 105 11 105 15
19 108
13 105
13 93 105
13 109 11 57 79 105
15 35 79 29 107 27 108
13 105
13 27 105
11 105 79 105
19 108
13 105
13 20 105
35 79 29 107 27 27 105 27 36 19 20 70 105 27 93 105 79 105
35 79 29 107 27 108
13 105
13 27 105
13 79 108
13 105 11 57 19 105 27 27 105 27 19 36 19 20 70 105 79 19 105
35 79 29 107 27 108
13 105
13 27 105
13 79 108
13 105 11 57 19 105 27 27 105 79 19 105
35 79 29 107 27 108
13 105
13 27 105
13 79 108
13 105 11 57 19 105 27 27 105 79 19 105
79 108
35 79 29 107 27 105 27 79 108
13 105 79 105
108
13 105
13 20 105
35 79 29 107 27 79 108
13 105 79 19 105
108
13 105
13 20 105
35 79 29 107 27 27 105 27 19 36 19 20 70 105 27 79 108
13 105 79 19 105
108
13 105 105
13 105 105
19 19 44 106
109 13 32 79 105 13 77 109 13 32 108
13 105
13 20 105
108
13 105
13 105
11 57 107
19 16 35 107 27 105 105
106
106
27 78 105 27 80 105 27 79 105 15
13 105 105
19 19 44 106
106
27 79 105 27 79 105 11 105 27 79 105 27 79 105 11 105 27 79 105 27 79 105 11 105 27 79 105 27 79 105 11 105 27 79 105 27 79 105 27 79 105 27 79 105 15
79 108
11 57 79 108
15 35 79 29 107 27 19 105 27 105 13 32 105
13 105 79 105
19 108
13 27 19 105
11 57 108
13 105
11 51 79 105 13 32 108
35 79 29 107 79 19 105
13 105
13 20 105
108
13 105
13 93 105
13 109 11 57 79 105
15 108
13 105
19 108
13 105
13 27 19 105
11 57 108
13 105
11 51 35 79 29 107 79 105
13 105
13 20 105
79 105
13 27 105 11 57 108
13 105
13 93 105
13 109 11 57 79 105
15 108
79 108
79 108
108
13 105
13 20 105
35 79 29 107 27 79 108
13 105 79 19 105
79 108
13 58 79 108
13 58 79 108
13 57 35 79 29 107 27 27 105 27 79 108
13 105 79 19 105
19 108
35 79 29 107 27 79 108
13 105 79 19 105
108
13 105
13 20 105
35 79 29 107 27 105 79 105
79 105
20 19 105 13 27 105 11 57 108
19 19 19 44 106
106
27 79 105 27 79 105 11 105 27 79 105 27 79 105 11 105 27 79 105 27 79 105 11 105 27 79 105 27 79 105 11 105 27 79 105 27 79 105 11 105 15
13 105 105
13 105 105
13 105 105
108
13 105
13 20 105
109 13 32 79 105 13 77 109 13 32 108
13 105
13 105
11 57 107
19 16 35 107 27 105 105
106
108
13 105
13 20 105
108
13 105
13 20 105
35 79 29 107 27 27 105 27 19 36 39 105 27 93 105 79 19 105
19 108
13 105
13 20 105
108
13 105
13 20 105
35 79 29 107 27 27 105 27 36 39 105 27 93 105 79 105
108
13 105
13 20 105
108
13 105
13 20 105
35 79 29 107 27 79 108
13 105 79 19 105
108
13 105
13 20 105
108
13 105
13 20 105
35 79 29 107 27 27 105 27 19 36 39 105 27 79 108
13 105 79 19 105
108
13 20 105
79 105
15 108
13 105
13 20 105
35 79 29 107 27 79 108
13 105 27 79 108
13 105 27 79 108
13 105 27 79 108
13 105 27 79 108
13 105
13 105 27 108
13 105
13 27 19 105
11 105 79 19 105
13 20 105
108
13 105
13 20 105
79 108
11 57 108
13 105
19 108
108
13 27 19 105
11 105 79 105
13 105
13 20 105
108
13 105
13 20 105
79 108
11 57 35 79 29 107 27 108
13 105
79 108
79 108
13 105 20 105
15 35 29 107 22 105 105
13 27 105 13 32 105
79 105
108
108
13 105
13 20 105
35 79 29 107 27 105 79 105
20 19 35 107 87 87 87 79 108
13 105
105
13 27 105 13 57 34 19 54 63 108
13 105
13 105
209 41 105 13 32 35 107 27 105
13 105 19 105
105
13 27 105 13 57 34 19 54 63 108
13 105
13 105
209 41 105 13 32 35 107 27 105 19 105
105
13 27 105 13 57 34 19 54 63 108
13 105
13 105
209 41 105 13 32 35 107 27 105 19 105
106
27 79 105 15
106
27 79 105 15
105
13 27 105 13 57 34 19 54 63 108
13 105
13 105
209 41 105 13 32 35 107 27 105 19 105
105
13 27 105 13 57 34 19 54 63 108
13 105
13 105
209 41 105 13 32 35 107 27 105 19 105
105
13 27 105 13 57 34 19 54 63 108
13 105
13 105
209 41 35 107 27 105 19 105
209 41 35 107 27 105 19 105
44 106
105 13 32 107
108
13 105
13 20 105
35 107 27 79 108
13 105 79 19 105
35 107 27 79 108
13 105 79 19 105
35 79 29 107 108
13 105
13 79 79 32 79 105 79 19 105
13 105 27 105 105
107 35 107 86 86 35 107 27 105 27 105 79 105
44 15 79 108 13 35 27 107 105
77 107
24 24 20 20 20 105 13 27 105 11 57 79 105 79 105 79 105 15 105 13 27 105 11 57 108 12 78 181 79 105 50 60 79 149 105 79 105 50 60 79 149 105 79 105 24 50 60 79 24 149 105 41 107
19 35 19 65 86 107 105 13 32 19 105 19 65 57 27 19 65 105 79 57 79 34 54 65 79 105 13 79 105 13 105 209 41 27 27 105 105 35 107 19 87 19 87 105 13 108
79 77 77 79 109
35 107 105 13 32 19 105 27 27 105 27 27 105 105 105 13 108
19 35 107 105 13 32 20 105 21 105 105 105 19 105 105 35 105 13 107 109 13 109 13 109 11 57 109 13 32 109 13 57 109 13 32 109 13 32 27 108 13 105 13 105 27 105 13 105 27 108 13 105 13 105 27 105 13 105 41 14 105 40 105 105 35 105 13 108
107 35 107 86 86 35 107 27 105 27 105 79 105
44 15 79 108 13 35 27 107 105
77 107
24 24 20 20 105 13 27 105 11 57 79 105 79 105 15 105 13 27 105 11 57 108 12 78 181 79 105 50 60 79 149 105 79 105 50 60 79 149 105 41 107
106 79 27 105 13 32 86 79 57 79 79 27 105 13 108
13 86 79 79 27 105 13 108
13 86 79 27 105 11 57 27 35 19 107
86 91 20 53 79 19 105 15 79 23 19 110 41
