1 4 5
1 5 6
1 6 7
1 7 8
1 8 9
1 10 21
1 21 32
1 32 42
1 42 43
1 43 44
1 44 45
1 45 46
1 46 47
1 47 11
1 11 12
1 12 13
1 13 14
1 14 15
1 15 16
1 16 17
1 17 18
1 18 19
1 19 20
1 20 22
1 22 23
1 23 24
1 24 25
1 25 26
1 26 27
1 27 28
1 28 29
1 29 30
1 30 31
1 31 33
1 33 34
1 34 35
1 35 36
1 36 37
1 37 38
1 38 39
1 39 40
1 40 41
1 50 51
1 52 53
1 53 54
1 55 56
1 57 58
1 60 61
1 61 62
1 65 66
1 66 67
1 67 68
3 3 64
3 60 62
3 4 9
3 2 64
3 2 63
3 10 41
3 52 54
3 50 51
3 55 56
3 57 58
3 65 68
4 59 49
4 9 48
4 62 49
4 54 1
