40 35 107 86 35 107 27 105 27 105 105 13 79 105
29 30 19 58 2 31 16 93 51 100 93 105 13 19 35 27 107 22 108
13 100 35 27 107 100 93 105 13 93 93 105
79 79 78 85 57 78 23 185 23 50 57 79 78 23 187 23 50 58 79 78 23 186 85 35 27 107 27 27 105 79 79 108 13 105
19 19 79 105
20 19 79 34 20 52 79 20 67 20 52 79 20 67 52 79 20 67 52 79 20 67 20 52 79 20 67 52 79 108
105 13 8 27 105 11 57 79 79 35 107
35 79 29 107 79 79 19 105
13 32 57 105 13 27 93 27 57 27 51 8 9 105
13 113 13 112 27 110 13 110 13 35 107 105 13 110 57 105 35 20 3 107 35 27 9 107 35 107 108 13 9 78 6 6 105 20 3 105 11 20 3 105 11 209 20 3 105 11 9 78 6 6 9 85 27 20 3 36 9 20 9 78 6 113 13 72 20 113 13 72 20 108 13 72 20 108 13 72 113 13 19 9 77 3 3 53 35 108 13 112 27 110 13 110 13 105 105 105 42 14 42 20 3 3 52 9 79 42 20 3 3 52 9 79 42 20 3 3 52 9 79 42 9 79 42 20 3 3 52 35 9 79 9 110
79 79 57 79 79 105 79 77 62 79 79 77 58 79 108
11 58 27 27 108 35 27 107 86 79 79 108
13 86 35 27 107 27 105 27 105 79 79 105
79 108
13 79 108
13 105 79 79 79 79 109 13 32 105 13 86 79 79 19 87 35 107 27 79 79 109 13 32 105 13 105 35 107 105 79 19 105
19 19 57 8 32 79 109 13 32 21 105 13 32 21 105 13 32 22 105 13 32 21 105 13 32 105 79 79 105 13 109 13 32 105 11 133 57 35 27 107 108 13 105 13 105 13 105 105 13 105 105 13 105 105 11 20 52 27 35 27 107 105 13 105 13 105 13 108 105 105 21 105 105 21 105 105 105 18 79 21 19 105 13 32 42 105 105 20 105 105 105 41
41 14 105 13 35 27 107 105 13 105 41 79 108
79 108
79 105
13 105
13 105 11 57 105
13 107
15 35 107 27 105
13 105 19 105
13 9 105 105
13 108 13 107 27 105 13 105 13 35 107 105 13 105 77 19 52 15 105 35 19 107 35 27 107 35 107 27 105 35 21 105
106 22 105
19 106 77 52 79 105
19 87 105
20 19 80 57 15 19 19 77 61 27 51 27 51 27 52 19 77 54 84 27 51 27 51 27 51 77 77 51 87 79 105 27 52 19 105
19 106 79 79 77 19 52 79 79 105
105
11 57 35 107 27 27 105 19 105
106 93 86 21 105
19 79 19 87 79 79 84 93 105
105
13 27 108 13 105 105
13 79 79 105 13 105
19 19 105
20 106 93 86 21 105
106 105
20 106 93 86 21 105
106 105
20 106 93 86 21 105
106 105
106 93 86 21 105
106 105
106 93 86 21 105
106 105
106 93 86 21 105
106 105
106 93 86 21 105
106 105
106 93 86 21 105
106 105
79 79 77 79 79 77 54 79 79 79 79 21 105
79 79 105 11 59 79 79 77 54 79 79 19 87 79 79 84 79 79 79 79 79 77 65 79 105 11 57 79 108
21 52 19 52 107
19 106 79 105
35 29 107 21 105
19 19 19 19 79 79 79 77 58 79 79 105
79 79 79 19 105
79 105
79 79 80 57 79 79 105
79 79 79 19 105
79 79 79 19 105
79 79 79 19 105
20 19 19 106 79 79 84 79 84 79 79 77 122 105 79 79 77 122 105 79 79 77 122 105 79 79 77 122 105 79 79 77 122 105 79 79 77 122 105 79 79 77 122 105 79 79 77 122 105 79 79 77 122 105 79 79 77 122 105 79 79 105
79 79 77 19 52 79 79 79 79 21 105
19 19 106 79 79 84 79 84 79 79 77 122 105 79 79 77 122 105 79 79 77 122 105 79 79 77 122 105 79 79 77 122 105 79 79 77 122 105 79 79 77 122 105 79 79 77 122 105 79 79 105
19 19 106 79 79 84 79 84 79 79 105
19 19 106 79 79 77 122 105 79 79 105
79 105
79 105
79 79 80 57 79 79 105
79 79 79 19 105
79 79 79 19 105
79 79 79 19 105
79 79 79 19 105
20 19 19 19 106 79 87 79 79 84 79 84 79 79 77 122 105 79 79 77 122 105 79 79 77 122 105 79 79 77 122 105 79 79 77 122 105 79 79 77 122 105 79 79 77 122 105 79 79 77 122 105 79 79 77 122 105 79 79 77 122 105 79 79 77 122 105 79 79 105
79 105
79 105
79 105
79 105
79 105
79 105
79 105
79 105
35 29 107 105
35 29 107 105
35 29 107 105
35 29 107 105
35 29 107 105
35 29 107 105
35 29 107 105
35 29 107 105
19 19 19 19 79 79 79 77 58 79 79 105
19 19 19 79 79 79 77 51 79 79 79 77 19 51 79 79 79 105
79 79 80 57 79 79 105
79 79 79 79 79 79 77 105
79 79 79 79 79 79 77 105
20 19 19 106 79 87 79 79 84 79 84 79 79 77 122 105 79 79 77 122 105 79 79 77 122 105 79 79 77 122 105 79 79 77 122 105 79 79 77 122 105 79 79 77 122 105 79 79 77 122 105 79 79 105
35 107 108 13 105
105
106
