1 53 54
1 54 55
1 55 56
1 56 57
1 57 58
1 58 59
1 60 61
1 64 70
1 70 71
1 71 72
1 72 73
1 73 74
1 74 75
1 75 76
1 76 77
1 77 65
1 65 66
1 66 67
1 67 68
1 68 69
1 83 84
1 90 91
1 91 92
1 92 93
2 62 98
2 64 18
2 64 14
2 64 37
2 64 35
2 52 82
2 52 98
2 49 45
2 49 46
2 30 98
2 30 82
2 33 82
2 60 61
2 12 47
2 12 45
2 12 46
2 12 35
2 12 21
2 28 26
2 28 27
2 11 15
2 11 17
2 29 82
2 29 98
2 25 27
2 44 43
2 44 45
2 44 47
2 44 46
2 44 42
2 44 41
2 32 98
2 32 82
2 31 82
2 31 98
2 9 20
2 9 8
2 9 39
2 9 37
2 9 39
2 9 38
2 13 36
2 13 38
2 13 37
2 13 16
2 13 20
2 13 45
2 13 19
2 13 46
2 13 47
2 13 43
2 13 39
2 13 22
2 13 41
2 13 42
2 13 39
2 40 43
2 40 38
2 40 46
2 40 39
2 40 45
2 40 48
2 40 39
2 40 47
2 40 42
2 40 37
2 40 41
2 10 45
2 10 20
2 10 47
2 10 37
2 10 41
2 10 22
2 10 46
2 10 39
2 10 19
2 10 38
2 10 43
2 10 42
2 10 39
2 10 16
2 34 45
2 34 46
2 34 48
2 34 39
2 34 38
2 34 37
2 34 39
2 1 41
2 1 42
2 1 46
2 1 47
2 1 45
2 1 43
2 6 41
2 6 47
2 6 43
2 6 42
2 6 45
2 6 46
2 4 47
2 4 43
2 4 41
2 4 42
2 4 45
2 4 46
2 3 46
2 3 43
2 3 45
2 3 47
2 3 41
2 3 42
2 7 42
2 7 41
2 7 47
2 7 45
2 7 46
2 7 43
2 5 47
2 5 46
2 5 43
2 5 41
2 5 45
2 5 42
2 2 43
2 2 45
2 2 42
2 2 41
2 2 46
2 2 47
2 80 82
2 80 98
2 81 81
2 81 81
2 86 82
2 89 98
2 89 82
2 83 82
2 85 82
2 85 98
2 95 82
2 95 98
2 50 82
2 50 98
3 64 69
3 90 93
3 53 59
3 79 23
3 79 24
3 87 23
3 87 24
3 88 23
3 88 24
3 78 23
3 78 24
3 83 84
3 94 96
3 94 97
4 69 51
5 69 63
