79 105
79 105
79 105
79 105
79 105
79 105
79 105
13 105 11 108
79 109 13 18 14 108
105
79 79 93 108
79 108
105
13 79 105
13 27 107 105 11 57 105 11 57 105 13 34 19 54 65 105 209 41 105 15
13 34 19 54 65 105 209 41 15
105 209 41 209 2 41 15
13 27 107 105 11 57 105 57 109
105 209 41 15
79 105 15
79 105 11 16
105 13 57 34 56 108 34 8 34 19 54 65 55 15 105 209 209 41
35 27 107 27 105 79 57 79 105 105
13 105 13 93 105 13 108 13 105 12 105 13 27 105 13 105 13 86 27 35 79 107 108 13 105 79 57 79 105 105
22 21 79 105
109
105 13 19 34 19 54 65 209 105 209 41 27 35 107 27 105 13 105 13 27 105 13 105 13 108 41
22 21 27 105
19 19 105
79 105
58 35 27 107 40 108 12 79 57 35 20 107 20 105 79 109 13 109 13 109 11 57 109 13 32 79 109 13 57 108
19 84 105
19 108
79 105
11 57 27 105 13 32 105 13 57 105 11 57 16 19 41
19 35 27 107 19 105
11 57 108 13 57 105 13 107
11 57 79 27 105 13 32 57 105 13 107
11 57 79 27 105 13 32 57 105 13 57 105 13 107
79 108
105 41 15
79 105 15 14 41
105 15 14 27 108
79 27 108
105 13 32 18
105 13 32 18
13 105 13 77 107
13 105 13 80 57 27 105
35 107 105
109 27 27 79 79 108
19 19 106 22 105
21 106 21 105
79 105
13 19 19 27 105
11 27 105
11 57 15 14 105
41 19 79 34 54 79 63 52 19 105
41 209 41 35 107 27 105
13 105 19 105
79 27 105
13 32 23 105 15
35 107 27 79 105 13 105 27 79 105 13 105 27 27 108
19 21 19 106
19 19 106 36 35 107
13 105 79 27 108
13 105 79 27 108
13 105 108
11 57 79 19 108
35 29 107 22 105 105
72 108
21 105
21 105
13 32 86 21 105
13 32 86 21 105
13 32 86 21 105
13 32 86 21 105
13 32 86 79 27 108
79 105 79 20 105
79 105 79 20 105
79 57 79 105
23 19 79 27 105 11 57 79 27 8 110 79 27 8 110 79 57 79 105
13 86 79 79 27 79 110 79 79 27 79 110 15
109 79 105
35 27 107 79 105
23 109 79 105
109 79 105
79 105 79 20 105
79 105 79 20 105
23 109 79 105
79 105
13 27 27 105
13 35 105
13 29 107 22 105 27 105 19 105
44 15 79 77 105
109 35 107 27 77 108 13 105 27 27 79 105
13 29 107 22 105 27 105 19 105
13 105 19 105
13 107 27 27 105 35 107 105 79 105 15
