1 16 17
1 17 18
1 18 19
1 19 20
1 20 5
1 5 6
1 6 7
1 7 8
1 8 9
1 9 10
1 10 11
1 11 12
1 12 13
1 13 14
1 14 15
1 29 30
1 30 31
1 31 32
1 32 33
1 33 34
1 34 35
1 36 37
1 37 38
1 38 39
1 39 40
1 40 41
1 41 42
1 42 43
1 53 54
1 54 55
1 55 56
1 56 57
1 60 61
1 61 62
1 62 63
1 63 64
1 64 65
1 67 68
1 68 69
1 77 78
1 79 80
1 85 86
1 86 87
1 87 88
1 90 91
1 96 97
1 98 99
1 100 101
1 101 102
1 102 103
1 103 104
1 104 105
1 106 117
1 117 128
1 128 139
1 139 150
1 150 154
1 154 155
1 155 156
1 156 157
1 157 107
1 107 108
1 108 109
1 109 110
1 110 111
1 111 112
1 112 113
1 113 114
1 114 115
1 115 116
1 116 118
1 118 119
1 119 120
1 120 121
1 121 122
1 122 123
1 123 124
1 124 125
1 125 126
1 126 127
1 127 129
1 129 130
1 130 131
1 131 132
1 132 133
1 133 134
1 134 135
1 135 136
1 136 137
1 137 138
1 138 140
1 140 141
1 141 142
1 142 143
1 143 144
1 144 145
1 145 146
1 146 147
1 147 148
1 148 149
1 149 151
1 151 152
1 152 153
1 161 162
1 162 163
1 163 164
1 164 165
1 165 166
1 166 167
1 167 168
1 168 158
1 158 159
1 159 160
1 177 178
1 179 180
1 181 182
1 183 184
1 187 188
1 188 189
1 189 190
1 190 191
1 191 192
2 171 204
2 171 207
2 171 207
2 176 207
2 176 207
2 176 204
2 186 207
2 186 204
2 186 207
2 58 66
2 58 45
2 92 207
2 92 207
2 92 204
2 194 207
2 194 204
2 194 207
2 202 207
2 202 207
2 195 207
2 195 207
2 198 207
2 198 207
2 67 70
2 67 45
2 67 66
2 50 46
2 201 72
2 94 207
2 94 207
2 200 204
2 83 207
2 83 203
2 83 204
2 83 206
2 83 207
2 53 57
2 95 93
2 29 35
2 73 207
2 73 207
2 36 43
2 81 207
2 81 207
2 174 173
2 106 89
2 106 205
2 169 18
2 169 21
2 169 4
2 169 14
2 169 204
2 169 207
2 169 16
2 169 207
2 169 3
2 169 18
2 169 15
2 100 105
2 196 207
2 196 207
2 199 207
2 199 207
2 74 71
2 74 207
2 74 207
2 76 207
2 76 72
2 76 204
2 76 207
2 27 28
2 82 207
2 82 207
2 2 1
3 60 65
3 85 88
3 59 44
3 52 44
3 79 80
3 23 26
3 183 184
3 67 69
3 90 91
3 50 47
3 50 48
3 50 46
3 50 51
3 49 51
3 170 172
3 22 26
3 208 209
3 174 210
3 106 205
3 106 153
3 76 77
3 25 26
3 179 180
3 187 192
3 177 178
3 181 182
3 98 99
3 96 97
4 161 185
4 184 193
4 75 175
4 161 197
4 75 185
4 160 24
4 78 84
5 160 100
