13 19 19 110 13 109 13 8 32 8 18 14 108
79 65 27 79 108
105 105 108
15 105 11 57 105 41 14 108
57 34 108 13 9 108
9 105
13 105
13 9 105
13 35 107 105
13 105
13 105
13 19 105
15 93 57 93 9 105
13 42 105 13 32 42 109 13 32 9 79 109 13 32 105 42 109 13 32 109 13 32 109 13 108
42 105 13 9 107
11 112 107 58 105 13 32 19 105 91 212 105 19 105 19 105 19 105 27 105 27 27 105 27 27 105 9 79 57 9 79 109 13 109 13 109 11 58 112
13 57 27 105 9 79 57 9 79 9 105
35 105 13 107 114 13 109 13 109 11 58 27 105 105 105 105 105 11 105 13 19 105 13 19 20 53 20 53 35 105 13 9 107
13 27 107 27 108
27 108 13 108
105 18 77 19 51 77 19 52 93 41 77 19 52 79 41
79 108
19 105 13 32 79 77 57 79 77 52 105 11 58 79 77 19 52 105 11 57 79 79 105
19 19 19 106 91 105
105 13 32 105 11 57 77 57 77 19 52 79 105
13 105 19 105
32 105
11 58 18 79 109
79 108
13 58 15 108
13 35 79 108
13 107
27 79 108
13 105
105
79 108
13 58 15 108
13 27 35 27 107 79 108
13 105 13 105 13 108 35 79 108
13 107
27 79 108
13 105
105
35 107 108 13 105
107 15
19 19 35 27 108 13 107 79 105 13 105
27 105 13 27 105 13 35 107 22 105 27 105 79 105
11 58 19 16 35 27 108 13 107 22 105 79 105
79 57 79 105 11 57 107
19 107
22 57 27 105 11 57 27 27 35 27 107 105 13 105 13 108 27 105 11 57 35 27 108 13 107 79 105
79 105
35 79 19 107
27 105
13 27 35 27 107 105 13 105 13 108 35 107
35 107
105
22 106
79 105
19 106 105
13 105 105
13 19 105 107
13 105
105
13 107
13 79 35 27 107 105
19 108 13 105 13 27 105 11 57 16 27 105 11 57 79 108 13 108
41 35 107 27 105 108 13 105 22 105 79 105
13 105
109
105 27 35 27 107 105 13 27 105 13 105 13 105 13 108
13 19 105 105 35 107 105 57 105 8 15 14 57 105 41 14 41 14 57 105 40 14 8 41 14 41 14 8 41 14 8 41 8 41
79 79 57 79 108
111 110
41 77 91 52 35 29 107 91 53 27 19 105 27 29 105 13 105 27 79 105 105
19 19 19 106 87 105
13 105
27 108 11 105 105 13 27 105 105
19 105
106
79 108
79 108
79 57 79 105 11 57 79 79 79 79 109
106 35 107 27 105 105
106 105
13 105 13 27 105 11 105
13 105 13 27 105 13 19 108 13 19 57 35 107 105
13 105
105
35 27 108 13 107 79 105
13 105
106
19 35 107 91 105 35 107 91 105
79 105
79 105
19 35 27 35 27 107 79 105
13 105 13 105 13 105 13 108 13 107 79 105
19 35 27 35 27 107 79 105
13 105 13 105 13 105 13 108 13 107 79 105
106
44 15 19 52 27 19 105
13 27 105 13 27 35 27 107 105 13 105 13 108
108
109 13 27 19 109 109 91 105
13 19 108 13 105 35 107 105 13 34 19 53 35 107 105 19 87 80 57 108
111
35 9 9 107
9 9 86 9 79 9 9 9 105
91 9 3 105
13 32 9 9 86 9 79 9 20 110 35 9 9 9 107
9 9 86 9 79 9 9 9 105
91 9 3 105
13 32 9 9 86 9 79 9 9 79 9 110 57 9 79 9 27 20 9 9 3 105 11 110 110
13 91 9 3 105
13 32 9 79 9 9 105
91 9 3 105 11 3 105
20 3 9 87 113
91 9 3 105 11 3 105
9 79 9 9 105
20 22 110 13 113 11 3 105
91 9 3 105
13 32 35 9 9 107
9 105 91 9 3 105
13 32 9 9 86 91 9 3 105
13 32 9 9 86 91 9 3 105
13 32 9 9 86 9 79 9 35 9 9 107
110 9 79 9 20 110 9 79 9 9 79 9 110 9 79 9 35 9 9 107
13 9 9 86 35 9 9 9 107
110 9 79 9 35 9 9 107
110 91 9 3 105
13 32 20 110 91 9 3 105
13 32 9 9 86 9 79 9 110
13 110 9 79 9 9 79 9 110 91 9 3 105
13 32 9 9 86 9 79 9 20 110 9 79 9 35 9 9 107
110 91 9 3 105
13 32 9 9 86 91 9 3 105
13 32 91 9 3 105
13 32 9 79 9 9 105 35 9 9 107
9 9 86 91 9 3 105
9 105 110
13 9 9 86 9 79 9 110
13 114 110
13 9 9 86 113
11 58 27 20 9 9 3 105
13 110
13 32 105
11 20 3 3 51 105
11 105
11 3 3 56 109 13 27 20 114 27 9 109 11 58 91 9 3 105
112
13 9 108
11 57 35 107 27 27 113
20 3 9 87 20 9 3 105
113
11 57 27 27 113
113
11 57 112
41 105
11 91 52 35 29 107 27 105 27 91 105
13 105 19 105
11 91 52 35 29 107 91 20 53 27 29 105 13 105 27 105 105
15 105
11 91 52 35 29 107 22 105 91 105
13 105
13 35 107
108
41 105
11 91 52 19 105
19 19 19 106
79 79 79 77 209 80 108
106
77 19 52 58 15 35 107 27 105 27 105 19 105
9 77 62 9 79 9 77 121 105 9 79 3 105 41 9 79 65 57 3 3 105 11 57 9 79 105 13 32 105 11 57 9 79 65 77 137 77 137 58 110
19 79 93 52 105 11 19 52 105 11 19 53 16 105 11 105 11 127 105 11 127 107
106 105
106 79 79 108
19 35 27 35 27 107 79 105 13 32 105
13 105 13 105 13 108 13 107 79 105
19 35 27 35 27 107 79 105 13 32 105
13 105 13 105 13 108 13 107 79 105
19 35 27 35 27 107 79 105 13 32 105
13 105 13 105 13 108 13 107 79 105
19 19 79 79 108
13 105 11 57 35 29 107 27 27 105 27 105 105
111 91 9 105
106 27 108
79 108
13 79 105 13 109 13 86 79 79 91 105
13 109 13 19 36 19 79 108
13 79 72 108 13 105
35 107 27 79 108
13 79 105 79 19 105
19 19 106
106
20 52 105
79 19 105
106 91 105
20 52 105
79 19 105
79 108
79 108
32 105 13 108
91 20 54 27 105 13 32 105 13 105 11 27 19 36 19 206 108 13 72 19 219 206 108 13 72 19 219 206 108 13 72 19 219 206 108 13 72 108 13 18 108
91 20 54 27 105 13 32 105 13 77 77 142 35 206 108 13 107 27 105 13 219 206 105 13 27 105 13 219 206 105 13 105 13 18 108
105 13 35 107 22 105
27 105 13 32 105 13 57 105 11 57 19 16 19 41
19 19 27 105 13 32 105 13 105 11 19 52 2 105 11 57 174 16 2 41 2 41
93 27 108 108
93 35 107 27 105 13 105 13 105 13 108 35 79 29 107 27 105 22 105 79 105
11 105 13 35 79 29 107 93 35 107 27 105 13 105 13 105 13 108 27 105 79 19 22 108
