77 44 15 19 79 32 108 11 79 105
9 79 105
11 58 15 9 79 79 105 13 109 13 105 13 9 79 79 105 9 79 108
11 58 9 79 79 19 9 79 9 9 79 9 110 13 114 13 110 11 110 9 79 79 105 9 79 105
41 57 105 11 19 54 9 79 79 19 9 79 9 9 79 9 110 13 114 13 110 11 110 9 79 79 105 42 19 19 19 19 19 8 19 53 8 60 9 79 105
42 35 9 79 105
13 21 110 13 108 13 107 27 105 13 27 108 13 105 13 105 13 35 107 105 13 20 105 20 105 105 13 35 107 20 36 105 11 19 52 105 13 108 11 57 105 19 57 32 105 19 60 209 8 41 35 19 107 105 41 14 19 41 62 9 79 79 19 9 79 9 9 79 9 110 13 114 13 110 11 110 9 79 79 105 9 79 105
19 79 105
110 13 27 105 11 57 9 79 79 58 27 19 9 105 11 19 52 9 79 105
79 105
79 77 19 51 79 105
35 27 107 35 27 107 79 105
13 105 13 105 13 108 13 105 79 105
19 19 19 19 52 79 105
11 51 52 79 105
11 52 109 13 109 13 109 11 58 79 79 105 79 79 79 105 11 61 79 105
11 52 79 105
79 105
11 57 15 109 13 32 35 107
105 13 86 105 13 108
109 79 79 105
19 19 19 19 79 79 27 105
109 80 57 79 19 105
19 19 19 19 79 79 27 105
19 109 80 57 79 19 105
19 79 105
79 105
79 105
79 105
79 105
79 105
79 105
79 105
19 19 79 105
19 19 19 20 36 35 79 79 107 105 13 32 86 79 27 105 79 20 105 79 20 105 79 19 105 79 19 105 79 27 27 105 79 27 27 105 79 105 79 105 13 86 35 79 107 86 35 79 19 105
13 79 107 105 35 107 86 35 79 107 86 19 80 58 79 19 34 105 11 19 52 8 105
80 57 57 105 11 57 105 79 20 105
13 105 13 86 79 105 79 58 105
13 21 105 13 19 36 19 72 108 13 35 107 86 79 105 13 32 86 79 20 105 79 20 105 79 27 105 79 105 11 20 52 79 105 13 86 35 107 20 36 79 105 11 19 52 105 13 79 105
19 19 19 79 58 108 13 86 79 58 16 79 105 11 57 105
11 58 2 42 35 9 107 35 105 13 107 8 41 19 9 105
13 105 11 57 105 11 57 105 15 35 19 105
13 9 9 107 9 35 27 9 107 58 108 13 27 9 105 9 9 105
13 27 105 13 32 19 105 13 105 11 58 19 105 13 105 11 58 16 14 41 2 41
44 15 105
19 19 19 19 19 105
106 105
35 107
13 21 110 13 113 13 112 9 9 105 13 110 13 35 9 9 107 110 13 20 9 3 105 20 9 3 105 110 13 42 3 41 44 8 8 8 8 9 9 9 9 114
13 107 35 27 107 108 13 27 105 105
13 107 35 27 107 108 13 27 105 105
35 27 107 20 105
35 79 29 107 79 105
13 105 13 105 13 108 13 105 19 105
44 15 79 109 11 62 105
106 94 58 105
