1 11 12
1 12 13
1 13 14
1 16 17
1 17 18
1 18 19
1 19 20
1 20 21
1 21 22
1 22 23
1 23 24
1 24 25
1 25 26
1 26 27
1 27 28
1 28 29
1 29 30
1 30 31
1 31 32
1 32 33
1 33 34
1 34 35
1 35 36
1 36 37
1 37 38
1 38 39
1 40 41
1 52 53
1 59 60
2 1 6
2 9 58
2 9 42
2 48 44
2 61 60
2 61 59
2 61 60
2 61 58
2 3 6
2 3 6
2 11 14
2 11 10
2 11 58
2 43 16
2 43 39
2 43 55
2 43 56
2 47 46
2 47 58
2 47 45
2 51 58
2 51 49
2 51 50
3 1 54
3 9 8
3 40 41
3 48 7
3 2 4
3 43 57
3 43 56
3 15 54
3 52 53
4 4 5
