106 21 105
79 105 13 32 107
19 109 11 44 106 11 16 35 79 107
13 105 105
19 106 21 105
19 35 19 65 107 105 13 105 13 107
105
15 35 107 27 105 13 32 27 105 13 32 27 105 13 32 27 105 13 32 27 105 13 32 27 105 13 32 27 105 13 32 108 11 58 2 108 11 58 2 57 57 108 13 105 108 11 58 105 108 11 58 91 19 53 108
19 19 19 106 87 93 30 93 57 93 93 58 100 105
105 13 32 18
35 107 27 105 13 79 105 13 105 13 108
35 79 107 105
13 79 108
19 105 105 105 11 20 53 20 53 35 107 27 105 13 105 13 27 105 13 79 105 13 105 13 108
79 105 13 32 58 27 108
13 105
13 108
13 108
13 105
13 108
13 108
13 105
13 108
13 108
13 105
13 108
13 108
13 105
13 108
13 108
13 19 36 105 13 100 108
13 108
13 19 36 105 13 100 108
13 108
13 19 36 19 29 72 105 13 100 108
13 108
13 19 36 19 29 72 19 29 72 105 13 100 108
13 108
13 19 36 19 29 72 105 13 100 105 13 105 35 27 27 105 13 107 105 15 14 35 107
35 27 107 108 13 105 79 105
13 57 108
13 32 107 86 86 19 86 87 87 87 105
19 23 30 79 57 79 58 27 108
35 107 27 79 105 27 79 105 18
35 105 13 107 108
19 105 105 105 11 107
107
19 35 107 27 105 13 105 13 27 105 13 105 13 108
35 105 13 107 18
19 105 13 32 105 105 79 108
108
79 108
13 35 27 107 27 105 13 27 79 105 13 27 108
19 93 57 93 105 11 16 105 13 35 29 107 22 105
27 105 13 32 105 13 58 19 18 105 11 44 27 41 27 41 27 41 44
22 93 58 35 107 105 13 35 27 27 108 13 107 105
19 93 57 93 18 105 13 35 27 27 108 13 107 22 105
93 58 35 107 105 13 105 13 57 105 11 57 27 105 11 57 27 27 108 13 35 107 27 105 13 93 105 13 105 13 108 13 105 13 93 105 13 105 11 58 27 105 13 93 105 13 105 11 62 35 107 105 13 27 105 13 105 13 105 13 35 107 93 105 13 27 105 13 93 105 13 105 13 35 107 27 105 13 105 13 27 105 13 105 13 27 105 13 105 13 27 105 13 105 13 27 105 13 27 105 13 105 13 35 107 105 13 27 105 13 27 105 13 27 105 13 27 105 13 105 13 100 93 18
35 107 105 13 32 105 13 108
105 35 105 13 107 108
35 107 105 13 27 105 11 57 79 105
