1 1 2
1 2 3
1 3 4
1 6 17
1 17 28
1 28 39
1 39 47
1 47 48
1 48 49
1 49 50
1 50 51
1 51 7
1 7 8
1 8 9
1 9 10
1 10 11
1 11 12
1 12 13
1 13 14
1 14 15
1 15 16
1 16 18
1 18 19
1 19 20
1 20 21
1 21 22
1 22 23
1 23 24
1 24 25
1 25 26
1 26 27
1 27 29
1 29 30
1 30 31
1 31 32
1 32 33
1 33 34
1 34 35
1 35 36
1 36 37
1 37 38
1 38 40
1 40 41
1 41 42
1 42 43
1 43 44
1 44 45
1 45 46
1 56 57
1 58 59
1 59 60
1 60 61
1 62 63
1 64 65
1 69 70
1 70 71
1 71 72
1 72 73
1 73 74
1 74 75
1 75 76
1 78 79
1 79 80
1 80 81
1 81 82
1 82 83
1 83 84
1 84 85
1 87 88
1 88 89
1 89 90
1 90 91
1 91 92
1 92 93
1 93 94
1 96 97
1 97 98
1 98 99
1 99 100
1 100 101
1 101 102
1 102 103
1 105 106
1 106 107
1 107 108
1 108 109
1 109 110
1 110 111
1 111 112
1 114 115
1 115 116
1 116 117
1 117 118
1 118 119
1 119 120
1 120 121
1 123 124
1 125 126
1 136 142
1 142 143
1 143 144
1 144 145
1 145 146
1 146 147
1 147 148
1 148 149
1 149 137
1 137 138
1 138 139
1 139 140
1 140 141
1 159 160
1 160 161
1 161 162
1 162 163
1 163 164
1 172 173
1 173 174
1 174 175
1 201 202
1 202 203
1 203 204
1 216 217
1 217 218
1 221 222
1 222 223
1 223 224
1 224 225
1 225 226
1 226 227
1 227 228
1 228 229
1 229 230
1 230 231
1 231 232
1 232 233
1 233 234
1 234 235
1 235 236
1 236 237
1 237 238
1 238 239
1 239 240
1 240 241
1 241 242
1 242 243
1 243 244
1 244 245
1 245 246
1 246 247
1 247 248
1 248 249
1 249 250
1 250 251
1 251 252
1 252 253
1 253 254
1 254 255
1 255 256
1 256 257
1 257 258
1 258 259
1 259 260
1 260 261
1 261 262
1 262 263
1 263 264
1 264 265
1 265 266
1 266 267
1 267 268
1 268 269
1 269 270
1 270 271
1 271 272
1 272 273
1 273 274
1 274 275
1 275 276
1 276 277
1 277 278
1 278 279
1 279 280
1 280 281
1 281 282
1 282 283
1 283 284
1 290 291
1 293 294
1 294 295
2 128 215
2 128 127
2 128 127
2 128 292
2 128 152
2 128 186
2 131 292
2 131 186
2 131 215
2 67 66
2 67 66
2 67 152
2 69 292
2 69 186
2 69 215
2 136 186
2 136 215
2 136 292
2 153 186
2 130 215
2 130 186
2 130 292
2 129 186
2 129 292
2 129 215
2 134 292
2 134 215
2 134 186
2 132 186
2 132 292
2 132 215
2 133 215
2 133 292
2 133 186
2 184 194
2 155 154
2 166 159
2 166 215
2 166 292
2 166 186
2 166 164
2 56 152
2 206 186
2 206 215
2 206 292
2 178 302
2 178 215
2 178 299
2 178 300
2 178 304
2 178 301
2 178 307
2 178 292
2 178 303
2 178 186
2 178 305
2 178 306
2 211 186
2 211 292
2 211 215
2 200 215
2 200 292
2 200 186
2 213 292
2 213 220
2 213 186
2 213 215
2 213 194
2 213 196
2 198 186
2 198 215
2 198 292
2 308 186
2 308 215
2 308 292
2 318 292
2 318 186
2 318 215
2 316 186
2 316 292
2 316 215
2 319 292
2 319 215
2 319 186
2 311 186
2 311 215
2 311 292
2 185 215
2 185 292
2 185 186
2 188 215
2 188 292
2 188 186
2 315 292
2 315 215
2 315 186
2 179 292
2 179 215
2 179 186
2 309 292
2 309 215
2 309 186
2 320 215
2 320 186
2 320 292
2 312 186
2 312 215
2 312 292
2 157 292
2 157 186
2 157 215
2 187 292
2 187 186
2 187 215
2 180 186
2 180 292
2 180 215
2 310 292
2 310 186
2 310 215
2 52 151
2 52 151
2 52 151
2 6 151
2 6 151
2 6 151
2 5 151
2 5 151
2 5 151
2 289 195
2 289 197
2 289 215
2 289 292
2 289 186
2 286 292
2 286 186
2 286 215
2 285 292
2 285 197
2 285 186
2 285 195
2 285 215
2 287 215
2 287 186
2 287 292
2 288 186
2 288 215
2 288 292
2 297 306
2 297 307
2 297 304
2 297 300
2 297 299
2 297 305
2 297 301
2 297 186
2 297 303
2 297 292
2 297 215
2 297 302
2 209 215
2 209 186
2 209 292
2 191 194
2 191 186
2 191 215
2 191 292
2 214 215
2 214 292
2 214 186
2 181 221
2 181 292
2 181 194
2 181 215
2 181 186
2 181 284
2 219 292
2 219 215
2 219 186
2 210 292
2 210 215
2 210 186
2 183 292
2 183 186
2 183 215
2 199 292
2 199 186
2 199 215
2 150 150
2 172 194
2 317 186
2 317 215
2 317 292
2 321 215
2 321 292
2 321 186
2 296 296
2 207 186
2 207 292
2 207 215
2 205 292
2 205 186
2 205 215
2 208 215
2 208 292
2 208 186
2 165 186
2 165 292
2 165 215
2 189 192
2 189 194
2 189 215
2 189 292
2 189 186
2 176 168
2 176 169
3 69 76
3 136 141
3 184 193
3 290 291
3 125 126
3 64 65
3 123 124
3 298 156
3 298 158
3 298 167
3 62 63
3 314 313
3 78 85
3 56 57
3 105 112
3 87 94
3 114 121
3 96 103
3 211 212
3 182 212
3 182 177
3 6 46
3 293 295
3 289 156
3 289 158
3 289 167
3 183 158
3 183 167
3 172 175
3 201 204
3 58 61
3 190 193
3 1 4
3 171 170
3 216 218
4 95 135
4 112 135
4 121 135
4 94 135
4 53 69
4 113 135
4 77 135
4 86 135
4 55 136
4 104 135
4 103 135
4 54 128
4 122 136
4 85 135
5 76 68
