105 11 19 52 105
79 105 13 105 13 35 107 57 27 79 105 13 105 13 105 19 105
35 112 9 79 9 110 13 27 110 13 110 13 35 9 79 9 9 107 35 9 79 9 9 107 35 9 79 9 9 79 9 9 9 107 35 9 79 9 9 79 9 112
19 105 11 58 105 15 9 79 9 110
13 9 9 86 35 9 79 9 9 107 105 13 9 32 8 9 79 9 110 11 58 9 79 9 110 11 58 35 112 9 79 9 110 13 27 110 13 9 79 9 110 13 110 13 35 112 27 110 13 105 13 20 113 13 110 13 110 13 27 9 105 20 3 105 20 3 105 105 11 20 3 52 105 13 35 35 112 9 79 9 110 13 9 105 13 110 13 9 107 20 3 36 105 11 62 20 3 55 20 3 105 105 11 41 105 105 105 12 23 50 61 105 42 14 57 105 105 9 80 3 58 9 79 9 33 3 57 20 3 9 84 9 79 9 20 3 9 87 42 105 11 57 9 79 9 9 105
93 105 13 9 105 13 34 19 54 65 93 35 107 27 110 13 105 13 105 13 105 35 107 9 105 13 27 105 13 105 13 105 13 35 107 35 107 9 105 13 27 105 13 105 13 105 13 105 13 105 11 57 105 11 121 105 12 50 57 105 105 11 58 35 107 9 105
27 19 19 35 9 79 9 9 79 9 112
19 9 79 9 110
13 9 9 86 35 9 79 9 9 107 105 13 9 32 8 9 79 9 110 11 58 9 79 9 110 11 58 35 112 9 79 9 110 13 27 110 13 9 79 9 110 13 110 13 35 112 27 110 13 105 13 20 113 13 110 13 110 13 27 9 105 27 27 9 9 105 27 27 9 9 105 27 9 105 13 57 105 13 27 110 11 57 19 57 35 35 105 13 112 9 107 8 35 35 9 107 9 107 35 107 105 13 57 105 27 9 105 41 14 8 27 57 105 57 105 57 105 9 79 9 105 13 9 9 86 9 79 9 20 3 9 87 15 19 41 35 105 13 9 107 8 41 105 13 57 105 57 105 57 105 8 41 14 57 105 57 105 57 105 40 14 41 14 41 14 41 14 41 14 41 14 41 14 8 41 14 41 8 41
35 107 27 20 19 35 9 79 9 9 79 9 112
20 9 79 9 110
13 9 9 86 35 9 79 9 9 9 107 110 13 9 32 9 27 9 9 105 9 79 9 110 11 58 9 79 9 110 11 58 35 112 9 79 9 110 13 27 110 13 9 79 9 110 13 110 13 35 112 27 110 13 105 13 20 113 13 110 13 110 13 27 9 9 105 27 27 9 9 9 105 27 27 9 9 9 105 108 12 25 166 6 130 3 35 112 27 110 13 9 3 105 13 110 13 27 35 112 27 110 13 9 105 13 110 13 9 9 9 105 27 35 112 9 9 105 13 9 105 13 110 13 35 112 9 9 105 13 27 110 13 110 13 35 112 9 9 105 13 27 110 13 110 13 35 112 9 9 105 13 27 110 13 110 13 35 112 9 9 105 13 27 110 13 110 13 110 13 9 105 9 79 9 9 105 27 35 112 9 9 105 13 27 110 13 110 13 35 112 9 9 105 13 9 105 13 110 13 35 112 9 9 105 13 27 110 13 110 13 110 13 9 105 110 13 105 13 110 27 9 9 105 13 57 105 13 27 110 11 57 19 57 35 35 110 13 112 9 9 107 9 35 35 9 9 107 9 107 35 107 105 13 57 105 27 9 105 41 14 8 27 57 105 57 110 57 110 9 79 9 105 13 9 9 86 9 79 9 20 3 9 87 15 19 41 35 110 13 9 9 107 9 41 105 13 57 105 57 110 57 110 8 41 14 57 105 57 110 57 110 40 14 41 14 41 14 41 14 41 14 41 14 41 14 8 41 14 41 8 41
13 105 20 105
19 19 59 19 56 2 2 16 108 13 58 93 27 108 13 105 2 41 105 11 58 35 27 107 105
19 19 35 107 21 105 13 21 105 13 27 105 13 27 105 13 105 13 105 13 35 29 107 22 108
19 45 106
19 19 105
93 86 35 35 107 79 105 13 27 105 13 105 13 107 100 93 105 101 35 107
106 19 84 107
