44 106 15 79 35 79 105
13 29 107 86 79 79 79 105
19 19 52 79 27 105 79 27 105 79 27 105 79 27 105 84 19 52 77 209 84 77 44 77 44 15 79 27 105 77 209 84 41 79 27 105 77 209 84 41 79 27 105 77 209 84 41 79 27 105 77 209 84 41 79 35 107 105 13 105 13 105 41 79 35 107 105 13 105 13 105 41 79 35 107 105 13 105 13 105 41 79 35 107 105 13 105 13 105 35 79 105 13 109 13 108 13 107 79 105 13 109 13 105 13 79 105 13 109 13 105 13 79 105 13 109 13 105 13 105 13 79 93 27 109 13 105 11 57 80 57 79 105 105
105 11 45 77 209 84 77 105
20 19 19 106 22 105
21 105
13 32 86 21 105
13 32 86 21 105
13 32 86 21 105
13 86 21 105
13 32 86 21 105
13 32 86 21 105
13 32 86 21 105
13 32 86 21 105
13 32 86 21 105
35 107
13 32 86 21 105
13 32 86 21 105
13 32 86 21 105
13 32 86 21 105
13 32 86 21 105
13 32 86 21 105
13 32 86 21 105
13 32 86 21 105
13 32 86 79 105 93 105
13 86 79 93 109 11 84 79 93 77 63 105 79 27 109 13 86 79 27 19 109 11 87 79 57 79 79 108 13 105 35 107
86 79 93 105
86 27 105
13 32 79 105 107
79 21 105
13 105
21 105
13 32 86 79 79 105 79 35 107
105
13 105
106 105
11 57 105
35 29 107 22 105 105
35 29 107 86 79 105
105 11 44 19 16 79 20 105 41 105 11 129 79 105 11 123 25 198 48 59 80 57 79 105 19 84 79 93 19 109 11 57 79 20 105 79 19 105 107
105 11 44 15 35 29 107 105
20 106 19 105
93 19 105 13 93 19 109 11 57 105 13 27 105 11 58 105 13 27 105 11 58 105 13 27 105 11 57 35 29 107 22 105 105
27 105
106 19 105
35 79 29 107 79 105
41 79 109 13 93 109 109 79 105 35 29 107 105
41 35 29 107 105
106 27 27 108
106 19 27 108
11 105 21 105 105
13 105 27 79 105 13 105 13 77 105 33 57 27 105 27 105 22 105 79 105
13 105 22 105 79 105
79 105
19 19 19 19 19 106 79 35 27 107 105
13 105
