1 6 10
1 10 11
1 11 12
1 12 13
1 13 14
1 14 15
1 15 16
1 16 17
1 17 7
1 7 8
1 8 9
1 18 24
1 24 25
1 25 26
1 26 27
1 27 28
1 28 29
1 29 30
1 30 31
1 31 19
1 19 20
1 20 21
1 21 22
1 22 23
1 88 89
1 91 92
1 92 93
1 93 94
1 94 95
1 102 103
1 110 111
1 111 112
1 113 114
1 114 115
1 117 118
1 118 119
3 36 120
3 37 121
3 35 120
3 88 89
3 102 103
3 54 67
3 52 63
3 57 65
3 110 112
3 6 4
3 6 9
3 60 72
3 50 62
3 55 77
3 53 74
3 58 66
3 113 115
3 46 76
3 61 68
3 51 73
3 56 71
3 47 70
3 59 69
3 49 64
3 32 33
3 32 34
3 122 123
3 48 75
3 91 95
3 18 5
3 18 4
3 18 23
3 117 119
3 2 1
3 3 5
4 84 96
4 65 44
4 71 100
4 64 41
4 89 86
4 69 100
4 66 80
4 73 38
4 107 96
4 72 101
4 67 83
4 70 98
4 103 106
4 68 90
4 74 104
4 75 100
4 62 39
4 99 96
4 81 96
4 76 116
4 109 96
4 87 96
4 45 96
4 77 100
4 63 100
4 42 96
5 77 78
5 64 78
5 66 78
5 69 78
5 62 78
5 74 78
5 81 79
5 70 78
5 65 78
5 45 43
5 73 78
5 109 108
5 42 40
5 87 85
5 67 78
5 76 78
5 68 78
5 84 82
5 71 78
5 107 105
5 75 78
5 99 97
5 72 78
5 63 78
