13 79 105
79 108
79 108
79 109 13 32 35 79 79 79 79 79 79 107 35 79 107
79 30 79 57 79 109 11 58 79 79 79 79 108 13 109
79 108
13 105
13 57 79 108
13 105
13 52 79 105
79 108
13 105
13 79 108
13 105
13 105
11 79 108
13 105
105 13 32 105
11 57 79 108
13 105
13 105
13 57 79 108
13 105
11 44 35 107 40 79 21 108
15 79 105
79 108
11 57 62 79 108
13 105
13 105
41 79 108
13 105
79 108
13 105
79 58 15 79 105 11 57 79 107
27 27 108 19 105
27 27 108 19 105
19 19 106
21 106
19 106
106
106
41 35 29 107 19 105
106
106
41 35 29 107 19 105
79 108
79 108
79 108
79 108
79 108
79 108
79 108
79 108
79 108
79 108
79 108
79 108
79 108
79 108
79 108
79 108
35 29 107 19 105
35 29 107 27 27 105 19 105
35 29 107 20 105
35 29 107 19 105
35 29 107 19 105
35 29 107 19 105
35 29 107 20 105
35 29 107 27 27 105 19 105
35 29 107 20 105
35 29 107 27 27 105 19 105
35 29 107 20 105
35 29 107 19 105
35 29 107 19 105
35 29 107 27 27 105 19 105
35 29 107 19 105
35 29 107 27 27 105 19 105
106
106
106
41 35 29 107 19 105
106
106
41 35 29 107 19 105
106
106
41 35 29 107 19 105
79 79 105 13 32 35 79 29 107 27 105
11 105 79 19 105
106
19 44 108
13 105
79 105
13 79 105
79 105
106
106
106
41 35 29 107 19 105
106
106
79 79 105 13 32 35 79 29 107 27 105
11 105 79 19 105
106
106
106
41 35 29 107 19 105
106
41 35 29 107 19 105
79 108
13 32 105 13 109 13 105
13 108 13 35 27 107 79 105
79 108
13 32 105 13 109 13 105
13 108 13 35 27 107 79 105
106
79 79 105 13 32 35 79 105
13 29 107 27 105
11 105 79 19 105
3 84 9 86 9 86 105 13 35 107 19 108 13 105 11 19 108 13 105 11 19 108 13 105 11 8 3 110
86 35 27 107 27 105 79 105 13 19 105
93 27 108 108
93 35 107 27 105 13 105 13 105 13 108 35 79 29 107 27 105 22 105 79 105
