27 105 27 79 105 21 105
19 105
27 27 108 106 105
35 29 107 21 105 105
35 107 19 36 39 27 105 35 29 107 105 21 105 105
19 19 106 21 105
35 29 107 22 105 105
19 19 106 21 105
35 29 107 22 105 105
35 107 19 36 39 27 105 35 29 107 105 22 105 105
19 19 106 21 105
15 35 107 19 36 39 27 105 35 29 107 105 22 105 105
35 107 19 36 39 27 105 35 29 107 105 22 105 105
35 29 107 22 105 105
27 35 27 107 108 13 105 79 105
12 23 50 58 35 107 19 36 20 70 70 70 27 105 35 79 29 107 105 105 79 105
12 23 50 59 35 107 105 11 209 52 35 107 36 39 27 105 35 79 29 107 105 21 105 79 105
35 107 19 36 39 27 105 35 29 107 105 21 105 105
20 19 106 21 105
35 29 107 22 105 105
35 107 19 36 20 70 20 70 77 70 27 105 35 29 107 105 105 105
19 19 106 21 105
