1 18 29
1 29 31
1 31 32
1 32 33
1 33 34
1 34 35
1 35 36
1 36 37
1 37 19
1 19 20
1 20 21
1 21 22
1 22 23
1 23 24
1 24 25
1 25 26
1 26 27
1 27 28
1 28 30
1 39 40
1 43 44
1 44 45
1 45 46
1 47 48
1 50 51
1 51 52
1 52 53
1 53 54
1 54 55
1 55 56
1 56 57
1 58 59
2 43 38
2 50 47
2 50 48
2 18 5
2 49 38
2 61 60
2 61 60
2 8 5
3 43 46
3 10 3
3 50 57
3 16 1
3 17 3
3 6 3
3 18 30
3 12 4
3 12 2
3 39 40
3 58 59
3 11 2
3 14 4
3 14 2
3 8 7
4 81 86
4 70 64
4 87 90
4 3 13
4 82 90
4 101 86
4 83 42
4 91 42
4 2 15
4 92 77
4 99 64
4 66 100
4 83 64
4 89 64
4 67 90
4 70 42
4 65 63
4 101 79
4 81 69
4 99 42
4 98 97
4 68 100
4 72 73
4 81 79
4 91 64
4 84 93
4 30 13
4 81 93
4 85 88
4 4 9
4 80 100
4 96 103
4 1 15
4 41 100
4 78 77
4 81 102
4 94 95
4 74 103
4 89 42
4 81 42
4 81 76
4 62 42
4 71 100
4 75 100
4 62 64
