35 29 107 22 105 105
35 29 107 22 105 57 79 93 52 27 79 105 105
35 29 107 22 105 105
35 29 107 22 105 79 93 52 27 79 105 105
109
108
79 105
105
19 106 105
19 52 93 57 93 108
111 79 105
109 13 32 77 105
106 19 105
111 105
106 19 105
79 108
79 108
19 19 19 79 108
13 105 11 79 108
13 57 79 108
13 105 11 79 27 105
13 109 13 27 109 27 109 109 79 79 108
13 108
79 79 108
13 108
35 79 108
13 79 107
105
13 57 79 108
35 79 29 107 22 105 13 79 105
13 105 13 109 13 108
11 57 79 79 79 27 27 108
11 105
13 108 13 105 15 105 11 20 56 79 79 79 27 27 108
11 105
13 108 13 105 41 79 108
13 57 79 108
79 58 108 13 86 79 58 35 107 40 79 105 80 58 19 87 107
35 27 79 21 105
13 108 13 107 22 105 79 105
35 79 29 107 35 107 27 79 109 13 105 105 79 105
19 106 105
19 19 106 21 105
13 32 105 13 80 57 107
105
13 58 8 58 8 57 57 27 105 11 57 93 86 108
80 57 79 57 79 105 80 57 27 105
13 32 23 105 15
80 58 19 87 107
77 44 15 79 93 52 108
13 22 105
41 107
41 93 86 105 13 58 19 8 79 79 32 105
41 27 105 13 32 8 41 93 86 108
13 79 105
13 21 105
41 79 19 79 32 105
35 27 108
13 107 22 105 79 105
35 107 19 27 35 107 105 13 8 32 8 20 105 35 105 13 107 35 107 19 105 13 58 105 105 105 105 13 18 105 27 105 41 14 8 105 41
106 21 105
35 27 107 35 27 107 105 13 105 13 105 13 108 13 27 105 105
22 19 19 106 105
19 19 107
13 100 93 100 35 29 107 105
79 109 13 32 35 29 107 35 107 27 105 105 105
13 105 105 79 105
19 79 105 13 32 105 13 32 105 13 19 105 13 19 105 11 170 105 13 57 19 52 35 27 107 105 13 105 13 35 29 107 35 107 27 105 105 105
19 19 106 21 105
13 105 13 105 13 35 27 107 105 13 27 105 13 105 13 108 13 35 27 107 79 105
13 109 13 32 35 79 29 107 35 107 27 105 105 79 105
13 35 107 79 29 105 35 107 27 105 105 79 105
111 21 9 2 105
111 79 105 13 32 27 105 13 32 35 29 107 35 107 27 105 105 105
79 105 13 32 105 13 32 105 13 19 105 13 19 105 11 19 170 105 13 19 52 35 27 107 105 13 105 13 35 29 107 35 107 27 105 105 105
19 19 106 21 105
106 21 105
13 105 105 79 105
19 19 19 106 21 105
13 57 105 13 19 105 35 79 29 107 35 107 27 105 105 79 105
35 107 79 29 105 79 105
79 21 105 13 32 105 13 109 13 105 13 35 79 29 107 35 107 27 105 105 79 105
13 108 13 35 27 107 79 105
13 109 13 109 35 79 29 107 79 105
105 13 32 27 105 13 32 35 107 79 29 105 35 107 27 105 105 79 105
19 19 106 21 105
13 105 105 79 105
106 21 105
13 108 13 35 27 107 79 105
106 21 105
13 108 13 35 27 107 105
13 105 105 79 105
106 21 105
13 35 107 79 29 105 35 107 27 105 105 79 105
111 21 9 2 105
111 79 105 13 32 27 105 13 32 35 29 107 35 107 27 105 105 105
106 21 105
13 32 86 108 13 86 79 27 27 109 13 86 79 27 27 109 13 86 35 107 86 79 27 105 11 58 35 107 86 79 105 15 80 58 77 62 35 29 107 105
13 108 13 35 27 107 79 105
106 21 105
13 29 107 105
106 21 105
106 21 105
