1 2 3
1 12 13
1 13 14
1 14 15
1 15 16
1 16 17
1 17 18
1 18 19
1 19 20
1 20 21
1 21 22
1 22 23
1 23 24
1 24 25
1 25 26
1 26 27
1 27 28
1 28 29
1 29 30
1 30 31
1 31 32
1 32 33
1 33 34
1 34 35
1 35 36
1 36 37
1 37 38
1 38 39
1 39 40
1 40 41
1 41 42
1 42 43
1 43 44
1 44 45
1 45 46
1 46 47
1 47 48
1 48 49
1 49 50
1 50 51
1 51 52
1 52 53
1 53 54
1 54 55
1 55 56
1 56 57
1 57 58
1 58 59
1 59 60
1 60 61
1 61 62
1 74 75
1 75 76
1 76 77
1 77 78
1 81 82
1 82 83
1 83 84
1 84 85
1 88 89
1 89 90
1 90 91
1 91 92
1 109 110
1 110 111
1 120 121
1 121 122
1 122 123
1 123 124
1 125 126
1 126 127
1 127 128
1 128 129
1 129 130
1 130 131
1 137 138
1 138 139
1 139 140
1 140 141
1 143 144
1 144 145
1 145 146
1 146 147
1 155 156
1 156 157
1 157 158
1 158 159
1 159 160
1 163 164
1 164 165
1 165 166
1 166 167
1 167 168
1 169 176
1 176 177
1 177 178
1 178 179
1 179 180
1 180 181
1 181 182
1 182 183
1 183 170
1 170 171
1 171 172
1 172 173
1 173 174
1 174 175
1 186 187
1 187 188
1 190 191
1 191 192
1 192 193
1 193 194
1 194 195
1 195 196
1 196 197
1 206 207
1 207 208
1 208 209
1 209 210
1 210 211
1 211 212
1 213 214
1 215 216
1 216 217
1 217 218
1 226 227
1 231 232
1 232 233
1 236 237
1 238 245
1 245 246
1 246 247
1 247 248
1 248 249
1 249 250
1 250 251
1 251 252
1 252 239
1 239 240
1 240 241
1 241 242
1 242 243
1 243 244
1 256 264
1 264 265
1 265 266
1 266 267
1 267 268
1 268 269
1 269 270
1 270 271
1 271 257
1 257 258
1 258 259
1 259 260
1 260 261
1 261 262
1 262 263
1 272 273
1 273 274
1 274 275
1 278 285
1 285 286
1 286 287
1 287 288
1 288 289
1 289 290
1 290 291
1 291 292
1 292 279
1 279 280
1 280 281
1 281 282
1 282 283
1 283 284
1 293 294
1 294 295
1 295 296
1 297 298
1 298 299
1 307 305
1 305 306
1 311 312
1 312 313
1 318 320
1 320 321
1 321 322
1 322 323
1 323 324
1 324 325
1 325 326
1 326 327
1 327 319
1 328 329
1 329 330
1 330 331
1 332 333
1 335 344
1 344 345
1 345 346
1 346 347
1 347 348
1 348 349
1 349 350
1 350 351
1 351 336
1 336 337
1 337 338
1 338 339
1 339 340
1 340 341
1 341 342
1 342 343
1 352 353
1 353 354
1 354 355
1 355 356
1 357 358
1 358 359
1 359 360
1 360 361
1 361 362
1 363 364
1 364 365
1 365 366
1 366 367
1 367 368
1 368 369
1 369 370
1 371 372
1 372 373
1 373 374
1 374 375
1 386 387
1 389 390
1 394 395
1 396 397
1 405 406
1 406 407
1 408 409
1 409 410
1 410 411
1 411 412
1 413 414
1 414 415
1 416 417
1 417 418
1 418 419
1 419 420
1 420 421
1 421 422
1 422 423
1 423 424
1 428 429
1 429 430
1 437 438
1 438 439
1 439 440
1 440 441
1 441 442
1 442 434
1 434 435
1 435 436
1 447 450
1 450 451
1 451 452
1 452 453
1 453 454
1 454 455
1 455 456
1 456 457
1 457 448
1 448 449
1 460 469
1 469 470
1 470 471
1 471 472
1 472 473
1 473 474
1 474 475
1 475 476
1 476 461
1 461 462
1 462 463
1 463 464
1 464 465
1 465 466
1 466 467
1 467 468
1 490 491
1 491 492
1 492 493
1 493 494
1 495 497
1 497 498
1 498 499
1 499 500
1 500 501
1 501 502
1 502 503
1 503 504
1 504 496
1 513 514
1 514 515
1 515 516
1 516 517
1 517 518
1 518 519
1 519 520
1 520 511
1 511 512
1 529 530
1 530 531
2 272 506
2 125 131
2 532 528
2 532 527
2 64 506
2 64 484
2 64 486
2 64 487
2 64 488
2 64 485
2 9 485
2 9 506
2 9 487
2 9 488
2 9 65
2 9 62
2 9 458
2 9 486
2 9 6
2 9 484
2 9 489
2 79 506
2 293 506
2 507 507
2 69 506
2 230 506
2 231 233
2 376 506
2 100 506
2 93 506
2 72 506
2 303 484
2 303 506
2 303 306
2 303 485
2 303 486
2 303 487
2 303 307
2 303 488
2 481 488
2 481 485
2 234 506
2 98 506
2 95 506
2 416 424
2 335 343
2 153 506
2 477 506
2 477 6
2 224 506
2 253 485
2 253 487
2 253 506
2 253 486
2 253 488
2 253 484
2 2 1
2 328 522
2 328 524
2 328 521
2 508 506
2 508 484
2 508 487
2 508 486
2 508 485
2 508 488
2 482 486
2 480 486
2 225 226
2 225 506
2 446 506
2 332 333
2 221 506
2 117 117
2 447 448
2 483 483
2 483 506
2 479 485
2 479 488
2 402 506
2 402 484
2 402 487
2 402 488
2 402 486
2 402 485
2 381 506
2 381 488
2 381 485
2 381 486
2 381 484
2 381 487
2 135 506
2 433 505
2 433 506
2 433 505
2 433 437
2 433 505
2 254 486
2 254 506
2 254 484
2 254 488
2 254 485
2 254 487
2 379 487
2 379 488
2 379 506
2 379 484
2 379 485
2 379 486
2 276 484
2 276 506
2 276 488
2 276 485
2 276 487
2 276 299
2 276 486
2 276 297
2 300 307
2 300 506
2 300 488
2 300 487
2 300 486
2 300 485
2 300 484
2 300 306
2 509 523
2 509 521
2 317 506
2 8 62
2 161 506
2 385 484
2 385 506
2 385 459
2 385 222
2 385 486
2 385 489
2 385 488
2 385 487
2 385 485
2 391 506
2 391 487
2 391 484
2 391 485
2 391 486
2 391 488
2 400 506
2 400 485
2 400 488
2 400 487
2 400 486
2 400 484
2 377 506
2 377 488
2 377 485
2 377 487
2 377 486
2 377 484
2 383 484
2 383 488
2 383 506
2 383 487
2 383 486
2 383 485
2 314 506
2 102 506
2 68 506
2 185 506
2 94 506
2 431 506
2 444 459
2 444 489
2 88 506
2 256 485
2 256 486
2 256 484
2 256 506
2 256 488
2 256 487
2 99 506
2 97 506
2 169 506
2 235 505
2 235 505
2 235 505
2 478 506
2 162 506
2 278 284
2 278 282
2 278 506
2 357 506
2 432 506
2 106 506
2 81 506
2 316 506
2 190 203
2 238 506
2 238 488
2 238 486
2 238 487
2 238 484
2 238 485
2 200 506
2 219 506
2 114 506
2 198 506
2 152 506
2 71 506
2 525 62
2 74 506
2 405 407
2 426 506
2 460 506
2 311 313
2 154 506
2 104 506
2 105 506
2 205 205
2 205 205
2 205 205
2 204 204
2 403 506
2 229 506
2 229 62
2 67 506
2 67 62
2 101 506
2 101 62
2 392 62
2 392 506
2 70 506
2 70 62
2 96 506
2 96 62
2 427 62
2 136 494
2 136 490
2 136 490
2 87 62
2 255 506
2 255 62
2 80 62
2 108 6
2 73 62
2 277 506
2 277 62
2 201 496
2 201 497
2 201 495
2 10 505
2 10 505
2 10 505
2 115 497
2 115 496
2 115 495
2 113 506
2 304 490
2 304 490
2 304 494
2 334 506
2 315 506
2 223 506
2 445 506
2 425 506
2 184 506
2 112 506
2 236 488
2 236 486
2 236 487
2 236 485
2 236 484
2 236 506
2 510 513
2 510 513
2 510 512
2 510 506
2 510 513
2 302 306
2 302 485
2 302 486
2 302 484
2 302 506
2 302 488
2 302 487
2 302 307
2 189 202
2 394 489
2 301 506
2 301 307
2 301 486
2 301 484
2 301 488
2 301 487
2 301 306
2 301 485
3 199 399
3 199 388
3 272 399
3 272 275
3 148 399
3 125 399
3 318 399
3 318 319
3 86 399
3 86 382
3 64 63
3 149 399
3 9 310
3 9 12
3 9 5
3 9 4
3 79 399
3 79 380
3 293 399
3 293 296
3 352 399
3 352 356
3 69 399
3 69 388
3 230 399
3 230 388
3 116 399
3 231 399
3 428 399
3 428 430
3 134 399
3 100 399
3 100 393
3 93 399
3 93 384
3 72 399
3 72 378
3 303 526
3 303 310
3 303 533
3 234 399
3 234 388
3 98 399
3 98 401
3 142 399
3 119 399
3 95 399
3 95 393
3 107 399
3 335 399
3 103 399
3 103 404
3 153 399
3 224 399
3 253 399
3 253 63
3 253 309
3 2 3
3 328 331
3 508 310
3 408 412
3 225 227
3 225 228
3 332 333
3 221 220
3 447 449
3 109 111
3 402 309
3 381 309
3 433 436
3 433 443
3 254 309
3 379 309
3 276 310
3 276 533
3 300 310
3 300 533
3 8 12
3 385 309
3 391 309
3 400 309
3 529 531
3 377 309
3 383 309
3 371 375
3 143 147
3 88 92
3 256 309
3 256 308
3 256 263
3 169 175
3 133 132
3 278 288
3 118 398
3 357 362
3 81 85
3 190 197
3 238 309
3 238 308
3 238 244
3 114 66
3 137 141
3 152 151
3 152 150
3 120 124
3 215 66
3 215 218
3 74 78
3 405 407
3 386 387
3 460 468
3 163 168
3 206 212
3 155 160
3 413 415
3 389 390
3 108 5
3 213 214
3 363 370
3 236 237
3 302 310
3 302 533
3 7 11
3 396 397
3 394 395
3 301 310
3 301 533
3 186 188
