93 30 93 58 27 105 13 32 19 27 105 13 100 31 27 27 108 93 105 105 105
19 27 35 107 27 105 13 105 13 105 13 105 13 108 105
13 27 35 107 27 105 13 105 13 105 13 108 108
13 27 35 107 27 105 13 105 13 105 13 27 105 13 105 13 105 13 108 35 27 107 27 105 27 35 107 108
19 27 35 107 27 105 13 105 13 105 13 105 13 108 35 27 107 27 105 27 35 107 108
100 105 13 35 27 107 105 35 107 105 13 27 105 13 105 13 27 27 108 93 19 105
19 79 108
19 77 44 15 79 105 13 32 105 77 52 79 105 13 32 108
19 19 106 100 86 87 101 101 105
44 15 79 35 107
35 27 107 79 105 13 105 13 105 13 108 13 35 27 107 79 105
11 63 44 27 105 27 9 105 27 3 105 9 32 8 19 105
9 32 8 20 105 110 13 105 13 29 105 13 105 11 58 9 32 8 105 32 19 19 9 105 15 35 107
35 105 13 9 107 42 108
13 79 105
11 63 44 35 107
35 105 13 9 107 113
13 27 105 11 58 27 9 105 80 57 27 80 105 80 57 27 80 105 79 93 105
11 57 27 27 105 27 27 105 42 14 105 41 35 107
41 35 107
41 35 107
41 35 107
41 35 107
41 35 107
41 35 107
41 27 35 107
42 27 35 107
42 27 35 107
42 27 35 107
42 27 35 107
42 27 35 107
42 35 107
42 79 93 105
11 57 27 27 105 42 79 108
13 27 105 11 58 79 79 79 80 9 3 113
42 79 57 79 19 65 79 19 65 108
13 93 51 108
13 93 52 57 57 79 79 80 9 3 113
42 108
13 79 105
11 63 44 35 107
35 105 13 9 107 113
13 27 105 11 58 27 9 105 80 57 27 80 105 80 57 27 80 105 79 93 105
11 57 27 27 105 27 27 105 42 35 107
41 35 107
41 35 107
41 35 107
41 35 107
41 35 107
41 35 107
41 27 35 107
41 27 35 107
42 27 35 107
42 27 35 107
42 27 35 107
42 27 35 107
42 35 107
42 79 93 105
11 57 27 27 105 41 35 107
35 105 13 9 107 42 35 107
35 105 13 9 107 94 57 19 101 27 19 105 42 94 57 19 101 27 19 105 35 107 27 108
13 79 105 105 42 35 107
86 35 29 107 105
106 19 105
19 19 27 105 13 32 105 13 58 101 105 13 58 101 19 105 13 58 101 94 58 94 58 94 58 2 101 15 105 11 57 105 11 101 41 105 11 41 105 11 57 105 11 101 41 105 11 41 105 11 57 105 11 101 41 105 11 41 2 41
11 63 44 15 35 27 107 32 20 105
23 20 19 19 44 106
79 52 105
19 106
23 20 19 19 44 106
79 52 105
19 106
20 19 44 106
79 52 105
15 79 52 77 19 51 79 77 105 13 32 27 108
13 27 108
13 27 105 11 57 79 108
11 58 35 79 29 107 27 77 105 20 105
19 106
20 19 44 106
79 52 105
15 79 52 77 19 51 79 77 105 13 32 27 108
13 27 108
13 27 105 11 57 79 108
11 58 35 79 29 107 27 77 105 20 105
19 106
20 19 44 106
79 52 105
15 79 52 79 105 11 79 105 11 137 79 105 11 170 60 79 19 105 41 79 79 105 11 170 105 41 79 52 79 105 11 79 105 11 137 79 105 11 169 79 105 11 209 56 79 79 105 11 209 105 41 79 79 105 11 169 105 41 79 51 79 52 77 19 51 79 77 105 13 32 27 108
13 27 108
13 27 105 11 57 79 108
11 58 35 79 29 107 27 77 105 20 105
19 106
79 52 105
19 106
19 20 19 44 106
79 52 105
19 106
79 52 105
19 106
19 20 19 44 106
79 52 105
19 106
20 94 58 77 77 54 105
94 58 77 77 54 105
105 13 57 105 13 32 105 11 79 109
19 19 106
19 109 11 44 16 94 57 19 101 79 27 105 108 13 105 108 13 105 23 108 79 108
22 105 13 27 105 11 57 79 108
13 79 108
13 20 108 13 105 15 105 13 27 105 11 57 35 29 107 105 79 105
19 52 79 108
20 51 51 20 51 20 52 57 108
79 105 11 57 105
44 15 79 19 105 79 79 79 105
106
35 107 27 79 105 35 29 107 105 27 105 105
79 105 11 57 79 105
106
79 52 19 80 58 79 105
11 57 91 108
15 94 57 91 91 19 108
41 14 105 106
41 35 29 107 79 105 105
106
35 107 86 35 107 86 91 105
13 32 86 79 19 105 79 91 105 79 105 108
13 79 105
11 63 44 79 27 105
13 35 107 86 19 105
11 53 79 27 79 105 79 27 79 105 15 79 19 105 79 105 13 19 105 79 105 13 19 105 79 19 105 79 27 35 27 107 79 27 105
13 105 80 58 94 58 94 57 27 79 105 105
79 52 80 58 79 105
106
19 77 44 15 79 79 105 11 77 51 79 79 77 105 41 79 105
44 15 79 27 105
79 52 79 105
11 57 91 108
15 94 57 91 91 19 108
41 14 105 106
41 19 80 57 35 79 107 35 107 27 105 108 13 27 105 105
106
79 52 79 105
11 57 91 108
15 94 57 91 91 19 108
41 14 105 106
41 19 80 57 35 79 107 35 107 27 105 108 13 27 105 105
106
106
13 105 105
13 105 80 58 94 58 94 57 27 79 105 105
20 79 52 80 57 107
106
105
19 105 11 44 19 16 79 108
13 105 11 19 52 105 11 105 11 122 47 60 105 11 105 11 122 47 60 105 11 46 62 105 11 46 62 79 105
13 108
11 57 79 108
19 41 35 79 105
13 29 107 79 20 105
19 77 44 15 77 52 79 108
79 108
19 105 11 44 19 16 79 108
13 79 105 11 19 52 105 11 105 11 122 47 60 105 11 105 11 122 47 60 105 11 46 62 105 11 46 62 79 105
13 108
11 57 79 108
19 41 35 79 105
13 29 107 79 20 105
79 105
15 79 108
13 108
13 27 105 11 57 79 108
13 79 105 11 57 79 108
41 35 79 105
13 29 107 79 20 105
13 108
11 57 79 108
13 108
13 109
79 108
13 108
13 27 105 11 57 79 108
13 79 105 11 57 79 108
19 52 79 108
79 105 13 109 13 108
19 19 34 108 13 79 105
13 27 27 108 13 57 108 13 79 108
13 35 27 107 105
79 108
23 19 79 52 79 108 11 44 15 79 91 105 79 35 107
105
41 80 58 35 107 86 35 107
79 105
79 108 12 105 79 105 79 5 110 19 87 79 91 105 41 87 79 91 105 79 105
79 105 27 77 108 13 108 79 105 19 79 105
13 57 79 105
13 108 13 79 35 27 107 105
79 52 105
106
19 19 79 79 108
44 15 79 19 105 79 79 79 105
35 79 107 105 11 16
79 105 27 27 108 15
27 27 108 77 44 15 79 105 108 12 35 107 35 27 93 107 105 13 35 27 107 105 13 27 105 13 105 13 86 79 79 19 36 108 13 105 79 109 13 105 79 105 41 14 105 79 57 79 105 19 86 41 79 105 13 105 20 105 27 105 27 105 79 105 79 105 79 105 42 14 79 57 19 87 79 105 19 86 41 1 44
19 19 27 27 108 77 44 15 79 57 79 105 86 35 107 86 79 19 105 79 19 105 79 19 105 79 20 105 79 19 105 79 19 105 41 14 79 57 79 105 86 41 108 13 86 87 79 79 105 41 14 79 57 19 87 79 105 86 41 44
105 11 44 19 16 79 105 13 32 105 11 105
13 32 35 79 108
13 29 107 27 27 108
13 105 27 27 108
13 105 27 27 108
13 105 79 105
13 105
20 20 20 20 51 51 52 57 35 105
13 29 107 52 27 19 105 108
79 52 19 108
13 79 105
11 63 44 79 108
15 35 29 107 27 19 105 27 79 105 27 79 105 27 79 105 27 80 105 19 105
79 52 105
13 105 27 80 105 27 79 79 105 27 79 79 105 27 79 79 105 19 105
79 105 13 32 79 108
13 105 27 105 27 105
136 52 79 108
19 106
19 94 57 91 91 108
11 53 27 105 27 105 105 27 27 108
13 105 27 79 79 105 27 79 79 105 27 79 79 105 105
13 105 27 79 79 105 27 79 79 105 27 79 79 105 105
20 44 106
19 106
19 19 106
79 105 105
13 27 105 13 86 35 19 107 86 79 105 13 105 79 105 13 105 79 105 13 105 79 105 13 19 105 79 105 13 105 79 105 13 93 105 79 105 79 35 107
106
19 79 108
57 35 79 108
13 29 107 27 105 27 105 79 105
79 52 105
41 14 105 41 108
13 79 19 105
41 108
13 79 105
41 79 52 35 105
13 29 107 27 105 13 105
13 32 79 57 108
13 105
13 32 79 105
13 105
11 63 44 15 108
13 79 79 79 79 19 19 110
108
13 79 79 105
19 19 106
19 77 44 15 77 52 79 108
20 44 106
19 19 79 52 107
13 79 79 105
41 108
13 79 105
41 108
13 79 105
41 79 52 35 29 107 27 79 105
13 105 27 79 105 105
11 57 79 77 105 107
15 77 57 79 77 77 105 19 107
41 79 52 105
13 32 79 57 108
13 105
13 32 79 105
13 105
11 63 44 41 108
20 19 106
105
13 27 105 11 57 79 108
11 58 35 79 29 107 20 105
19 77 44 15 77 52 79 108
20 44 106
20 19 79 52 107
41 79 108
13 27 105 11 57 35 79 107 105 41 79 105
79 105 79 105
79 79 108 13 105
79 105
79 105
11 57 79 77 105 107
15 77 57 79 77 77 105 19 107
41 79 52 35 29 107 27 79 105
13 105 27 79 105 105
105
41 79 52 80 57 79 105
11 57 79 105
107
20 19 19 106
105
13 27 105 11 57 79 108
11 58 35 79 29 107 20 105
79 79 108 13 105
79 105
79 105
77 44 15 79 108
91 79 105
79 108
106 91 105
44 15 35 107
79 105
79 105
79 79 108 13 105
35 29 107 27 105 105
13 27 105 11 58 27 105 105
35 29 107 27 105 105
79 108
79 108
13 105 15
79 52 35 27 107 79 105 13 105 12 78 181 105 105 13 86 79 27 27 105 13 107
19 105 13 32 19 105 35 79 108
79 35 79 19 107
19 77 44 106 15 79 105 13 32 79 32 108
19 19 106
13 29 107 79 105
79 105 79 105 35 107 86 35 79 21 93 107 21 105 79 105 79 35 107
105 35 79 27 107
79 27 108 13 105
13 32 105 11 105 27 105
13 32 91 79 105 91 105
13 32 86 91 105
13 32 86 79 105 79 105 79 105 107
35 105
79 57 79 19 105
35 79 27 107
27 19 108 13 105
13 32 105 11 57 35 79 29 107 105
35 79 29 107 27 79 79 105 27 27 105 27 79 79 105 27 79 79 105 35 107 19 79 105 11 53 35 107 27 35 79 105 12 79 105 12 2 112
105 105 105
19 105 13 32 19 105 79 108
19 19 19 106
13 32 105 11 84 105
12 85 105
12 85 105
12 85 105
12 85 105
13 86 105
13 86 105
11 84 79 105 35 107 86 79 105 13 105 79 105 13 105 79 105 13 105 79 105 13 19 105 79 105 13 105 79 105 13 93 105 79 105 79 35 107
105
13 105 13 27 105 13 58 105
15 105
13 105 13 27 105 13 32 105
13 27 105 11 87 80 58 79 105 35 79 21 93 107 21 105 79 105 79 35 107
105 35 79 27 107
79 27 108 13 105
13 32 105 11 105 27 108 13 105
19 106
35 107 27 105 27 105 79 105
105
105
13 27 105 11 57 35 107 105
19 79 52 79 108
11 57 105
13 93 108
13 93 108
13 79 93 93 19 2 113
79 91 105 93 105 15 35 79 29 107 20 105
35 79 105
13 27 107
27 108 13 105
105
79 108
11 57 35 79 105
13 29 107 57 79 105
13 105
79 108
35 107 93 105 35 79 108
13 27 107
27 27 19 108 13 105
13 32 105 79 105
19 106 86 35 107 86 91 105
20 19 77 44 15 77 52 79 79 105
11 58 35 79 29 107 20 105
19 19 77 44 15 79 79 105
11 58 35 79 29 107 20 105
19 77 44 15 79 79 105 13 32 105
11 58 35 79 29 107 20 105
19 77 44 15 79 79 105 13 32 105
11 58 35 79 29 107 20 105
19 77 44 15 77 52 79 79 105 13 32 19 105
19 79 79 108
11 57 35 79 79 29 107 27 79 27 105 13 105 27 79 27 105 13 105 27 79 27 105 13 105 27 105 79 19 105
11 58 35 79 29 107 20 105
105 13 27 105 11 57 27 105 13 19 27 108 13 19 105 13 29 52 35 29 107 27 93 27 105
13 105 27 27 105 27 79 27 109 13 32 105 8 27 79 79 105 27 105 27 79 79 105 27 79 79 105 27 105 27 27 105 19 105
19 77 44 15 79 108
20 19 44 106
11 58 35 9 79 29 107 20 9 105
35 35 107
107 105 35 79 79 29 107 22 105 27 19 105 79 79 32 20 105 79 79 105
35 27 27 79 108
13 19 108 13 107 79 105
13 27 105 11 57 35 27 79 108 13 107 105
42 14 105 35 79 29 107 22 105 27 19 105 79 32 20 105 79 105
19 77 44 15 79 105
11 58 35 79 29 107 20 105
19 77 44 15 77 52 79 79 19 108
79 79 105 11 61 15 79 79 79 105 11 108
11 58 35 79 29 107 20 105
35 79 105
13 29 107 22 105 27 19 105 35 107 27 79 108
13 105 105 79 105
19 27 105 11 57 93 105 19 35 107 79 108
11 19 51 27 79 108
11 105 79 108
13 57 27 79 108
13 105 79 20 105
80 57 35 105
13 29 107 22 105 27 19 105 20 105
105
19 19 19 106
86 105
13 27 105 11 87 80 57 105
105
13 27 105 11 84 105
13 27 105 13 32 86 105
13 27 105 11 57 105
105
35 107 86 79 35 107 105 79 105 13 105 79 105 13 105 79 105 13 105 79 105 79 35 107
19 52 79 108
106
44 106
106
79 108
11 58 35 79 29 107 20 105
19 94 57 91 91 79 108
19 94 57 91 91 79 108
19 79 105 13 58 15 77 44 41 79 32 108
13 32 105
13 79 105 105
13 105
11 53 27 105 27 105 105 27 27 108
13 105 27 105
13 32 105
13 79 105 27 105
13 32 105
13 79 105 27 105
13 105
79 105 13 32 105 11 108
62 79 108
35 35 107
79 3 105 13 32 27 108
11 53 27 105 35 105
13 29 107 27 19 105 105 105
13 19 19 19 108
13 79 3 105 13 32 27 108
13 108
13 105
11 63 44 57 105
11 62 19 105
11 53 108
13 27 105 11 57 15 35 107 35 107 19 105
15 19 109 13 35 107 105 41 14 8 105 40 14 57 105
13 35 107 105 209 41 14 105 41 14 8 105 57 109 57 105
19 79 105
13 32 79 108
13 57 35 107
108
13 27 105 11 57 93 93 105
13 105
105
35 107 93 105 79 105
13 105
13 93 108
13 108
13 27 105 11 57 79 105
13 108
35 79 105
13 93 107
93 27 105
13 32 93 27 105
86 19 87 35 107 86 105 13 93 105 11 57 93 100 79 107
105 13 57 105 13 32 79 108
105 13 108
107
107
107
57 105 107
106 93 105
106 93 105
106 93 86 15
106 93 105
106 93 105
13 27 105 11 57 16 105 13 105 11 57 105 11 41
11 110 13 32 57 27 27 20 3 36 9 20 105 12 113 13 72 113 13 9 9 105 27 9 105 105 20 3 36 105 11 57 61 9 79 9 9 79 9 20 110 13 110 9 79 9 9 79 9 20 35 9 79 9 113
13 113 13 112 9 105 13 110 13 110 13 110 9 79 9 9 79 9 20 110 13 110 9 79 9 113
11 57 20 113
15 3 121 6 105 12 148 9 79 9 9 79 9 20 20 20 110 13 110 9 79 9 9 108
11 57 35 20 3 107 105 13 105 12 105 11 20 3 52 105 105 9 79 9 9 79 9 20 110 13 110 9 79 9 9 79 9 20 35 9 79 9 113
35 9 79 9 9 107 105 13 32 20 3 105 20 3 105 20 3 105 27 9 105 27 27 9 9 105 27 35 27 112 9 79 9 113
13 110 13 110 13 9 105 57 105 105 19 19 105 11 3 53 105 13 9 79 9 9 79 9 20 9 79 9 113
13 110 13 110 13 9 9 105 27 27 9 9 105 35 105 13 9 107 9 79 9 113
13 110 13 9 105 35 107 20 19 9 79 9 113
13 110 11 3 53 9 79 9 213 3 123 6 113 12 6 130 3 113
9 79 9 9 79 9 20 9 79 9 113
11 136 20 110 13 110 19 19 9 79 9 113
13 110 11 3 53 35 9 79 9 113
13 113 13 112 9 79 9 113
13 110 13 9 79 9 113
11 63 44 110 13 32 57 27 27 20 3 36 9 20 105 12 113 13 72 113 13 9 9 105 27 9 105 105 20 3 36 105 11 20 3 3 51 105 13 19 108
109
19 19 27 105 13 105 11 57 27 105 11 101 58 27 105 13 32 86 79 105 13 86 79 58 101 79 105 13 86 79 58 101 79 19 105 13 86 79 58 101 93 57 94 58 93 109
105 13 105 13 27 105 11 57 108
77 44 106 15 79 105 13 32 79 108
19 35 79 105
13 19 112
9 105 105 9 105
13 108 13 57 19 105 105 35 110
13 29 107 27 27 9 108
13 105 22 105 35 107 27 35 9 79 105 12 9 79 105 12 27 9 108
13 108 12 27 9 108
13 108 12 35 110
13 27 9 107
27 27 9 105
13 27 105 11 57 27 9 108
13 105 13 58 107
13 105 13 57 41
110 41
13 24 22 79 110 41
8 32 8 79 57 79 79 79 105
13 27 105 105 13 105
13 35 108 13 107 105 13 105 13 35 107 105 11 57 105 11 58 105 105 11 58 105 35 107 105 11 57 105 11 58 105 105 11 58 105 105 13 105 13 35 107 35 107 105 11 19 52 108
13 108 13 107 27 105 13 105 13 107 105 11 57 105 27 9 3 108
19 79 105 13 32 77 44 15 108
13 105 105
13 35 107 27 105 13 27 105 13 105 105 13 105 105
106 105
19 19 19 79 57 79 58 15 35 27 107 27 27 105 79 105
