27 35 107 27 105 13 105 13 27 105 13 105 13 27 105 13 105 13 27 105 13 105 13 108
79 57 79 105
19 22 108 108
106 35 29 107 79 19 105
106 27 27 108
35 29 107 105
35 29 107 105
106 27 105
27 35 107 27 105 13 105 13 27 105 13 105 13 27 105 13 105 13 105 13 108
79 58 15 79 105
19 108
79 105
84 86 86 105 13 35 107 19 108 13 105 11 19 108 13 105 11 19 108 13 105 11 8 2 110
86 35 27 107 27 105 79 105 13 19 105
19 107 19 86 86 23 85 35 107 21 105 13 27 105 13 105 13 27 105 13 86 35 29 107 108
32 79 105
27 27 108
79 108
