1 7 8
1 8 9
1 9 10
1 15 16
1 24 25
1 31 32
1 35 36
1 36 37
1 37 38
1 38 39
1 39 40
1 40 41
1 46 47
1 47 48
1 48 49
1 49 50
1 50 51
1 52 53
1 54 55
1 55 56
1 60 61
1 77 65
1 65 66
1 66 67
1 67 68
1 68 69
1 69 70
1 70 71
1 71 72
1 72 73
1 73 74
1 74 75
1 75 76
2 52 53
2 46 51
2 5 17
2 5 30
2 23 13
2 23 19
2 33 32
2 33 31
2 33 32
2 33 30
2 45 34
2 45 60
2 45 42
2 45 78
2 45 59
2 45 43
2 45 76
2 45 34
2 45 77
2 45 61
2 45 78
2 45 56
2 7 10
2 7 30
2 7 6
2 18 27
2 18 28
2 62 78
2 62 77
2 62 78
2 62 76
2 62 34
2 62 43
2 62 34
2 22 20
2 22 21
2 22 30
2 64 42
2 14 19
2 63 78
2 63 34
2 63 34
2 63 76
2 63 43
2 63 77
2 63 78
3 5 2
3 5 3
3 15 16
3 23 1
3 45 54
3 18 12
3 18 29
3 18 28
3 11 26
3 11 12
3 35 41
3 14 1
3 24 25
4 44 58
4 41 58
4 57 46
5 2 4
