1 1 6
1 6 7
1 7 8
1 8 9
1 9 10
1 10 11
1 11 12
1 12 13
1 13 2
1 2 3
1 3 4
1 4 5
1 25 26
1 27 28
1 29 30
1 31 32
1 32 33
1 33 34
1 34 35
1 35 36
1 36 37
1 37 38
1 38 39
1 48 52
1 52 53
1 53 54
1 54 55
1 55 56
1 56 57
1 57 58
1 58 59
1 59 49
1 49 50
1 50 51
1 60 61
1 61 62
1 62 63
2 40 43
2 40 43
2 19 43
2 19 43
2 67 73
2 67 1
2 67 71
2 67 68
2 67 64
2 67 70
2 67 5
2 67 66
2 67 14
2 67 1
2 67 68
2 46 41
2 46 65
2 46 1
2 46 14
2 46 70
2 46 43
2 46 1
2 46 41
2 46 73
2 46 72
2 46 71
2 46 5
2 46 43
2 45 65
2 45 71
2 45 73
2 45 1
2 45 14
2 45 43
2 45 70
2 45 43
2 45 1
2 45 72
2 45 41
2 45 5
2 45 41
2 23 41
2 23 43
2 23 41
2 23 43
2 24 41
2 24 43
2 24 43
2 24 41
2 20 47
2 60 63
2 60 63
3 31 39
3 48 51
3 17 69
3 46 42
3 46 69
3 45 69
3 22 69
3 25 26
3 27 28
3 21 69
3 29 30
3 60 63
3 18 69
4 15 16
4 15 44
4 28 16
4 51 16
4 26 44
4 51 44
4 39 16
