19 19 65 8 35 107 105 13 32 27 79 105 19 105 105 105 11 20 52 27 105 13 58 27 108
107
108
107
105 13 35 35 107 107 35 107 105 13 57 105 27 105 41 14 27 108
79 93 105
18 107
107
108
107
41 14 27 108
79 93 105
41 20 52 107
13 57 35 105 13 107 86 79 105 13 19 105 79 35 93 107
108 13 35 27 107 79 105
19 106 108
108
79 105 13 109 13 105 13 108 11 209 108
79 105
108
79 108
79 108
108
79 105
35 107 79 105
13 29 105 79 19 105
35 107 79 105
13 29 105 79 105
58 19 52 27 105 13 109 13 108 11 79 105
106
106 107
108
11 87 79 35 107
105
79 19 105 79 21 105 108
13 105
11 57 108
11 58 35 107 105
13 29 105 105
79 105
13 105 13 79 105 79 105 13 105 12 105 12 110 79 105 79 105 41 14 105 41
105 13 27 105 11 57 15 27 105 11 58 27 105 11 209 105 13 105 13 105 11 19 105 13 108 13 35 27 107 105
79 58 15 79 105 79 105 41 14 41
106 108
21 19 105 106 79 93 51 79 93 51 79 93 51 79 93 52 108
9 80 58 108
11 58 105 108
19 19 19 106 93 58 100 86 87 86 105
41 27 105 13 32 27 105 13 32 108 13 58 35 27 107 27 105 93 30 93 58 100 93 57 93 105
31 27 108
105
13 27 105 13 58 27 107
15 35 107
105
13 105
13 93 52 93 30 93 57 93 105
31 27 105 11 57 87 108 12 85 58 27 107
41 27 108
41 14 31 40 27 105 13 32 58 27 107
27 105 13 108
13 105 13 108
13 57 35 107 27 105 13 105 13 27 105 13 105 13 108
35 107 105 13 105 13 35 107 105 13 32 27 105 27 105 105 108
35 107 27 79 105 27 79 105 18
107 86 105
35 107 105 13 32 19 105 105 11 20 52 27 105 13 57 108 8 41 20 51 35 107 27 105 13 105 13 105 13 108
19 35 107 27 105 13 105 13 27 105 13 105 13 108
41 27 105 11 57 105 105 41 27 105 11 57 105 41 27 105 11 57 105 41 27 105 11 57 20 105 41 27 105 11 57 105 105 105 42 27 105 11 57 27 105 13 32 58 27 108
19 93 57 93 105 11 16 105 13 35 29 107 22 105
27 105 13 32 105 13 58 19 18 105 11 44 27 41 27 41 27 41 44
22 93 58 35 107 105 13 35 27 27 108 13 107 105
105
19 19 65 57 35 107 105 13 32 19 105 105 11 20 52 27 105 13 41 8 41 14 27 108
