35 107 27 108 13 105 105
32 79 105
108
11 57 35 29 107 105
106 105
19 35 29 107 108
79 105
106 21 105
19 93 80 57 93 105
19 32 105
44 15 35 79 79 79 29 107 79 79 105
11 57 79 105
15 105
106 21 105
106 21 105
40 105 13 79 105 13 105 13 32 105
106 108
11 57 31 8 41 27 19 105 13 105 13 27 105 13 105 13 32 58 8 57 100 31 41 14 31 40 27 109 13 33 57 8 32 8 41 35 107
19 105 13 105 13 27 27 108 13 105 11 209 108 13 105 11 169 108 13 105 11 169 35 107 105 13 105 13 27 105 13 105 13 105 13 105 13 27 105 13 27 105 13 19 105 13 105 11 58 27 19 105 13 108 13 108 13 105 11 209 108 13 105 11 169 35 107 27 105 13 105 13 27 105 13 105 13 27 105 13 105 13 108 2 16 19 105 11 41 14 27 108 13 105 11 209 35 107 27 105 13 105 13 27 105 13 105 13 108 2 41 14 27 27 105 13 108 13 105 11 57 105 13 108 41 35 107 41
29 30 93 58 105 13 105 13 29 105 13 105 13 27 105 13 30 19 105 13 32 57 108 13 52 93 31 100 31 105 11 57 108
19 27 105 13 19 36 105 13 19 36 105 13 32 58 8 100 15 27 109 13 33 57 8 32 8 41 35 107
35 107 105 13 32 108
19 29 105 13 27 105 13 105 13 33 58 27 108
