1 4 5
1 5 6
1 6 7
1 8 19
1 19 20
1 20 21
1 21 22
1 22 23
1 23 24
1 24 25
1 25 26
1 26 9
1 9 10
1 10 11
1 11 12
1 12 13
1 13 14
1 14 15
1 15 16
1 16 17
1 17 18
1 28 30
1 30 31
1 31 32
1 32 33
1 33 34
1 34 35
1 35 36
1 36 37
1 37 29
1 43 44
1 44 45
1 45 46
1 46 47
1 47 48
1 48 49
1 54 55
1 55 56
1 56 57
1 57 58
1 58 59
1 60 61
1 61 62
1 63 64
1 64 65
1 65 66
1 84 85
1 86 87
1 89 100
1 100 111
1 111 122
1 122 130
1 130 131
1 131 132
1 132 133
1 133 134
1 134 90
1 90 91
1 91 92
1 92 93
1 93 94
1 94 95
1 95 96
1 96 97
1 97 98
1 98 99
1 99 101
1 101 102
1 102 103
1 103 104
1 104 105
1 105 106
1 106 107
1 107 108
1 108 109
1 109 110
1 110 112
1 112 113
1 113 114
1 114 115
1 115 116
1 116 117
1 117 118
1 118 119
1 119 120
1 120 121
1 121 123
1 123 124
1 124 125
1 125 126
1 126 127
1 127 128
1 128 129
1 135 136
2 3 82
2 3 81
2 3 82
2 3 80
2 3 40
2 3 82
2 3 39
2 3 41
2 3 40
2 3 80
2 3 41
2 8 82
2 8 39
2 8 40
2 8 41
2 8 82
2 8 41
2 8 80
2 8 40
2 8 82
2 8 81
2 8 80
2 8 82
2 8 53
2 42 82
2 42 40
2 42 41
2 42 41
2 42 39
2 42 82
2 42 82
2 42 80
2 42 80
2 42 81
2 42 40
2 42 82
2 28 80
2 28 40
2 28 40
2 28 41
2 28 82
2 28 39
2 28 81
2 28 1
2 28 82
2 28 80
2 28 82
2 28 1
2 28 41
2 28 82
2 67 70
2 50 82
2 50 82
2 50 41
2 50 41
2 50 80
2 50 82
2 50 40
2 50 80
2 50 39
2 50 82
2 50 81
2 50 40
2 68 70
2 69 40
2 69 82
2 69 82
2 69 80
2 69 82
2 69 82
2 69 39
2 69 41
2 69 40
2 69 81
2 69 80
2 69 41
2 89 129
2 83 88
2 27 53
2 54 63
2 86 87
2 52 40
2 52 81
2 52 82
2 52 82
2 52 80
2 52 41
2 52 82
2 52 80
2 52 41
2 52 82
2 52 39
2 52 40
2 72 73
2 51 80
2 51 41
2 51 82
2 51 39
2 51 40
2 51 82
2 51 41
2 51 80
2 51 40
2 51 82
2 51 81
2 51 82
3 8 18
3 60 62
3 135 136
3 28 29
3 54 66
3 54 59
3 77 79
3 77 78
3 86 87
3 84 85
3 4 5
3 43 49
3 74 76
3 75 76
4 71 38
4 5 38
4 7 38
5 7 2
