19 19 105 11 91 52 107
57 58 19 16 19 108 13 35 27 107 27 105 22 105 105
13 19 105
35 27 107 22 105 27 105 27 19 105 105
13 79 19 105
19 19 77 44 15 79 108
105 13 105 13 27 105 11 57 79 79 57 79 79 79 108
19 58 15 27 105 13 57 27 105 11 57 27 105 13 57 108
13 105
41 27 105 13 27 19 109 13 57 108
13 105
41 27 108
108
13 105
105 13 35 27 107 105
13 100 105 41
35 27 107 27 105 105
11 57 35 27 107 27 105 27 105 27 105 27 27 105 27 35 108 11 107 105 27 105 27 27 105 105
19 35 107 105 13 58 105 13 35 107 35 107 105 13 57 105 13 20 105 41 14 8 8 35 27 107 105 13 105 13 105 13 105 13 108
27 105 13 32 105 13 57 105 11 19 52 27 18 105 11 58 27 41 27 41
19 9 79 108
79 79 105 13 32 79 79 79 79 80 80 113
35 107 105 13 32 18
27 108 35 27 19 29 107 35 27 19 29 107 108
35 27 107 27 105 19 105
27 108 35 27 19 29 107 35 27 19 29 107 108
106
