106 108
79 57 79 109
105
13 105
19 27 108
105
105
105
105
105
105
105
105
105
105
105
105
105
79 79 77 19 108
13 105
40 105 13 79 105 13 105 13 32 105
105
105
105
105
105
105
105
105
35 107 27 105 27 79 80 105 108
22 105 105
105
79 105 15
79 105 15
105
35 107 8 2 105 13 32 19 108
105 11 105 13 20 53 54 105 13 35 105 13 107 108
11 57 105 13 57 105 11 16 19 41
79 108 13 108
105
35 107 105 13 105 13 18
35 79 107 105 13 32 79 79 19 108
19 20 19 107 35 107 86 86 86 87 86 86 105
35 27 107 108 13 105 105
13 105
19 35 107 27 105 13 105 13 105 13 108
79 32 35 105 13 107 79 105
35 107 105 13 32 19 108
105 35 105 13 107 108
35 107 105 13 27 105 11 58 106
13 58 19 16 105 13 108
105
105
13 105
13 108
13 108
13 105
13 108
13 108
13 105
13 108
13 108
13 105
13 108
13 108
13 105
13 108
13 108
13 105
13 108
13 108
13 19 36 105 13 100 108
13 108
13 19 36 105 13 100 108
13 108
13 19 36 19 29 72 105 13 100 108
13 108
13 19 36 19 29 72 19 29 72 105 13 100 108
13 108
13 19 36 19 29 72 105 13 100 108
13 108
13 19 36 19 29 72 105 13 100 105 13 105 35 27 27 105 13 107 105 15 14 35 107
105
105
105
105
105
106 79 108
106 79 105
79 105
106 79 108
106 79 105
13 32 105 13 108
105
105
105
105
79 108
13 105 13 32 79 57 79 109
105
105
105
105
42 19 41 9 79 105 11 57 35 9 79 105 13 32 107 105 11 57 105 11 58 105 9 107
13 105 57 105 19 16 14 105 57 105 19 41 14 57 105 40 14 41
13 57 105 11 57 105 11 57 19 79 30 79 105 13 109 11 58 79 105 31 19 105
35 107 21 105 13 105 79 57 27 105 79 105 27 105 108 13 105 13 105 27 105 93 105 27 105 35 27 27 108 13 107 27 105 13 105 57 27 105 105
109
11 58 93 27 105 13 57 105 11 57 105
79 105 11 56 93 93 19 105 13 109 13 79 105 13 109 13 109 11 58 109 2 42 109 13 32 109 13 32 109 13 32 109 41 14 105 105
108 13 27 105 11 58 19 16 105 11 57 58 19 41 105 27 35 27 107 105 13 105 13 105 13 108
19 19 105 11 57 58 16 105 27 35 27 107 105 13 105 13 105 13 108
35 35 108 13 112 27 110 13 110 13 9 107 35 35 9 107 9 107 20 3 36 20 9 105 11 20 3 52 105 20 3 3 56 105 110 20 42 35 107 42 58 209 20 3 3 55 20 3 105 41 14 105 110 40 20 41 105 110 105 110 20 42
21 20 19 19 19 77 44 16 79 32 105 11 27 79 79 105 11 58 79 108
19 19 22 105 11 105 11 192 108 11 105 11 105 11 192 108 11 46 62 16 105 11 105 11 192 46 62 27 27 108
79 108
79 105 79 27 105 11 57 79 79 105 13 109 13 105
79 105 11 53 15 79 79 105 13 32 79 79 108
19 79 108
19 21 20 19 19 79 93 105
11 58 79 105
13 58 105 11 21 51 15 105 11 44 41 77 105 11 52 79 105 11 58 79 20 105 41 105
11 57 107
41 107
41 79 27 105 11 58 35 27 107 27 79 105 27 105 21 105
13 108
19 93 27 105 11 57 21 105
21 19 19 79 20 105 77 44 15 107
19 19 79 20 105 77 44 16 79 93 105
109 11 44 19 16 105
41 107
35 29 107 27 79 105 19 105
106 35 35 107
11 58 19 16 35 29 107 105
11 58 15 35 29 107 105
19 19 19 19 106 21 105
106 79 58 105
19 79 58 105
19 19 105 13 27 108
27 105 11 57 105 13 57 105 13 57 105 13 105 11 57 27 35 27 107 105 13 27 105 13 105 13 105 13 27 105 13 105 13 105 13 108
79 58 108
13 86 79 105
15 8 41 27 105 11 57 35 29 107 22 105 13 105
79 79 108
19 19 19 106 21 105
106 35 35 107
35 29 107 105
105 27 105 27 79 105 105
35 107 58 27 79 108
19 27 105
13 32 57 105 13 105 105 11 44 15 79 105 57 105
13 105 13 77 19 51 79 105 41 79 105 13 109 13 86 79 105 11 62 35 29 107 27 105 27 79 105 27 79 105 27 79 105 105
19 106 105
105 13 19 84 27 105 11 57 79 8 32 105
19 79 105 11 54 19 79 27 108
106 105
19 19 105 13 27 105 11 57 107
79 58 105
21 19 77 44 16 79 57 79 79 32 105
79 79 105
79 108
19 108
105 13 32 105 11 79 105
35 29 107 27 93 105 13 105 105
13 27 109 79 105 15 14 31 40 35 27 35 27 107 105 13 105 13 108 13 107 105
19 19 19 106 21 105
