1 10 11
1 11 12
1 13 14
1 14 15
1 15 16
1 17 28
1 28 39
1 39 40
1 40 41
1 41 42
1 42 43
1 43 44
1 44 45
1 45 18
1 18 19
1 19 20
1 20 21
1 21 22
1 22 23
1 23 24
1 24 25
1 25 26
1 26 27
1 27 29
1 29 30
1 30 31
1 31 32
1 32 33
1 33 34
1 34 35
1 35 36
1 36 37
1 37 38
2 17 6
2 17 7
2 17 38
2 9 11
2 9 11
2 9 11
2 9 10
2 9 10
2 9 10
2 9 11
2 9 10
2 2 10
2 2 10
2 2 10
2 2 11
2 2 10
2 2 11
2 2 11
2 2 11
2 1 11
2 1 10
2 1 11
2 1 10
2 1 10
2 1 11
2 1 10
2 1 11
2 5 6
2 5 7
2 5 11
3 17 38
3 9 12
3 2 12
3 1 12
3 5 12
3 8 12
3 3 12
3 4 12
3 13 16
