19 79 79 27 105
19 19 79 79 27 105
19 105 11 19 52 79 79 27 105
19 19 105 11 19 52 79 79 27 105
22 21 19 22 19 93 105 11 57 91 209 98 91 19 52 93 105 11 57 98 108 13 100 91 46 58 91 46 58 91 98 91 98 94 57 101 35 107 27 105 13 93 105 13 27 105 13 93 105 13 27 105 13 91 108 13 105 13 27 105 13 91 108 13 105 13 27 105 13 91 108 13 105 13 27 105 13 91 108 13 105 13 27 105 13 91 108 13 105 13 27 105 13 91 108 13 105 13 27 105 13 91 108 13 105 13 27 105 13 91 108 13 105 13 27 105 13 94 108 13 105 13 27 105 13 94 108 13 105 13 27 105 13 94 108 13 105 13 27 105 13 94 108 13 105 13 27 105 13 91 108 11 108 13 105 13 27 105 13 91 108 11 108 13 105 13 27 105 13 91 108 13 105 13 27 105 13 91 108 13 105 13 105 13 100 93 105 13 93 105
86 107 19 86 79 79 79 105 13 86 15 14 105 41
19 79 57 79 105 13 105 13 105 13 79 35 107
21 21 19 19 19 79 27 105 11 57 98 108 13 100 79 27 105 13 65 108 13 105 11 20 55 79 79 79 22 105 79 79 79 35 107 27 105 13 65 105 13 27 105 13 105 13 105 94 57 101 93 27 109 93 109 79 27 105 11 57 101 79 27 105 11 57 101 79 27 105 11 57 91 91 52 79 27 105 11 57 22 98 79 27 105 11 57 22 98 79 27 105 11 57 22 98 91 91 122 194 127 52 79 27 105 11 57 22 98 79 27 105 11 57 22 98 79 27 105 11 57 22 98 91 91 122 22 194 127 52 79 27 105 11 57 21 98 79 27 105 11 57 21 98 79 27 105 11 57 22 98 79 27 105 13 65 108 13 105 11 98 19 65 108 13 105 11 98 91 46 58 91 98 91 98 93 108 13 105 11 98 91 98 91 98 91 22 193 108 11 122 22 194 98 91 98 91 22 194 98 91 91 46 58 91 91 122 46 58 91 98 91 91 46 58 91 91 122 46 58 91 98 91 91 91 171 122 193 91 193 91 91 193 194 98 91 91 91 171 122 193 91 193 91 91 193 194 98 91 108 13 100 91 91 191 98 91 91 191 98 91 122 91 194 108 11 108 13 105 11 98 79 27 105 11 57 93 57 93 105 19 100 98 35 19 20 107 100 93 20 20 105 98 98 98 98 98 98 98 98 27 100 98 19 93 34 54 93 70 209 41 79 79 79 21 105 42 91 122 21 194 91 193 22 194 98 42 91 122 21 194 91 193 98 42 104 19 93 34 54 93 70 209 41 104 104 98 104 104 19 93 34 54 93 76 209 41 101 101 101 101 101 101 101 98 98 98 98 98 98 22 98 98 98 98 79 79 79 79 105
19 19 19 79 79 27 105 13 19 105 11 54 105 13 105 13 27 105 11 58 105 13 105 13 27 105 11 57 79 79 105 11 57 79 79 105 79 108 13 86 79 27 105
20 19 19 19 19 27 105 11 57 93 57 93 105 100 98 94 57 35 107 100 93 20 20 105 15 27 105 11 57 93 57 93 105 100 98 94 57 35 107 100 93 20 20 105 41 27 105 11 57 93 57 100 108 13 105
13 108 13 100 93 57 93 105 98 35 27 107 27 27 105 27 105
13 105 27 19 105 79 105
19 19 77 52 52 27 21 105
13 19 108 13 86 105
58 21 108 13 105 105
15 27 35 107 27 105 13 105 13 105 13 108 77 52 52 27 105 13 27 35 107 27 105 13 105 13 32 105 13 105 13 105 13 108 106
19 19 19 19 19 105
86 35 107
86 35 107
86 35 107
86 35 107
86 35 107
86 35 107
86 108 13 100 93 109 13 100 93 93 27 27 109 13 72 93 93 27 27 109 13 72 93 93 27 27 109 13 72 93 93 27 27 109 13 72 93 93 27 27 109 13 72 93 19 93 27 27 109 13 72 93 19 93 27 27 109 13 72 93 19 93 27 27 109 13 72 93 20 93 27 27 109 13 72 93 20 93 27 27 109 13 72 35 107
86 93 93 27 27 109 13 72 93 93 27 27 109 13 72 93 93 27 27 109 13 72 93 93 27 27 109 13 72 93 93 27 27 109 13 72 93 19 93 27 27 109 13 72 93 19 93 27 27 109 13 72 93 19 93 27 27 109 13 72 93 20 93 27 27 109 13 72 93 20 93 27 27 109 13 72 35 107
86 35 107
86 35 107
13 20 105 106 105
86 35 107
86 35 107
86 35 107
86 35 107
86 35 107
86 35 107
86 93 27 20 109 11 98 91 98 93 27 20 109 11 98 93 27 109 11 101 105
13 105 13 86 79 21 79 105 79 79 105 79 105 101 105
13 27 105 11 58 21 108 13 105 105
27 108 13 86 79 105 13 86 108 13 86 79 57 79 105 11 58 35 27 107 77 105
105
13 20 20 105 21 105
21 19 108 13 32 86 79 105
79 21 105 13 32 86 79 21 105 13 32 86 79 35 107 27 105 13 21 105
13 105 13 105 13 105 79 21 105 13 32 86 79 21 105 13 32 86 79 21 105 13 32 86 93 27 105 11 57 79 21 105 35 107
86 35 107
86 35 107
