1 5 6
1 6 7
1 7 8
1 8 9
1 9 10
1 10 11
1 22 23
1 23 24
1 24 25
1 25 26
1 26 27
1 32 33
1 38 39
1 42 43
1 44 45
1 45 46
1 46 47
1 47 48
1 48 49
1 49 50
1 50 51
1 51 52
1 58 59
1 59 60
1 60 61
1 61 62
1 62 63
1 63 64
1 64 65
1 72 73
1 76 77
1 79 81
1 81 82
1 82 83
1 83 84
1 84 85
1 85 86
1 86 87
1 89 90
1 92 93
1 93 94
1 94 95
1 95 96
1 96 97
1 97 98
1 98 99
1 100 101
1 101 102
1 102 103
1 103 104
1 104 105
1 105 106
1 106 107
1 108 109
1 109 110
1 110 111
1 111 112
2 4 53
2 4 21
2 18 57
2 18 21
2 18 53
2 32 57
2 32 21
2 32 53
2 66 56
2 66 56
2 66 55
2 66 55
2 16 57
2 16 21
2 16 53
2 41 57
2 41 21
2 41 53
2 58 55
2 58 55
2 58 56
2 58 56
2 58 61
2 67 53
2 44 68
2 44 56
2 44 52
2 44 56
2 44 49
2 40 57
2 40 21
2 40 53
2 72 73
2 71 69
2 71 70
2 71 70
2 71 70
2 5 53
2 5 57
2 5 21
2 20 29
3 4 3
3 4 1
3 18 17
3 32 22
3 32 33
3 66 54
3 16 15
3 16 13
3 41 28
3 42 43
3 76 77
3 89 90
3 58 54
3 58 65
3 92 99
3 108 112
3 35 34
3 40 14
3 40 12
3 100 107
3 31 30
3 36 37
3 79 87
3 5 2
3 5 11
3 38 39
3 91 88
3 78 74
4 14 58
4 30 19
4 2 58
4 13 58
4 1 58
4 30 16
4 28 58
4 17 58
4 27 4
4 30 4
4 30 18
5 80 75
