11 57 94 58 35 29 107 27 79 105 105
13 105 35 29 107 27 79 105 105
35 29 107 105
20 19 19 106 22 105
19 19 109 11 21 52 94 58 91 20 53 27 105
11 57 27 105
11 57 21 105
13 108 13 105 16 36 27 72 105
41 107
41 107
41 94 58 101 41 35 29 107 105
35 29 107 105
11 57 94 58 35 29 107 27 79 105 105
13 105 35 29 107 27 79 105 105
35 29 107 105
19 19 106 21 105
11 57 94 58 35 29 107 27 79 105 105
19 19 106 27 108
106 94 57 35 29 107 105
79 105 11 58 79 108
11 58 2 57 2 16 2 41 27 105 13 32 91 20 54 105 13 57 105 11 51 105 11 20 52 2 41 105 13 105 13 57 105 11 58 19 105 11 57 2 41 27 105 13 32 105 13 27 19 36 105 13 19 105 19 36 105 13 32 105 11 57 2 41 14 2 41 27 108 13 108
94 57 94 58 35 29 107 105
35 107 35 105 13 108 13 107 27 105 13 105 13 105 105
15 27 108
13 108
11 57 108
41 35 29 107 22 105 105
35 29 107 27 105 91 20 54 105
105 13 105 13 57 34 19 53 15 65 105 11 57 105 13 27 105 11 57 105 209 41
27 105 13 32 105 11 19 52 35 29 107 22 105 22 105 27 105 105
79 108
105 13 27 105 11 57 108
106
19 105 13 32 80 57 35 79 29 107 105 13 105 13 108 11 27 108 13 105 13 105 27 105 27 105 27 105 27 91 105 27 91 105 79 20 105
79 108
19 105
11 57 35 107 35 79 105 13 108 13 107 27 105 13 105 13 105 79 105
19 79 35 27 35 27 107 79 105
13 105 13 105 13 108 13 107 105
94 58 79 108
27 108
19 27 105 13 105 11 57 27 19 105 11 108
13 27 105 11 58 15 51 58 94 57 94 58 35 29 107 105
79 108
13 58 27 27 108 94 57 79 108
15 79 108
13 57 79 108
13 105 11 58 79 108
13 105 41 79 108
13 57 79 108
13 105 11 57 79 108
13 105 35 107 35 107
13 58 19 174 57 35 9 107 105 13 20 105 20 105 105 13 58 27 35 27 107 9 105 13 27 105 13 105 13 108 27 35 113 13 107 27 105 13 105 13 58 19 2 57 19 174 57 27 27 105 11 57 19 27 58 57 9 9 107
13 32 35 107 108
13 32 79 58 19 27 105 13 86 79 19 105 79 105 11 58 79 105 15 14 27 27 108 41 79 57 79 105 11 57 79 105 41
13 32 19 105 13 86 79 105 11 58 79 105 15 27 8 41 14 27 27 108 41 79 57 79 105 11 57 79 105 41
13 32 91 20 53 79 105 13 105 94 57 79 105
20 20 19 19 19 106 91 53 35 27 27 107 105 105 105 19 19 105 105 27 105
13 32 105 35 107 35 105
13 108 13 107 27 105 13 105 13 105 35 107
86 27 105 13 32 91 20 54 105 13 57 105 11 52 2 57 107
107
107
79 105
35 29 107 22 105 108
19 27 27 108 108
27 108
13 105 27 27 108 15
13 18 105 11 108 13 35 107 105 13 20 105 105 13 58 27 8 93 27 108
13 35 107 105 13 20 105 57 27 105 11 57 27 27 105 105 105 13 105 13 58 27 8 57 57 27 105 11 57 24 108
19 79 105 13 79 105
79 105
13 79 79 57 35 79 79 79 77 107 105 19 87 79 105
13 105
19 106
19 19 106 105
13 105
19 19 79 109 13 32 27 105 11 57 35 108 13 107 27 105 13 105 13 35 107 107
19 19 109 11 44 106 11 16 105
41 35 27 107 27 105 20 105
41 79 79 105 79 105 13 105 107
79 27 105 79 105 41 108 13 105 13 80 57 35 107 86 107
107
41 107
41 79 57 105
13 27 79 105 13 105 19 105
13 105
13 105
21 20 19 19 106 105
13 105
19 19 79 109 13 32 27 105 11 57 35 108 13 107 27 105 13 105 13 35 107 107
79 108
13 105 13 109 11 62 79 105
13 27 35 79 108
13 108 13 107 27 105 13 79 108
13 105 13 105 13 105 13 105 79 105
13 27 79 108
11 105 79 19 79 105
13 105
79 108
13 105 13 109 11 62 79 105
13 27 35 79 108
13 108 13 107 27 105 13 79 108
13 105 13 105 13 105 13 105 79 105
13 27 79 108
11 105 79 19 79 105
13 105
79 108
13 57 79 105
13 27 79 108
13 105 13 105 79 19 79 105
13 105
