1 6 7
1 7 8
1 8 9
1 9 10
1 10 11
1 11 12
1 12 13
1 13 14
1 17 18
1 18 19
1 19 20
1 20 21
1 27 37
1 37 38
1 38 39
1 39 40
1 40 41
1 41 42
1 42 43
1 43 44
1 44 28
1 28 29
1 29 30
1 30 31
1 31 32
1 32 33
1 33 34
1 34 35
1 35 36
1 61 62
1 62 63
1 63 64
2 4 23
2 4 16
2 50 59
2 51 59
2 51 60
2 58 59
2 24 2
2 24 23
2 24 1
2 22 23
2 22 1
2 22 2
2 27 28
2 27 36
2 6 1
2 6 23
2 6 2
3 46 25
3 48 57
3 47 3
3 56 3
3 5 25
3 17 21
3 45 15
3 61 64
3 55 52
3 55 53
3 55 54
3 22 25
3 49 3
3 49 25
3 6 25
3 6 26
3 6 14
