19 79 57 15 35 107 79 109 105 13 105 13 109 13 2 109 11 57 109 13 32 79 105 13 105 11 57 77 84 79 27 105 11 57 77 84 79 27 105 11 57 105 11 62 27 105 79 20 105 11 79 209 105 13 105 79 79 109 209 2 41 105 13 86 84 35 27 107 105 11 121 105 11 121 150 23 183 124 84 42 14 42
105
86 79 35 27 107 79 19 105
108
106 108
23 19 105
13 27 105 11 57 27 105 11 27 105 11 108
13 105
13 105
13 108
15 14 105 41 27 105 11 57 27 105 13 27 105 13 108
27 105 13 105 11 57 105
13 108
11 27 105 13 32 35 29 107 27 105 108
11 105 57 105
13 86 79 105 35 79 107 86 79 79 108
27 105 11 58 79 108
13 105 11 58 79 108
13 57 79 108
13 105 11 57 19 16 35 27 107 108 13 105 79 108
13 105
19 108
13 27 105 13 32 105 13 58 19 105
23 79 79 105
35 29 107 27 105 105
13 105 27 105 105
19 19 79 109 13 27 109 108
13 105
13 109
13 79 108
13 19 105 13 109
105 108
79 108
13 105 13 8 108
13 105
79 105 13 19 105 13 109 13 109 11 58 105
13 105
79 108
13 109 11 108
13 105
13 27 27 109
13 108 11 56 2 19 79 108
13 105 13 57 35 35 79 108 13 107 27 105 13 105 13 107
108
79 19 87 79 79 79 80 57 93 79 79 108
106 108
106
106
106 108
106
105 11 58 105
35 79 65 79 107
79 79 65 79 105
13 105
79 108
106
35 79 29 107 79 20 105
27 27 108 79 108
19 35 107 35 27 19 107 27 105 105 13 105
13 32 23 105 15
79 105
35 79 105
13 29 107 22 105 79 105
13 105
