1 5 6
1 6 7
1 14 15
1 15 16
1 16 17
1 17 18
1 18 19
1 19 20
1 21 22
1 34 35
1 37 38
1 45 56
1 56 67
1 67 69
1 69 70
1 70 71
1 71 72
1 72 73
1 73 74
1 74 46
1 46 47
1 47 48
1 48 49
1 49 50
1 50 51
1 51 52
1 52 53
1 53 54
1 54 55
1 55 57
1 57 58
1 58 59
1 59 60
1 60 61
1 61 62
1 62 63
1 63 64
1 64 65
1 65 66
1 66 68
1 75 86
1 86 97
1 97 99
1 99 100
1 100 101
1 101 102
1 102 103
1 103 104
1 104 76
1 76 77
1 77 78
1 78 79
1 79 80
1 80 81
1 81 82
1 82 83
1 83 84
1 84 85
1 85 87
1 87 88
1 88 89
1 89 90
1 90 91
1 91 92
1 92 93
1 93 94
1 94 95
1 95 96
1 96 98
1 109 110
1 119 120
1 120 121
1 121 122
1 122 123
1 124 125
1 126 127
1 128 129
1 129 130
1 130 131
1 131 132
1 132 133
1 134 145
1 145 156
1 156 167
1 167 172
1 172 173
1 173 174
1 174 175
1 175 176
1 176 135
1 135 136
1 136 137
1 137 138
1 138 139
1 139 140
1 140 141
1 141 142
1 142 143
1 143 144
1 144 146
1 146 147
1 147 148
1 148 149
1 149 150
1 150 151
1 151 152
1 152 153
1 153 154
1 154 155
1 155 157
1 157 158
1 158 159
1 159 160
1 160 161
1 161 162
1 162 163
1 163 164
1 164 165
1 165 166
1 166 168
1 168 169
1 169 170
1 170 171
1 177 178
1 178 179
1 179 180
1 180 181
1 181 182
1 182 183
1 185 186
1 186 187
1 187 188
1 188 189
1 189 190
1 190 191
1 191 192
1 195 200
1 200 201
1 201 202
1 202 203
1 203 204
1 204 205
1 205 206
1 206 207
1 207 196
1 196 197
1 197 198
1 198 199
1 208 209
1 210 211
2 36 35
2 36 34
2 39 37
2 39 38
2 14 20
2 14 108
2 14 108
2 45 68
2 45 106
2 33 30
2 33 31
2 33 32
2 29 26
2 29 28
2 29 27
2 1 4
2 1 3
2 1 2
2 115 115
2 115 115
2 118 118
2 118 118
2 13 3
2 13 10
2 13 4
2 13 2
2 13 11
2 13 9
2 119 3
2 194 108
2 194 9
2 194 108
2 194 11
2 194 10
2 126 4
2 126 2
2 126 3
2 128 133
2 113 35
2 113 34
2 116 37
2 116 38
2 134 171
2 134 4
2 134 171
2 134 2
2 134 3
2 117 117
2 117 117
2 195 4
2 195 3
2 195 2
2 193 10
2 193 4
2 193 11
2 193 3
2 193 9
2 193 2
2 184 4
2 184 2
2 184 9
2 184 10
2 184 3
2 184 11
2 107 9
2 107 10
2 107 4
2 107 3
2 107 11
2 107 2
2 114 114
2 114 114
2 112 111
3 45 106
3 5 7
3 13 24
3 119 123
3 126 127
3 134 156
3 185 192
3 210 211
3 177 183
3 195 199
3 193 24
3 184 24
3 208 209
3 107 24
3 75 105
3 75 80
3 124 125
3 21 22
3 109 110
4 80 42
4 1 8
4 199 8
4 199 43
4 80 41
4 80 40
4 22 45
4 23 14
4 25 8
5 22 12
5 98 44
