1 22 23
1 24 25
1 31 32
1 32 33
1 33 34
1 34 35
1 35 36
1 36 37
1 37 38
1 48 49
1 49 50
1 52 53
1 53 54
1 54 55
1 55 56
1 57 58
1 58 59
1 59 60
1 60 61
1 62 63
1 64 65
1 66 67
2 39 9
2 39 12
2 39 7
2 39 6
2 39 11
2 39 13
2 39 8
2 28 9
2 28 10
2 28 12
2 28 6
2 28 8
2 28 13
2 28 7
2 28 11
2 14 13
2 14 11
2 14 10
2 14 9
2 14 12
2 45 43
2 20 69
2 20 62
2 19 9
2 19 6
2 19 10
2 19 8
2 19 13
2 19 12
2 19 11
2 5 9
2 5 10
2 5 11
2 5 12
2 18 10
2 18 11
2 18 9
2 18 12
2 17 9
2 17 10
2 17 11
2 17 12
2 2 1
3 39 29
3 39 30
3 42 41
3 48 50
3 22 23
3 24 25
3 66 67
3 57 61
3 45 44
3 4 3
3 27 26
3 64 65
3 31 30
3 31 38
3 16 15
3 52 56
4 51 28
4 50 46
4 38 40
4 38 21
4 56 42
4 68 28
4 29 42
4 47 28
4 38 28
4 63 28
