93 105 13 32 58 105 13 105 13 93 105 105 13 32 57 105 13 105 13 105 86 18 14 35 35 107 27 105 13 105 13 27 105 13 27 105 13 105 13 107
19 19 19 19 27 105 11 58 106 13 18 27 109 13 93 105 13 58 105 13 105 11 19 105 13 105 57 105 11 52 52 58 35 35 107 109 13 105 13 27 105 13 105 13 105 13 107 40 51 79 105
13 105
79 105
35 79 79 107
27 105 13 32 105 13 57 105 11 57 105 11 98 105 13 100 105 11 98 105 13 100 15 14 41
80 57 15 35 27 107 27 105 79 79 105
19 27 105 11 57 16 27 105 13 32 105 13 57 105 11 57 2 2 41 19 41
105 19 87 105 11 57 57 105
35 107 105 13 32 18
105 13 18
105 13 18
13 100 41 14 35 105 13 107 105 13 105 13 100 105 41
32 105
13 35 107 107
79 105
105
105
105
79 108
106 91 105
79 57 79 109 13 32 35 27 105
13 108 13 107 105
79 57 79 109 13 32 79 35 27 105
13 108 13 107 105
13 105 11 58 15 35 107 2 105 11 53 105 11 56 2 35 57 27 107 57 27 105 27 105 22 105 27 108
19 19 105 11 44 15 105
19 19 106 22 105
35 107 29 105 105
35 107 29 105 105
105 11 44 15 35 107
21 105
13 19 105
13 21 35 107
105
13 105
13 105 41 107
41 35 29 107 105
106 21 105
106 21 105
13 105 79 86 35 29 107 108
93 86 79 57 79 105 11 62 79 27 105 11 58 79 35 108 13 107 27 105 13 105 13 86 79 35 108 13 107 27 105 13 105 13 86 35 79 107 105 11 58 105 35 107
35 107 35 107 105 35 107 35 107 20 36 105 11 61 105 105 58 15 105 41 19 105 105 11 41
35 27 107 35 79 107 57 105 11 57 105 11 57 27 105 108 13 27 105 22 105 27 108
19 19 19 105
106 21 105
80 58 19 52 35 29 107 105
79 108
11 58 79 79 105
13 32 35 79 29 107 22 105 27 105 79 105
35 79 29 107 79 105
19 79 108
11 79 57 19 108
79 108
13 58 21 105 58 79 108
13 79 105
35 27 107 27 105 79 105
13 21 105 13 35 27 107 79 105
13 105 13 105 13 27 79 105
13 21 19 36 19 72 19 72 105 13 105 79 79 105
13 21 105 13 108
79 79 57 79 79 105 11 62 35 79 79 107 57 105 11 57 105 79 108
11 58 35 79 29 107 79 105
79 35 27 35 27 107 79 105
13 105 13 105 13 108 13 107 105
79 35 27 35 27 107 79 105
13 105 13 105 13 108 13 107 105
11 58 35 79 29 107 79 105
15 79 109 13 32 79 32 105 11 57 79 109 35 79 32 107 105 11 57 105 209 2 41
