1 3 14
1 14 25
1 25 36
1 36 37
1 37 38
1 38 39
1 39 40
1 40 41
1 41 4
1 4 5
1 5 6
1 6 7
1 7 8
1 8 9
1 9 10
1 10 11
1 11 12
1 12 13
1 13 15
1 15 16
1 16 17
1 17 18
1 18 19
1 19 20
1 20 21
1 21 22
1 22 23
1 23 24
1 24 26
1 26 27
1 27 28
1 28 29
1 29 30
1 30 31
1 31 32
1 32 33
1 33 34
1 34 35
1 45 51
1 51 52
1 52 53
1 53 54
1 54 55
1 55 56
1 56 57
1 57 58
1 58 46
1 46 47
1 47 48
1 48 49
1 49 50
1 60 61
1 61 62
1 62 63
1 63 64
1 64 65
1 65 66
1 66 67
1 67 68
1 69 70
1 70 71
1 71 72
1 78 79
1 81 89
1 89 90
1 90 91
1 91 92
1 92 93
1 93 94
1 94 95
1 95 96
1 96 82
1 82 83
1 83 84
1 84 85
1 85 86
1 86 87
1 87 88
1 99 100
1 100 101
1 101 102
1 102 103
1 106 107
1 107 108
1 108 109
1 109 110
1 110 111
1 111 112
1 112 113
1 113 114
1 115 116
1 116 117
1 117 118
1 118 119
1 119 120
1 120 121
1 121 122
1 122 123
1 124 125
1 125 126
1 126 127
1 132 133
1 133 134
1 134 135
1 135 136
1 136 137
1 141 144
1 144 145
1 145 146
1 146 147
1 147 148
1 148 149
1 149 150
1 150 151
1 151 142
1 142 143
1 154 155
1 155 156
1 156 157
1 157 158
1 158 159
1 159 160
1 160 161
1 161 162
1 164 165
1 165 166
1 166 167
1 167 168
1 168 169
1 170 171
1 171 172
1 172 173
1 173 174
1 174 175
1 179 180
1 180 181
1 181 182
1 182 183
1 183 184
1 184 185
1 185 186
1 187 188
1 189 192
1 192 193
1 193 194
1 194 195
1 195 196
1 196 197
1 197 198
1 198 199
1 199 190
1 190 191
1 208 209
1 209 210
1 210 211
1 216 217
1 217 218
1 218 219
1 219 220
1 220 221
1 221 222
2 131 74
2 202 74
2 202 75
2 2 75
2 2 74
2 130 74
2 130 75
2 138 74
2 138 75
2 204 74
2 204 75
2 203 75
2 203 74
2 128 74
2 128 75
2 44 75
2 44 74
2 153 140
2 73 75
2 73 74
2 98 74
2 98 75
2 76 75
2 76 74
2 69 74
2 69 75
2 207 201
2 177 74
2 177 75
2 105 75
2 105 74
2 214 75
2 214 74
2 205 74
2 205 75
2 152 75
2 152 74
2 59 74
2 59 75
2 206 75
2 206 74
2 215 213
2 97 74
2 97 75
3 3 35
3 132 137
3 78 79
3 2 1
3 44 43
3 104 1
3 124 127
3 153 139
3 178 176
3 69 72
3 99 103
3 207 200
3 60 68
3 115 123
3 189 191
3 177 176
3 141 143
3 208 211
3 164 169
3 154 162
3 106 114
3 187 188
3 170 175
3 216 222
3 152 139
3 179 186
3 81 88
3 215 212
3 45 50
4 1 77
4 50 44
4 79 44
4 80 163
4 88 44
4 35 2
4 43 3
4 43 42
4 1 129
