13 105 93 105 93 105 93 105 35 29 107 105 105 105
19 19 19 106 21 105
21 21 19 19 106 21 105
13 109 13 109 105
13 108
35 107
105
105
13 100 105
13 105
13 105 13 21 105 13 105 11 36 2 105 11 54 105 13 72 209 41 105 105
13 105 13 21 105 13 105 11 36 2 54 105 13 72 105 11 105
13 105 13 27 105 13 65 72 209 41 105 11 58 105 11 105 11 51 34 2 2 54 65 35 107
100 105
108
13 86 65 86 84 105
11 58 105
209 209 41 105
41 105
21 105
13 108
21 105
13 32 21 105
13 32 100 21 105
13 100 105
13 32 21 105
13 32 93 35 107
105 79 105 93 27 109 11 93 105 11 53 93 108
13 105 35 107 105 13 105 13 27 105 13 105 13 105 108
21 105
13 32 35 107
105 35 107
105 93 79 105 11 21 51 93 21 105
13 109 11 57 35 105
13 29 107 22 105 22 105 27 105 93 100 105
13 21 105
13 105 13 100 93 109 13 27 109 13 109 93 105
13 109 11 58 27 93 105
13 27 109 13 105 11 57 93 109 13 105
13 109 13 109 93 109 13 105
13 108
106 21 105
13 29 107 105
19 106 105
35 79 79 105
11 57 105 79 79 105
13 108
79 79 105
13 105 13 79 79 105
13 105 13 105 13 22 105 22 105 79 79 105
13 107
105
105
13 35 108
13 107 79 79 105
13 21 105 13 105 19 105 19 105 105 105 13 109 11 57 109 13 32 79 79 105
13 105 11 121 108
41 105
79 108
19 77 52 79 105 93 79 79 108
13 108
13 105 11 57 35 79 105
13 107
105
105
13 100 105
93 100 35 79 105
13 29 107 22 105 22 105 27 105 79 105
77 19 52 93 79 105 11 21 51 79 108
13 79 21 105
13 105 35 79 105
13 29 107 79 105
77 19 52 79 108
19 19 27 105 13 32 105 13 57 105 11 57 2 57 105 11 52 2 57 27 100 16 2 41 2 41 27 100 41
11 57 109
77 19 52 79 108
21 19 106 21 105
106 93 105 13 105
13 105 13 105 13 22 105 105
79 35 79 29 107 105
19 35 108
11 57 108
13 108
79 21 105
13 108
100 100 100 100 100 108
13 105 13 79 105
13 105 13 105 13 22 105 79 105
13 107
105
105
13 35 108
13 107 108
13 21 105 13 105 19 105 19 105 105 105 13 109 11 57 109 13 32 108
13 105 11 121 108
41 105
77 19 52 79 108
77 19 52 79 108
77 19 52 108
13 105 108
13 109 13 79 21 105
13 19 109 13 109 35 79 105
13 29 107 22 105 22 105 79 105
79 105 13 108 13 108
79 108
19 19 93 79 21 105
13 105 13 108
108
13 109 13 27 109 13 109 108
13 109 13 79 21 105
13 109 13 109 35 107 27 105 27 105 27 36 79 21 105
13 72 105 27 79 21 105
13 105 27 35 107 27 105 13 93 105 13 27 105 13 93 105 13 27 105 13 93 105 13 105 13 105 93 105 13 105 13 57 79 79 21 105
13 108
19 19 93 79 21 105
13 105 13 108
108
13 109 13 27 109 13 109 108
13 109 13 79 21 105
13 109 13 109 35 107 27 105 27 105 27 36 79 21 105
13 72 105 27 79 21 105
13 105 27 35 107 27 105 13 93 105 13 27 105 13 93 105 13 27 105 13 93 105 13 105 13 105 93 105 13 105 13 57 79 79 21 105
13 108
19 93 57 93 105 11 58 93 79 21 105
13 105 93 19 105 93 105 93 105 105 13 32 32 79 108 13 79 21 105
13 105 11 57 35 105 13 105 13 29 107 108
13 109 13 27 109 13 109 79 105
19 106 21 105
19 106 21 105
21 19 105 13 21 105 13 32 93 79 93 79 93 79 108
21 19 105 13 21 105 13 32 93 79 93 79 93 79 108
21 21 19 19 106 108 13 100 93 58 105
13 105 13 105 13 32 105
13 21 105 13 105 15 105
13 105 13 105 13 32 93 105 11 58 105
13 21 105 13 105 35 107
105 35 105 13 107 22 105 13 108
20 21 105
13 105 13 108 13 105 105 11 57 35 27 107 108 13 27 105 22 105 27 108
13 108 13 105 105 15 35 93 108 13 105 13 107 35 35 107 79 105 13 27 105 13 105 13 107 105 11 57 105 35 35 107 79 105 13 27 105 13 105 13 107 19 19 105 11 58 27 105
19 79 79 105 79 108
13 21 105 13 79 108
13 77 105 13 32 79 105 11 109 13 109 27 27 105 93 105
13 77 79 108
13 77 105 13 105 13 32 27 86 35 93 29 107 27 79 108
13 77 105 13 32 79 105 27 79 108
13 77 105 13 32 79 105 79 108
13 79 108
13 21 105 13 19 105 13 109 13 79 108
13 21 105 13 79 108
13 77 105 13 32 79 109 13 109 109 13 79 108
35 93 108 13 105 13 107 35 35 107 79 108
77 19 52 79 79 108
19 35 108
13 29 107 27 79 108
13 77 105 13 32 79 105 27 105 79 79 108
13 109 13 79 79 21 105
13 79 108
13 77 105 13 32 79 109 13 109 79 79 108
13 109 13 79 79 21 105
13 109 13 109 27 27 105 79 79 108
13 19 105
19 19 106 21 105
35 93 29 107 22 105 22 105 27 79 108
13 77 105 13 32 79 105 79 108
13 79 108
13 21 105 13 19 105 13 109 13 79 108
13 21 105 13 79 108
13 77 105 13 32 79 109 13 109 93 105
35 93 29 107 22 105 22 105 27 79 108
13 77 105 13 32 79 105 79 108
13 79 108
13 21 105 13 19 105 13 109 13 79 108
13 21 105 13 79 108
13 77 105 13 32 79 109 13 109 27 27 105 93 105
19 35 107 79 105 13 108 13 105 105 11 57 35 27 107 108 13 27 105 11 209 105 13 105 13 108 13 105 22 105 27 108
35 93 108 13 105 13 107 35 79 79 107 105 11 57 79 105 13 108
77 19 52 79 79 108
19 79 79 105 79 108
13 77 79 108
13 77 105 13 105 13 32 27 86 35 93 29 107 22 105 22 105 27 79 108
13 77 105 13 32 79 105 79 108
13 79 108
13 21 105 13 19 105 13 109 13 79 108
13 21 105 13 79 108
13 77 105 13 32 79 109 13 109 27 27 105 93 105
35 93 29 107 27 79 108
13 77 105 13 32 79 105 79 79 105
19 35 93 29 107 27 79 108
13 109 13 79 79 21 105
13 109 13 109 27 27 105 79 79 105
13 77 105 13 32 79 105 27 79 108
13 77 105 13 32 77 105 27 105 79 79 108
13 109 13 79 79 21 105
13 79 108
13 77 105 13 32 79 109 13 109 79 79 108
13 109 13 79 79 21 105
13 79 108
13 77 105 13 32 77 109 13 109 79 79 108
13 105 13 108 13 105 105 11 57 35 27 107 108 13 27 105 22 105 27 108
13 108 13 105 105 15 35 93 108 13 105 13 107 35 35 107 79 105 13 27 105 13 105 13 107 105 11 57 105 35 35 107 79 105 13 27 105 13 105 13 107 19 19 105 11 58 27 105
35 107 86 79 21 105
106 21 105
19 19 106 105
19 79 105 13 105 13 79 21 105
19 19 52 79 108
77 19 52 79 108
35 93 29 107 27 79 108
13 77 105 13 32 79 105 27 79 108
13 77 105 13 32 79 105 27 79 108
13 77 105 13 32 79 105 27 27 105 27 27 105 93 105
19 35 107 93 105 13 108 13 105 105 11 57 35 27 107 108 13 27 105 22 105 27 108
13 93 21 105 13 19 108 13 105 105 15 35 93 108 13 105 13 107 35 35 107 105 13 27 105 13 105 13 107 105 11 57 105 35 35 107 105 13 27 105 13 105 13 107 19 19 105 11 58 27 105
35 108
77 19 52 79 105 108
79 108
13 77 105 13 32 79 27 105 11 57 35 93 29 107 8 27 79 108
13 77 105 13 32 79 105 27 79 108
13 77 105 13 32 79 105 27 79 108
13 77 105 13 32 79 105 27 79 108
13 77 105 13 32 79 105
13 105 27 27 105 93 105
