1 1 2
1 2 3
1 3 4
1 4 5
1 5 6
1 6 7
1 11 12
1 12 13
1 24 25
1 25 26
1 26 27
1 27 28
1 28 29
1 29 30
1 30 31
1 38 39
1 39 40
1 40 41
1 41 42
1 42 43
1 43 44
1 44 45
1 45 46
1 58 59
1 66 67
2 55 21
2 24 31
2 17 66
2 17 73
2 17 74
2 17 68
2 17 75
2 17 72
2 17 74
2 17 70
2 17 64
2 17 61
2 17 73
2 17 62
2 17 67
2 17 66
2 17 66
2 17 74
2 22 21
2 15 21
2 16 21
2 79 67
2 79 69
2 79 77
2 79 60
2 79 56
2 79 76
2 79 75
2 79 77
2 79 70
2 79 63
2 79 59
2 79 71
2 79 57
2 79 66
2 79 78
2 79 74
2 79 68
2 79 78
2 79 65
2 79 73
2 79 74
2 79 74
2 79 64
2 79 66
2 79 60
2 79 66
2 79 61
2 79 76
2 79 72
2 79 73
2 79 62
2 79 58
2 8 9
2 47 35
2 47 37
2 47 37
2 47 36
2 47 49
2 47 48
2 47 34
2 47 35
2 47 37
2 38 34
2 38 46
2 38 46
2 38 48
2 50 49
2 50 36
2 50 35
2 50 35
2 50 53
3 24 25
3 22 21
3 15 18
3 15 21
3 16 21
3 16 19
3 16 20
3 1 7
3 11 13
3 8 9
3 8 10
3 47 33
3 50 52
3 50 33
3 50 51
3 50 54
3 50 32
3 14 23
