1 20 21
1 21 22
1 22 23
1 27 28
1 39 40
1 47 48
2 4 8
2 4 11
2 4 10
2 18 46
2 18 29
2 5 11
2 5 11
2 16 29
2 16 46
2 17 29
2 17 46
2 7 8
2 7 10
2 7 11
2 7 11
2 38 25
2 38 33
2 49 48
2 49 47
2 49 48
2 49 46
2 1 29
2 1 25
2 1 45
2 1 46
2 3 25
2 3 45
2 3 9
2 3 46
2 3 29
2 37 35
2 37 29
2 37 36
2 37 46
2 37 25
2 37 34
2 20 46
2 20 19
2 20 23
2 30 25
2 30 46
2 30 29
2 31 25
2 31 29
2 31 46
2 32 42
2 32 43
2 32 25
2 26 33
3 16 13
3 16 14
3 27 28
3 38 12
3 1 41
3 1 24
3 3 41
3 3 24
3 2 6
3 32 24
3 32 44
3 32 43
3 26 12
3 39 40
5 13 15
