108
19 105 11 52 79 108
21 20 19 105 11 45 15 21 108 13 21 108 13 79 105 79 105 79 105 79 105
106 105
106 79 19 105
105 13 27 105 11 57 15 108 13 35 27 107 105
79 105
35 107 86 79 19 105 79 79 105 79 105 79 79 105 13 79 105 12 79 105 12 110 19 41 14 105 2 41
79 105 15
19 79 58 16 79 105 79 105 19 41 14 105 41
79 105 79 105 15 14 41
105
19 105
105
106
19 19 19 106 87 93 30 93 57 93 93 58 100 105
79 57 79 105 105
105
105 13 32 18
35 107 27 105 13 79 105 13 105 13 108
35 79 107 105
13 79 108
19 105 105 105 11 20 53 20 53 35 107 27 105 13 105 13 27 105 13 79 105 13 105 13 108
35 107 35 27 27 107 105 108
105 13 22 105
35 107 27 27 105 79 35 27 107
35 27 107 108 13 105 79 105
13 57 108
13 32 107 86 19 86 87 87 105
79 108
79 57 79 105 79 105 79 57 79 105
23 30 79 57 79 58 27 108
35 107 27 79 105 27 79 105 18
105 13 32 18
35 105 13 107 108
19 105 105 105 11 107
107
19 35 107 27 105 13 105 13 27 105 13 105 13 108
79 108
13 35 27 107 27 105 13 27 79 105 13 27 108
19 93 57 93 105 11 16 105 13 35 29 107 22 105
27 105 13 32 105 13 58 19 18 105 11 44 27 41 27 41 27 41 44
22 93 58 35 107 105 13 35 27 27 108 13 107 105
19 93 57 93 18 105 13 35 27 27 108 13 107 22 105
105
93 58 35 107 105 13 105 13 57 105 11 57 27 105 11 57 27 27 108 13 35 107 27 105 13 93 105 13 105 13 108 13 105 13 93 105 13 105 11 58 27 105 13 93 105 13 105 11 62 35 107 105 13 27 105 13 105 13 105 13 35 107 93 105 13 27 105 13 93 105 13 105 13 35 107 27 105 13 105 13 27 105 13 105 13 27 105 13 105 13 27 105 13 105 13 27 105 13 27 105 13 105 13 35 107 105 13 27 105 13 27 105 13 27 105 13 27 105 13 105 13 100 93 18
35 107 105 13 32 105 13 108
105 35 105 13 107 108
35 107 105 13 27 105 11 57 79 105
