1 3 4
1 5 6
1 9 10
1 11 22
1 22 33
1 33 44
1 44 49
1 49 50
1 50 51
1 51 52
1 52 53
1 53 12
1 12 13
1 13 14
1 14 15
1 15 16
1 16 17
1 17 18
1 18 19
1 19 20
1 20 21
1 21 23
1 23 24
1 24 25
1 25 26
1 26 27
1 27 28
1 28 29
1 29 30
1 30 31
1 31 32
1 32 34
1 34 35
1 35 36
1 36 37
1 37 38
1 38 39
1 39 40
1 40 41
1 41 42
1 42 43
1 43 45
1 45 46
1 46 47
1 47 48
1 54 55
1 55 56
1 56 57
1 57 58
1 58 59
2 9 10
2 11 48
2 2 8
2 5 6
3 1 7
3 5 6
3 3 4
3 54 59
