106
79 79 79 19 19 19 109
93 35 107 27 105 13 105 13 105 13 108
106
79 105
106
13 105
13 41 35 105 13 107 105 13 32 19 105 27 105 27 105 13 57 27 105 13 19 65 41 14 41 44
23 19 108 13 79 79 109
13 105 13 108 13 57 23 78 50 60 105 23 105 11 57 23 50 62 181 23 108 41 14 41 23 180 41 15
9 79 9 35 9 79 9 9 79 9 114
9 79 9 113
13 9 79 9 113
13 110
35 9 79 9 9 79 9 114
13 9 9 107 20 9 3 105 35 9 79 9 9 79 9 114
13 112 21 110 35 20 20 9 3 107
11 112 110 20 9 3 107
11 20 9 3 107
11 20 9 3 107
11 20 9 3 107
13 21 112
11 110 20 110 20 110 35 9 79 9 9 79 9 114
13 9 107 35 20 20 112 9 105 20 3 105 20 3 105 20 3 105 35 9 79 9 9 79 9 114
13 9 107 35 20 20 3 3 107 20 3 105 105 27 9 105 20 3 105 9 79 9 9 79 9 114
13 110 13 27 27 9 79 9 9 79 9 114
13 110 13 9 9 9 105 11 105 13 91 20 3 3 54 105 35 9 9 107
9 105 35 9 79 9 9 79 9 114
13 9 9 107 35 20 20 9 3 3 107 20 20 9 3 3 105 110 27 9 9 105 20 9 3 105 27 27 9 79 9 9 79 9 114
13 110 13 9 9 9 105 11 3 105 13 91 20 3 3 54 9 9 105 35 9 9 107
9 9 105 9 79 9 35 9 79 9 9 79 9 114
13 112 113
113
35 20 20 9 3 3 107 20 20 9 3 3 105 20 20 9 3 3 105 9 79 9 113
13 9 9 105 9 79 9 113
13 20 110 9 79 9 113
13 20 110 9 79 9 113
13 9 79 9 110 9 79 9 113
13 20 110 9 79 9 113
13 20 110 9 79 9 113
13 20 110 9 79 9 113
13 35 9 9 107
110 35 9 79 9 9 79 9 114
9 79 9 113
13 9 107 35 20 20 3 3 107 20 3 105 105 27 9 9 105 20 3 105 27 27 9 79 9 9 79 9 114
13 110 13 9 9 9 105 11 105 13 91 20 3 3 54 105 35 9 9 107
9 105 9 79 9 35 9 79 9 9 79 9 114
13 112 113
13 110
13 110 13 21 3 9 84 9 79 9 113
13 20 110
9 79 9 113
13 20 110
106 27 27 105 11 58 27 105 11 58 27 105 11 57 8 79 105 13 105 13 105 11 58 79 105 35 107
27 27 105
27 105
79 19 108
15 27 105 11 57 35 27 107 108 13 105 79 79 109
13 105
