19 19 19 27 106 93 30 93 57 93 93 58 100 105
13 27 105 11 57 86 108 12 85 87 58 27 107
41 27 105 13 32 58 27 107
41 27 105 13 32 27 105 13 32 108 13 58 35 27 107 8 93 30 93 58 100 93 57 93 105
31 27 108
105
79 58 93 57 93 86 100 105
13 33 57 93 51 33 57 79 93 52 105
31 86 87 86 105
13 27 105 13 58 27 107
15 27 107
31 41 14 31 40 35 107
105
13 105
27 105 13 108
13 105 13 108
13 57 35 107 27 105 13 105 13 27 105 13 105 13 108
35 107 105 13 32 105 13 108
27 105 105 105
27 93 58 35 107 105 13 105 13 57 105 11 57 27 105 11 57 27 27 108 13 35 107 27 105 13 93 105 13 105 13 108 13 105 13 93 105 13 105 11 58 27 105 13 93 105 13 105 11 62 35 107 105 13 27 105 13 105 13 105 13 35 107 93 105 13 27 105 13 93 105 13 105 13 35 107 27 105 13 105 13 27 105 13 105 13 27 105 13 105 13 27 105 13 105 13 27 105 13 27 105 13 105 13 35 107 105 13 27 105 13 27 105 13 27 105 13 27 105 13 105 13 100 93 18 8 42
93 30 93 58 27 105 13 32 19 27 105 13 100 31 27 27 108 93 105 105 105
19 27 27 35 107 27 105 13 105 13 105 13 105 13 108 105
13 27 35 107 27 105 13 105 13 105 13 108 108
19 19 19 27 27 19 52 108
13 105
15 52 58 27 27 108 108
19 27 27 108 106 105
13 108
27 108
13 32 91 8 3 8 105 41
27 27 108 107
11 52 79 105 2 41 79 105
77 62 77 105
13 105 79 19 105 19 41 79 105 11 57 79 105 79 105 41 107
2 16 35 27 107 19 105
