35 107 27 105 105
35 107 27 79 79 105 35 79 105
13 29 107 105 27 105 79 105
35 107 27 79 79 105 35 79 105
13 29 107 105 27 105 79 105
79 77 19 56 79 77 209 84 35 79 19 107
79 77 20 55 79 77 209 84 35 79 19 107
35 27 107 79 105
13 21 105 13 108 13 105 79 105
19 58 79 79 105 11 57 79 21 105 13 21 105 13 32 79 105
79 52 105
13 21 105 13 105 13 105 13 105 27 108
13 105 13 109 13 79 105 35 105
13 105
13 108 13 79 107
19 36 105
15 79 52 35 27 107 27 105 27 27 105 27 35 79 77 105
13 79 105
13 108 13 107 27 108 13 105 13 27 108 13 105 13 27 105 13 105
13 21 105 13 105 13 27 105 13 105
13 107 86 79 105 13 105 13 108 13 86 19 18 14 105 41 14 105 41
106 21 105
106 21 105
13 86 79 27 19 105 13 86 79 57 79 109 11 58 79 27 105 35 29 107 105
105
13 21 105 13 86 105
13 21 105 13 86 35 29 107 35 107 27 27 105 105 105
27 105
13 32 19 105 13 19 105 13 58 57 105 11 57 105 13 93 51 105 11 57 105 13 93 51 35 107 105
106 19 105
35 29 107 105
106 19 105
106 19 105
106 19 105
13 32 105 13 105 15
13 32 19 105 13 19 105 13 58 57 105 11 57 105 13 93 51 105 11 57 105 13 93 52 35 19 107
35 27 107 79 105
13 21 105 13 108 13 105 79 105
13 105 35 79 29 107 105 79 105
35 79 29 107 79 105
35 79 29 107 79 105
35 79 29 107 79 105
109
105 13 35 27 107 27 105 19 105
13 58 15 105 13 27 108 13 35 107 27 105 13 105 27 105 27 108 13 105 27 19 36 19 105 13 72 19 72 105 11 58 105 41 14 27 35 27 107 105 13 105 13 105 13 108 41 14 27 35 27 107 105 13 105 13 105 13 108 41
13 32 105 13 8 57 105 11 57 2 80 105
19 19 77 44 93 35 107
35 107 27 105 79 80 57 27 105 79 79 105
58 15 105 13 27 105 11 57 27 105 11 57 79 27 19 105 11 105
41 27 105 11 57 27 108
13 32 79 105 13 105
106 108
79 58 35 27 107 40 27 27 79 108 13 35 107 22 108 13 86 105 18 14 35 27 107 40 14 35 27 107 40
79 58 79 105 11 105 11 171 108 13 105 105 13 107
13 58 35 107
22 105 33 58 22 105 105
