1 10 11
1 11 12
1 12 13
1 13 14
1 14 15
1 25 26
1 26 27
1 27 28
1 61 62
1 62 63
1 63 64
1 64 65
1 65 66
1 66 67
1 67 68
1 68 57
1 57 58
1 58 59
1 59 60
1 78 79
1 79 80
1 80 81
1 94 95
1 95 96
1 96 91
1 91 92
1 92 93
1 104 105
1 105 106
1 112 113
1 113 114
1 115 116
1 122 123
1 123 124
1 124 125
1 125 126
1 126 127
1 127 128
1 128 129
1 129 130
1 130 131
1 131 132
1 132 133
1 133 134
1 134 135
1 135 136
1 136 137
1 137 138
1 138 139
1 139 140
1 140 141
1 141 142
1 142 143
1 143 144
1 144 145
1 145 146
1 146 147
1 147 148
1 148 149
1 149 150
1 150 151
1 151 152
1 152 153
1 153 154
1 154 155
1 155 156
1 156 157
1 157 158
1 158 159
1 159 160
1 160 161
1 161 162
1 162 163
1 163 164
1 164 165
1 165 166
1 166 167
1 167 168
1 168 169
1 169 170
1 170 171
1 171 172
1 172 173
1 173 174
1 174 175
1 175 176
1 176 177
1 177 178
1 178 179
1 179 180
1 180 181
1 181 182
1 182 183
1 183 184
1 184 185
1 199 204
1 204 205
1 205 206
1 206 207
1 207 208
1 208 209
1 209 210
1 210 211
1 211 200
1 200 201
1 201 202
1 202 203
2 2 48
2 4 3
2 56 111
2 56 49
2 56 103
2 54 103
2 54 111
2 54 49
2 32 49
2 32 192
2 32 98
2 32 94
2 32 191
2 32 189
2 32 193
2 32 194
2 32 93
2 32 186
2 32 188
2 32 187
2 32 98
2 32 100
2 32 103
2 32 111
2 32 190
2 32 92
2 83 111
2 83 49
2 83 103
2 72 111
2 72 49
2 72 103
2 39 48
2 39 122
2 39 185
2 39 111
2 39 103
2 39 49
2 101 186
2 101 48
2 101 107
2 101 100
2 101 98
2 101 49
2 101 188
2 101 189
2 101 92
2 101 190
2 101 193
2 101 191
2 101 98
2 101 103
2 101 194
2 101 70
2 101 111
2 101 192
2 101 187
2 101 93
2 101 94
2 76 49
2 76 103
2 76 111
2 73 187
2 73 111
2 73 193
2 73 191
2 73 49
2 73 190
2 73 192
2 73 103
2 73 100
2 73 98
2 73 188
2 73 98
2 73 186
2 73 194
2 73 189
2 36 189
2 36 192
2 36 190
2 36 49
2 36 194
2 36 48
2 36 186
2 36 188
2 36 187
2 36 103
2 36 191
2 36 111
2 36 193
2 51 111
2 51 103
2 51 49
2 74 103
2 74 111
2 74 49
2 35 111
2 35 103
2 35 49
2 6 49
2 6 111
2 6 103
2 33 192
2 33 190
2 33 49
2 33 188
2 33 193
2 33 194
2 33 189
2 33 186
2 33 187
2 33 191
2 33 111
2 33 103
2 5 103
2 5 49
2 5 111
2 87 103
2 87 49
2 87 111
2 87 24
2 55 111
2 55 103
2 55 49
2 77 49
2 77 111
2 77 103
2 88 48
2 86 111
2 86 49
2 86 103
2 108 186
2 108 103
2 108 98
2 108 190
2 108 188
2 108 49
2 108 192
2 108 98
2 108 187
2 108 191
2 108 111
2 108 193
2 108 189
2 108 194
2 108 100
2 109 111
2 109 103
2 109 49
2 110 111
2 110 49
2 110 103
2 118 49
2 118 186
2 118 194
2 118 193
2 118 190
2 118 189
2 118 111
2 118 192
2 118 191
2 118 188
2 118 187
2 118 103
2 16 111
2 16 10
2 16 15
2 16 49
2 16 103
2 90 111
2 90 103
2 90 49
2 42 49
2 42 111
2 42 48
2 42 103
2 102 49
2 102 111
2 102 103
2 46 100
2 46 189
2 46 190
2 46 98
2 46 187
2 46 43
2 46 103
2 46 193
2 46 188
2 46 49
2 46 111
2 46 48
2 46 98
2 46 191
2 46 186
2 46 194
2 46 192
2 52 49
2 52 111
2 52 103
2 89 103
2 89 111
2 89 49
2 34 193
2 34 192
2 34 111
2 34 103
2 34 191
2 34 98
2 34 98
2 34 49
2 34 188
2 34 187
2 34 190
2 34 189
2 34 186
2 34 100
2 34 194
2 75 103
2 75 111
2 75 49
2 50 48
2 97 188
2 97 111
2 97 94
2 97 193
2 97 103
2 97 92
2 97 100
2 97 191
2 97 98
2 97 98
2 97 192
2 97 49
2 97 189
2 97 187
2 97 190
2 97 93
2 97 194
2 97 186
2 30 19
2 30 18
2 25 48
2 25 19
2 25 20
2 23 21
2 23 19
2 198 49
2 198 103
2 198 111
2 8 111
2 8 49
2 8 103
2 44 111
2 44 49
2 44 103
2 196 103
2 196 111
2 196 49
2 41 111
2 41 103
2 41 49
2 195 111
2 195 49
2 195 103
2 197 49
2 197 103
2 197 111
2 31 111
2 31 49
2 31 103
2 38 111
2 38 103
2 38 49
2 117 117
2 121 103
2 121 100
2 121 187
2 121 71
2 121 98
2 121 53
2 121 191
2 121 190
2 121 188
2 121 192
2 121 194
2 121 111
2 121 193
2 121 186
2 121 189
2 121 98
2 121 49
2 120 111
2 120 103
2 120 49
2 119 193
2 119 192
2 119 53
2 119 188
2 119 103
2 119 191
2 119 100
2 119 71
2 119 186
2 119 194
2 119 187
2 119 49
2 119 190
2 119 98
2 119 98
2 119 189
2 119 111
2 37 111
2 37 189
2 37 194
2 37 192
2 37 100
2 37 98
2 37 49
2 37 187
2 37 191
2 37 186
2 37 193
2 37 98
2 37 103
2 37 48
2 37 188
2 37 190
2 69 61
2 69 57
2 69 49
2 69 111
2 69 60
2 69 103
2 85 103
2 85 111
2 85 49
2 84 111
2 84 49
2 84 103
2 82 103
2 82 49
2 82 111
3 2 47
3 115 116
3 199 203
3 112 114
3 45 47
3 40 99
3 40 29
3 50 47
3 50 1
3 97 99
3 25 28
3 23 22
3 121 7
3 121 9
3 121 17
3 78 81
3 104 106
4 203 212
