1 7 8
1 10 11
1 11 12
1 12 13
1 22 23
1 31 32
1 37 38
1 45 46
1 48 49
1 54 55
1 55 56
1 56 57
1 57 58
1 58 59
1 59 60
1 60 61
1 61 62
1 62 63
1 63 64
1 64 65
1 65 66
1 66 67
1 67 68
1 68 69
1 69 70
1 70 71
1 71 72
1 72 73
1 73 74
1 74 75
1 75 76
1 76 77
1 77 78
1 78 79
1 79 80
1 80 81
1 81 82
1 96 97
1 104 105
1 105 106
2 90 91
2 87 91
2 14 24
2 14 54
2 14 82
2 14 41
2 14 44
2 14 42
2 18 42
2 18 44
2 18 24
2 86 91
2 88 91
2 47 34
2 47 35
2 50 42
2 50 49
2 50 48
2 50 49
2 89 91
2 98 51
2 33 51
2 28 51
2 25 51
2 19 51
2 27 51
2 83 51
2 95 51
2 99 51
2 53 51
2 85 51
2 93 51
2 84 51
2 100 51
2 52 51
2 92 51
2 40 42
2 40 39
2 40 43
2 40 44
2 40 38
2 40 37
2 16 107
2 17 107
2 36 51
2 29 51
2 26 51
2 30 51
2 101 51
2 94 51
2 104 106
2 103 108
2 102 111
2 102 109
2 102 110
3 45 46
3 47 31
3 7 8
3 10 13
3 22 23
3 96 97
3 3 4
3 3 5
3 21 20
3 1 2
4 8 6
4 15 14
4 32 18
4 13 9
