79 108
79 30 79 57 79 109 11 58 79 79 79 79 108 13 109
79 108
13 105
79 58 15 79 105 11 57 79 107
106
35 79 29 107 93 35 79 79 108 13 107 27 105 13 79 108
13 65 105 13 105 13 105 22 105 79 105
106
27 209 108
13 79 108 209 108
13 79 209 108
13 79 35 79 29 107 27 105 27 105 79 105
106
13 29 107 79 105
58 79 77 19 105 13 21 105 13 32 21 105 13 32 79 105 105 13 77 77 51 79 105 79 65 108 11 108
58 79 77 19 105 13 21 105 13 32 79 105 105 13 77 77 51 79 105 79 65 108 13 79 108
106 108
105
13 105
19 27 108
79 79 77 19 108
13 105
40 105 13 79 105 13 105 13 32 105
105
105
105
105
105
105
35 107 27 105 27 79 80 105 108
22 105 105
105
79 105 15
79 105 15
105
35 107 8 2 105 13 32 19 108
105 11 105 13 20 53 54 105 13 35 105 13 107 108
11 57 105 13 57 105 11 16 19 41
79 108 13 108
105
35 107 105 13 105 13 18
35 79 107 105 13 32 79 79 19 108
19 20 107 35 107 86 86 86 87 86 86 105
35 27 107 108 13 105 105
13 105
19 35 107 27 105 13 105 13 105 13 108
35 107 105 13 32 19 108
105 35 105 13 107 108
35 107 105 13 27 105 11 58 106
13 58 19 16 105 13 108
105
105
13 105
13 108
13 108
13 105
13 108
13 108
13 105
13 108
13 108
13 105
13 108
13 108
13 105
13 108
13 108
13 105
13 108
13 108
13 19 36 105 13 100 108
13 108
13 19 36 105 13 100 108
13 108
13 19 36 19 29 72 105 13 100 108
13 108
13 19 36 19 29 72 19 29 72 105 13 100 108
13 108
13 19 36 19 29 72 105 13 100 108
13 108
13 19 36 19 29 72 105 13 100 105 13 105 35 27 27 105 13 107 105 15 14 35 107
105
105
105
106 79 108
106 79 105
79 105
106 79 108
106 79 105
13 32 105 13 108
105
105
105
105
79 108
13 105 13 32 79 57 79 109
105
105
105
105
79 108
19 19 77 44 93 35 107
58 15 105 13 27 105 11 57 27 105 11 57 79 27 19 105 11 105
41 27 105 11 57 27 108
13 32 79 105 13 105
35 107 27 105 79 80 57 27 105 79 79 105
13 32 105 13 57 105 11 57 2 80 105
11 35 105 13 107
11 35 105 13 107
35 105 13 107 105 13 32 20 105 20 105 18
