1 7 8
1 8 9
1 9 10
1 15 16
1 26 27
1 29 30
1 30 31
1 31 32
1 32 33
1 33 34
1 34 35
1 35 36
1 36 37
1 48 49
1 52 54
1 54 55
1 55 56
1 56 57
1 57 58
1 58 59
1 59 60
1 60 61
1 61 53
1 70 71
2 5 17
2 5 25
2 76 39
2 76 46
2 76 45
2 75 46
2 75 39
2 75 45
2 74 69
2 20 13
2 20 19
2 28 27
2 28 26
2 28 27
2 28 25
2 73 69
2 41 45
2 41 46
2 41 39
2 44 39
2 44 46
2 44 45
2 64 51
2 64 65
2 40 46
2 40 39
2 40 45
2 7 25
2 7 6
2 7 10
2 63 62
2 42 45
2 42 46
2 43 45
2 18 22
2 18 23
2 47 50
2 29 46
2 29 45
2 29 39
2 38 46
2 38 39
2 38 45
2 68 69
2 66 69
2 14 19
3 72 21
3 72 12
3 5 2
3 5 3
3 15 16
3 20 1
3 48 49
3 11 21
3 11 12
3 18 12
3 18 24
3 18 23
3 29 37
3 70 71
3 52 53
3 14 1
4 67 77
4 73 77
5 2 4
