1 11 22
1 22 33
1 33 39
1 39 40
1 40 41
1 41 42
1 42 43
1 43 44
1 44 12
1 12 13
1 13 14
1 14 15
1 15 16
1 16 17
1 17 18
1 18 19
1 19 20
1 20 21
1 21 23
1 23 24
1 24 25
1 25 26
1 26 27
1 27 28
1 28 29
1 29 30
1 30 31
1 31 32
1 32 34
1 34 35
1 35 36
1 36 37
1 37 38
1 45 46
1 47 48
1 48 49
1 50 51
1 55 56
1 57 58
1 64 65
1 67 68
1 70 71
1 71 72
1 72 73
1 73 74
1 76 77
1 78 79
1 80 88
1 88 89
1 89 90
1 90 91
1 91 92
1 92 93
1 93 94
1 94 95
1 95 81
1 81 82
1 82 83
1 83 84
1 84 85
1 85 86
1 86 87
1 107 108
1 108 109
1 109 110
1 110 111
1 111 112
2 60 58
2 69 9
2 69 6
2 69 7
2 4 6
2 4 9
2 4 7
2 114 103
2 114 98
2 114 101
2 114 97
2 114 100
2 114 98
2 8 9
2 8 6
2 8 7
2 53 103
2 53 7
2 53 98
2 53 57
2 53 98
2 53 101
2 53 6
2 53 100
2 53 97
2 53 58
2 53 9
2 118 117
2 5 3
2 10 6
2 10 9
2 10 7
2 96 58
2 96 57
2 52 6
2 52 9
2 52 7
2 80 57
2 80 58
2 106 98
2 106 98
2 106 97
2 47 49
2 99 97
2 11 38
2 45 46
3 61 63
3 61 66
3 61 54
3 61 75
3 5 2
3 62 59
3 107 112
3 116 115
3 80 54
3 80 63
3 80 66
3 80 75
3 80 57
3 80 87
3 113 104
3 105 102
3 50 51
3 1 2
3 78 79
3 70 104
3 70 74
3 55 54
3 55 56
3 76 75
3 76 77
3 67 66
3 67 68
3 64 63
3 64 65
