1 1 2
1 2 3
1 8 9
1 10 11
1 13 14
1 15 16
1 16 17
1 17 18
1 18 19
1 19 20
1 21 32
1 32 43
1 43 54
1 54 59
1 59 60
1 60 61
1 61 62
1 62 63
1 63 22
1 22 23
1 23 24
1 24 25
1 25 26
1 26 27
1 27 28
1 28 29
1 29 30
1 30 31
1 31 33
1 33 34
1 34 35
1 35 36
1 36 37
1 37 38
1 38 39
1 39 40
1 40 41
1 41 42
1 42 44
1 44 45
1 45 46
1 46 47
1 47 48
1 48 49
1 49 50
1 50 51
1 51 52
1 52 53
1 53 55
1 55 56
1 56 57
1 57 58
1 64 65
1 65 66
1 66 67
1 67 68
1 68 69
2 70 70
2 13 14
2 13 14
2 21 58
2 7 12
2 10 11
3 5 4
3 1 3
3 15 20
3 10 11
3 8 9
3 64 69
4 4 6
