21 21 19 19 21 35 105 13 21 107 27 35 107 27 105 13 105 13 105 13 105 13 108 105 13 27 105 11 57 27 27 108 108
11 57 105 108
35 29 107 27 105 22 108
19 109 79 108
35 29 107 27 105 105
19 107
20 19 20 19 19 106 101 101 91 53 27 105
13 27 108 13 107
11 57 108
58 27 108
108
11 58 108
107
11 35 107
86 105
13 105 13 21 79 105 13 105 108
11 57 57 52 35 107 27 105 27 105 105 21 35 107
11 57 27 108
105 105 35 29 107 27 105 105
15 27 108 13 105 108
35 27 107 105
36 27 72 108
105
91 53 91 54 27 105
11 57 27 108
101 36 27 72 108
105
91 53 91 54 94 58 94 58 105
19 106 79 79 108
11 58 15 44 27 35 107 27 105 13 105 13 105 13 108 41 27 27 108 79 108
13 57 79 108
13 79 105 27 27 108 41 27 27 108 101 79 79 108
11 108
11 57 57 94 57 27 27 108 79 79 57 79 79 105 11 58 79 79 105 41 58 79 108
13 57 79 108
13 79 105 27 27 108 42 27 35 107 27 105 13 105 13 105 13 108 35 79 29 107 27 19 105 79 105
13 29 107 105 13 27 27 108 109 13 109 11 57 109 13 32 27 105 13 105 11 57 27 27 108 35 19 20 107 105 35 19 20 107 105 91 54 93 27 108 27 35 27 107 27 35 19 20 107 105 13 35 27 107 27 35 19 20 107 105 13 105
19 19 27 27 108 105
13 86 79 27 105 13 32 86 79 58 35 79 107
86 79 58 27 105
13 32 86 79 57 79 57 79 79 20 105 91 20 53 27 105
13 32 35 27 27 19 107 27 105 57 105 35 29 107 108
19 106 27 27 108 79 57 79 79 19 105 86 86 19 105
23 19 19 79 63 127 27 35 107 27 105 13 105 13 27 105 13 91 105 13 105 13 108 91 19 52 98 108 12 23 181 99 91 54 101 79 79 105 79 79 23 105 15 94 58 92 99 108 12 99 92 92 181 99 27 35 107 27 105 13 92 108 13 105 13 27 105 13 94 105 13 105 13 108 91 209 98 94 58 94 58 91 53 94 58 92 50 60 79 79 105 27 27 108 101 107
41 94 57 94 57 91 54 94 57 92 50 60 79 79 105 27 27 108 107
42 91 54 94 57 92 23 50 62 101 101 79 79 105 79 79 23 105 42 91 53 79 79 105 94 58 92 50 60 101 101 27 27 108 42 101 41 91 54 79 79 105 101 101 27 27 108 42 94 57 91 54 79 108
11 57 94 57 27 27 108 101 79 105 11 57 79 105 42 94 57 91 53 79 108
11 101 108 12 99 27 35 107 27 105 13 92 105 13 105 13 108 79 58 79 27 105 13 32 86 79 58 27 27 108 41 79 58 79 20 105 13 86 79 57 79 105 11 127 98 27 35 107 27 105 13 91 105 13 105 13 108 79 79 19 105 11 57 27 27 108 42 14 27 35 107 27 105 13 105 13 105 13 105 13 108 42 27 27 108 42 52 27 27 108 42 52 27 27 108 35 29 107 22 105 105
27 27 108 35 105
13 105 13 107 105
13 105 105
13 19 22 108
35 29 107 27 105 105
106 27 108
35 29 107 27 19 105 105
19 8 32 105 11 57 79 79 108
