35 79 107
19 79 105 13 105 13 79 108
13 21 105 79 108
13 19 105 79 108
13 79 105
13 27 35 79 29 107 22 105 13 105
13 105
79 108
13 58 79 19 108
15 79 108
13 105 79 108
13 105 79 108
13 105 79 108
13 105 79 108
19 79 108
13 105 79 108
13 105 79 108
13 105 79 108
13 105 79 108
13 21 105 79 108
13 19 105 79 108
13 79 105
13 27 35 79 29 107 22 105 13 105
19 79 108
13 105 79 108
13 105 79 108
13 105 79 108
13 105 79 108
13 21 105 79 108
13 19 105 79 108
13 79 105
13 27 35 79 29 107 22 105 13 105
19 79 108
13 105 79 108
13 105 79 108
13 105 79 108
13 105 79 108
13 21 105 79 108
13 19 105 79 108
13 79 105
13 27 35 79 29 107 22 105 13 105
19 79 108
13 105 79 108
13 105 79 108
13 105 79 108
13 105 79 108
13 21 105 79 108
13 19 105 79 108
13 79 105
13 27 35 79 29 107 22 105 13 105
79 19 105 13 105 13 86 79 93 52 19 18
13 105 79 79 19 79 105
19 79 105 106 108 15
