15 35 107 27 105 13 32 27 105 13 32 27 105 13 32 27 105 13 32 27 105 13 32 27 105 13 32 27 105 13 32 108 11 58 2 108 11 58 2 57 57 108 13 105 108 11 58 105 108 11 58 91 19 53 108
19 19 19 106 87 93 30 93 57 93 93 58 100 105
105
19 35 107 27 105 13 105 13 27 105 13 105 13 108
35 105 13 107 18
19 105 13 32 105 105 79 108
108
79 108
13 35 27 107 27 105 13 27 79 105 13 27 108
13 32 107 86 86 19 86 87 87 87 105
35 27 107 108 13 105 79 105
13 57 108
35 107 27 79 105 27 79 105 18
35 105 13 107 108
19 105 105 105 11 107
107
19 93 57 93 105 11 16 105 13 35 29 107 22 105
93 58 35 107 105 13 105 13 57 105 11 57 27 105 11 57 27 27 108 13 35 107 27 105 13 93 105 13 105 13 108 13 105 13 93 105 13 105 11 58 27 105 13 93 105 13 105 11 62 35 107 105 13 27 105 13 105 13 105 13 35 107 93 105 13 27 105 13 93 105 13 105 13 35 107 27 105 13 105 13 27 105 13 105 13 27 105 13 105 13 27 105 13 105 13 27 105 13 27 105 13 105 13 35 107 105 13 27 105 13 27 105 13 27 105 13 27 105 13 105 13 100 93 18
35 107 105 13 32 105 13 108
105 35 105 13 107 108
35 107 105 13 27 105 11 57 79 105
105 13 32 18
35 107 27 105 13 79 105 13 105 13 108
35 79 107 105
13 79 108
19 105 105 105 11 20 53 20 53 35 107 27 105 13 105 13 27 105 13 79 105 13 105 13 108
79 105 13 32 58 27 108
19 19 35 79 107 79 27 105 13 105 13 108
13 108
106 19 27 108
19 19 19 35 107 27 105 13 105 13 27 105 13 105 13 108
105 13 27 105 11 58 27 105 11 58 27 105 11 57 2 58 79 108
11 57 16 2 41 35 27 108 13 107 22 105 79 105
13 105 27 79 105 13 105 13 77 105 33 57 27 105 27 105 22 105 79 105
13 105 22 105 79 105
35 79 107 86 35 79 107 86 79 35 107 105 79 35 107 105 79 105 13 105 79 105 79 105 79 79 105
79 19 108
19 19 19 35 107 27 105 13 105 13 27 105 13 105 13 108
79 108
19 19 105 11 44 16 87 105 11 84 41 77 105 11 192 22 47 59 87 105 11 84 41 80 57 77 22 47 60 107
105
13 108 13 105 105
35 27 108 13 107 22 105 105
79 105
19 19 19 19 19 106 79 35 27 107 105
13 105
19 19 106 22 105
19 19 106 27 27 108
13 29 107 27 105 79 91 105
