1 1 2
1 2 3
1 4 5
1 29 30
1 38 39
1 41 42
1 47 48
1 48 49
1 49 50
1 50 51
1 51 52
1 52 53
1 53 54
1 54 55
1 55 56
1 56 57
1 57 58
1 58 59
1 59 60
1 60 61
1 61 62
1 62 63
1 63 64
1 64 65
1 65 66
1 66 67
1 67 68
1 68 69
1 69 70
1 70 71
1 71 72
1 72 73
1 73 74
1 74 75
2 7 9
2 7 10
2 7 9
2 13 37
2 13 35
2 13 12
2 6 10
2 6 9
2 6 9
2 25 35
2 25 37
2 25 23
2 28 30
2 28 26
2 28 29
2 28 31
2 28 35
2 28 37
2 40 23
2 40 24
2 43 41
2 43 35
2 43 42
2 43 42
2 22 26
2 85 26
2 83 26
2 86 26
2 79 26
2 81 26
2 15 26
2 32 36
2 32 35
2 32 31
2 32 37
2 32 29
2 32 30
2 11 47
2 11 75
2 11 37
2 11 34
2 11 12
2 11 35
2 8 47
2 8 12
2 8 75
2 8 34
2 8 35
2 8 37
2 44 35
2 44 37
2 14 26
2 82 26
2 45 26
2 76 26
2 87 26
2 18 26
2 84 26
2 16 26
2 17 26
2 27 26
2 77 26
2 80 26
2 20 26
2 19 26
2 46 26
2 78 37
2 78 35
3 38 39
3 40 21
3 4 5
3 1 3
3 78 33
