19 107 35 107 86 35 107 86 84 87 23 85 19 86 29 105 11 57 32 86 107
13 105
79 79 57 79 79 105
11 57 19 16 27 105 11 57 35 27 107 108 13 105 79 109
13 105
79 105
93 27 108
106
9 79 9 9 80 3 57 15 19 20 20 20 19 35 112
27 35 112 27 110 13 9 105 13 110 13 113 9 80 3 57 91 20 3 3 53 9 80 3 57 20 58 20 3 52 20 57 20 3 105 27 27 9 9 105 105 20 105 13 9 79 9 30 9 79 9 9 80 3 57 31 113
35 112
9 80 3 57 9 80 3 58 9 79 9 110 13 9 32 8 20 3 105 20 3 105 20 3 105 9 79 9 9 105 27 27 9 9 105 108 13 9 79 9 110 13 57 27 9 105 9 79 9 57 9 79 9 9 108
9 79 9 9 80 3 57 15 19 19 19 19 20 9 79 9 9 79 9 113
11 3 3 51 57 105 9 79 9 9 9 105
13 9 79 9 9 86 105 13 110 9 80 3 57 9 80 3 58 9 79 9 110 13 9 32 8 33 3 57 8 32 9 27 110 108 13 9 79 9 110 13 57 27 9 105 27 27 9 9 105 9 79 9 57 9 79 9 9 108
105 27 35 112 27 110 13 9 79 9 110 13 110 13 113 35 112
91 20 54 35 105 13 107
9 79 9 35 9 79 9 9 79 9 114
13 112 35 20 20 9 3 107
11 112 110 20 9 3 107
11 20 9 3 107
11 20 9 3 107
11 20 9 3 107
11 110 20 110 20 110 35 9 79 9 9 79 9 114
13 9 107 35 20 20 112 9 105 20 3 105 20 3 105 20 3 105 35 9 79 9 9 79 9 114
13 9 107 35 20 20 3 3 107 20 3 105 105 27 9 105 20 3 105 27 9 105 35 9 9 107
9 105 35 9 79 9 9 79 9 114
13 9 107 35 20 20 3 3 107 20 20 3 3 105 105 27 9 105 20 3 105 27 9 105 35 9 9 107
13 21 112 113
9 105 9 79 9 35 9 79 9 9 79 9 114
13 112 113
35 20 20 9 3 3 107 20 20 9 3 3 105 20 20 9 3 3 105 9 79 9 113
13 9 9 105 9 79 9 113
13 20 110 9 79 9 113
13 20 110 9 79 9 113
13 9 79 9 110 9 79 9 113
13 20 110 9 79 9 113
13 20 110 9 79 9 113
13 20 110 9 79 9 113
9 79 9 113
13 35 9 9 107
110 35 9 79 9 9 79 9 114
13 9 107 35 20 20 3 3 107 20 3 105 105 27 9 105 20 3 105 9 79 9 113
13 9 105 35 9 9 107
9 105 9 79 9 35 9 79 9 9 79 9 114
13 112 113
13 110 13 110 13 21 3 9 84 9 79 9 113
13 20 110 9 79 9 113
13 20 110 9 79 9 113
13 35 9 9 107
110 35 9 79 9 9 79 9 114
13 9 107 20 3 105 35 9 79 9 9 79 9 114
106 27 27 105 11 58 27 105 11 58 27 105 11 57 8 79 105 13 105 13 105 11 58 79 105 35 107
27 27 105
27 105
79 19 108
15 27 105 11 57 35 27 107 108 13 105 79 79 109
13 105
106
