1 4 5
1 5 6
1 6 7
1 7 8
1 8 9
1 11 12
1 12 13
1 13 14
1 29 30
1 30 31
1 31 32
1 33 34
2 27 14
2 27 14
2 36 14
2 36 11
2 36 14
2 17 14
2 17 14
2 17 11
2 44 11
2 44 14
2 44 14
2 18 14
2 18 11
2 18 14
2 48 11
2 48 14
2 48 14
2 20 14
2 20 11
2 20 14
2 21 14
2 21 14
2 21 11
2 28 14
2 28 11
2 28 14
2 22 14
2 22 14
2 22 11
2 38 14
2 38 14
2 38 11
2 37 14
2 37 14
2 37 11
2 23 14
2 23 11
2 23 14
2 45 14
2 45 11
2 45 14
2 24 11
2 24 14
2 24 14
2 47 14
2 47 14
2 47 11
2 41 11
2 41 14
2 41 14
2 35 15
2 26 11
2 26 14
2 26 14
2 19 11
2 19 14
2 19 14
2 39 1
2 42 11
2 42 14
2 42 14
2 10 14
2 10 14
2 10 11
2 25 11
2 25 14
2 25 14
2 40 14
2 40 11
2 40 14
2 51 43
2 50 11
2 50 14
2 50 14
2 4 2
2 4 2
2 54 46
2 54 46
2 3 1
2 52 46
2 52 46
2 53 46
2 53 46
3 27 16
3 36 16
3 17 16
3 44 16
3 18 16
3 48 16
3 20 16
3 21 16
3 28 16
3 22 16
3 38 16
3 37 16
3 23 16
3 45 16
3 24 16
3 47 16
3 41 16
3 26 16
3 19 16
3 42 16
3 33 34
3 10 16
3 25 16
3 40 16
3 4 9
3 29 32
4 16 49
4 32 24
