19 79 58 108 13 58 35 107 40 86 79 105 13 105 13 77 107
79 27 105 13 32 105 11 52 80 57 79 57 79 105 80 57 79 27 105 13 32 23 105 91 105
80 58 19 87 107
77 91 52 79 93 52 79 91 105
15 77 91 52 107
41 77 91 52 93 86 79 79 32 105
41 77 91 52 93 86 79 79 105
13 91 105
41 77 91 52 79 19 79 32 105
19 20 19 106 105
27 105 13 32 105 13 57 77 108
13 100 77 108
13 100 77 58 19 93 108 13 108 13 57 105 13 109 13 109 11 58 2 57 19 2 2 2 209 61 108
13 100 77 174 98 105 13 57 105 13 18 109 13 32 105 11 41 14 105 2 41 14 105 2 41 218 175 41 77 108
27 105 13 32 105 13 57 105 11 57 19 16 19 41
93 30 91 209 98 35 29 107 22 105 93 19 105
21 20 19 19 19 106 105
19 20 20 19 106 105
21 20 19 19 19 106 105
20 19 19 106 105
21 20 19 19 19 106 105
21 21 19 20 19 106 105
20 19 19 106 105
21 19 21 20 19 106 105
19 19 20 19 106 105
19 20 19 106 105
19 20 20 19 106 105
21 105
19 111 59 93 105
11 54 93 105 13 32 80 58 94 57 94 57 21 107
15 93 105
41 93 105 13 32 83 62 35 29 107 98 105
19 35 29 107 27 27 105 27 93 93 105 11 57 108
11 57 19 105 105
19 19 106 108
19 20 20 19 106 105
20 19 19 21 19 106 105
19 19 57 108
106
19 20 20 19 106 105
19 19 19 19 19 106 105
19 19 19 106 105
23 105 93 57 94 57 93 23 105 15
21 19 21 19 106 105
19 19 19 19 19 106 105
19 19 108 13 105 13 93 108 13 105 13 2 2 34 53 57 91 52 105 11 58 27 35 35 27 107 105 13 27 105 13 105 13 27 105 13 105 13 107 105 13 32 20 105 20 105 35 105 13 107 35 107 105 11 20 52 105 13 27 105 13 34 54 19 65 105 11 58 19 65 105 11 58 19 105 105 105 2 16 67 67 174 206 212 177 175 209 42 14 8 2 8 105 41 14 8 2 8 105 41 14 8 2 8 105 41 14 8 2 8 105 41 2 41
19 19 19 106 105
20 19 20 19 19 106 105
106 35 107
108
20 19 30 27 19 105 11 27 19 105 11 27 19 105 11 27 105 13 59 108
19 19 19 80 57 108
19 83 52 79 108
79 108
