1 7 8
1 8 9
1 9 10
1 10 11
1 11 12
1 12 13
1 13 14
1 14 15
1 18 19
1 19 20
1 31 32
1 32 33
1 33 34
1 34 35
1 69 71
1 71 72
1 72 73
1 73 74
1 74 75
1 75 76
1 76 77
1 77 78
1 78 70
1 79 80
1 80 81
1 81 82
1 83 84
1 84 85
1 85 86
2 29 6
2 29 5
2 24 50
2 24 64
2 24 62
2 24 64
2 24 66
2 28 65
2 28 50
2 28 56
2 28 65
2 28 56
2 22 63
2 22 57
2 31 35
2 31 35
2 18 21
2 23 52
2 23 52
2 23 55
2 23 50
2 26 65
2 26 17
2 26 46
2 26 65
2 26 46
2 26 5
2 26 6
2 30 56
2 30 65
2 30 65
2 30 56
2 27 17
2 27 5
2 27 6
2 25 65
2 25 65
2 61 50
2 61 51
2 61 66
2 61 54
2 61 64
2 61 64
2 61 53
2 61 54
2 61 53
2 40 52
2 40 52
2 41 65
2 41 65
2 58 51
2 58 64
2 58 53
2 58 50
2 58 64
2 58 66
2 58 53
2 59 6
2 59 17
2 59 5
2 42 65
2 42 65
2 43 55
2 43 65
2 43 65
2 36 50
2 37 55
2 60 54
2 60 49
2 60 54
2 60 51
2 60 57
2 60 63
2 44 66
2 44 50
2 45 55
2 39 50
2 88 17
2 88 5
2 88 6
2 88 50
2 38 17
2 38 6
2 38 5
2 38 50
2 87 51
2 4 17
2 4 5
2 4 6
2 1 17
2 1 6
2 1 5
2 2 17
2 2 5
2 2 6
2 3 5
2 3 6
2 7 5
2 7 17
2 7 6
2 16 5
2 16 17
2 16 6
2 83 50
3 18 20
3 26 47
3 68 48
3 69 70
3 67 48
3 79 82
3 7 15
3 83 86
4 82 31
