79 108
79 27 109 13 32 108 11 57 79 27 79 108
79 108
79 108
13 105 13 105 41
79 27 105 13 32 105 13 57 105 11 58 27 108
19 35 107 27 105 13 105 13 105 13 108
109 13 27 105 11 57 27 108
79 108
13 108
79 108
15 14 79 108
13 105 79 108
79 108
13 19 109
35 107 27 105 13 105 13 105 13 108
35 107 27 105 105
19 27 35 107 27 105 13 105 13 105 13 105 13 108 94 58 19 101 105 13 105 13 29 105 13 105 11 58 108
105
13 27 35 107 27 105 13 105 13 105 13 108 108
93 30 93 58 27 105 13 32 19 27 105 13 100 31 27 27 108 93 105 105 105
79 79 105
105 13 105 13 108 13 105 11 79 105
20 105 21 105
19 20 19 21 105
19 106 100 21 105
19 52 105 11 58 19 105
106 80 58 19 87 35 107 105 108 12 78 181 24 50 61 23 50 60 35 19 107
27 108
20 21 105
21 105
105
13 27 105 13 86 27 105 13 86 35 107 27 105 13 79 105 13 27 105 13 79 105 13 105 13 108
21 105
13 32 79 108 13 105 35 107 105 105 105 35 107
32 105
32 105
79 77 105
32 105
32 105
32 105
32 105
32 105
32 105
32 105
19 35 93 107 105 13 105 11 105 13 27 19 105 13 20 36 2 105 11 19 51 19 105 169 41 105 105 35 107 27 105 13 105 13 27 105 13 105 13 105 13 108
86 35 27 107 27 105 79 19 105
13 27 105 13 8 32 8 57 79 105 13 20 35 107 19 19 19 110
209 41 105 35 107 27 105 13 105 13 105 13 105 13 108
27 105 13 32 105 13 57 105 11 57 19 16 19 41
35 107 105 11 56 36 105 105 35 27 107 27 105 11 57 105 35 107 27 105 13 105
13 107 105 13 105 13 110
35 35 107 27 105 13 105 13 105 13 107 105 13 105 13 19 20 36 105 11 19 51 169 41 105 35 107 27 105 13 105 13 105 13 108
13 107 105 13 105 13 105
35 27 107 105 13 32 105 11 35 107 27 105 13 105 13 105 13 108
19 19 79 105 35 27 107 105 13 105 11 105 13 27 19 105 13 20 36 105 11 51 19 105 169 41 105 105 35 107 27 105 13 105 13 27 105 13 105 13 105 13 108
13 105 13 105 13 107 105 19 105
32 105
32 105
32 105
32 105
11 209 172 209 105 209 2 41 105 105 108
13 107 105 11 57 105 93 79 105 35 107 27 105 13 105
35 35 107 105 13 105 13 105 13 93 105 13 27 105 13 105 13 107 105 11 58 105 35 107 35 107 35 107 105 13 105 13 20 36 105 11 19 51 19 105 41 14 35 107 27 105 13 105 13 105 13 108
35 35 107 105 13 105 13 105 13 93 105 13 27 105 13 105 13 107 105 11 58 105 35 107 35 107 35 107 105 13 105 13 20 36 105 11 19 51 19 105 41 14 35 107 27 105 13 105 13 105 13 108
19 109
79 105 79 108
79 105 79 108
19 27 79 105
13 108
13 79 105
13 19 105 13 79 35 107 27 105 27 105 35 107 27 105 13 79 105
13 105 13 105 13 105 27 105 35 107 27 105 13 105 13 105 13 105 27 105 35 107 27 105 13 108
13 105 13 105 13 105 27 105 35 107 27 105 13 93 105 13 105 13 105 27 105 35 107 27 105 13 79 108
13 105 13 105 13 105 27 105 35 107 27 105 13 108
13 105 13 105 13 105 27 105 27 105 27 105 27 105 79 21 105
13 105 13 35 27 107 27 105 27 105 27 105 27 19 36 79 21 105
13 72 105 79 79 21 105
79 108
13 79 108 11 58 35 79 29 107 27 79 108
13 79 105 27 79 108
13 79 105 79 105
79 105
13 108
11 57 79 105
13 108 13 35 27 107 27 105 93 105
93 79 79 79 108
79 77 105
