105 11 19 52 105
79 105 13 105 13 35 107 57 27 79 105 13 105 13 105 19 105
35 112 9 79 9 110 13 27 110 13 110 13 35 9 79 9 9 107 35 9 79 9 9 107 35 9 79 9 9 79 9 9 9 107 19 105 11 58 105 15 35 9 79 9 112 105 13 9 32 8 9 79 9 110 11 58 9 79 9 110 11 58 35 112 9 79 9 110 13 27 110 13 9 79 9 110 13 110 13 35 112 27 110 13 105 13 20 113 13 110 13 110 13 27 9 105 20 3 105 20 3 105 105 11 20 3 52 105 13 35 35 112 9 79 9 110 13 9 105 13 110 13 9 107 20 3 36 105 11 62 20 3 55 20 3 105 105 11 41 105 105 105 12 23 50 61 105 42 14 57 105 105 42 105 11 57 9 80 3 57 9 79 9 9 105
93 105 13 9 105 13 34 19 54 65 93 35 107 27 110 13 105 13 105 13 105 35 107 9 105 13 27 105 13 105 13 105 13 35 107 35 107 9 105 13 27 105 13 105 13 105 13 105 13 105 11 57 105 11 121 105 12 50 57 105 35 107 9 105
86 107 86 79 27 23 19 8 110 79 105 15
19 19 105
106 105
13 100 105
93 86 35 35 107 79 105 13 27 105 13 105 13 107 100 93 105 101 35 107
106 19 84 105
19 19 35 107 22 105 13 27 105 13 27 105 13 105 13 105 13 35 29 107 22 108
