79 105
13 27 79 105 79 19 105
106 22 105
91 20 53 105
13 19 105 22 105
13 32 86 35 107 108 13 105 13 27 105 13 105 13 35 107 105 11 58 105
15 27 19 105
13 27 19 109 13 58 35 35 107 108 13 105 13 27 105 13 105 13 107 105 11 57 105 13 19 34 53 105
41 35 65 107 105 209 41 105 13 108 34 209 59 65 105 13 27 27 105 13 79 105 13 105
35 105
13 29 107 27 79 105 27 79 105 8 32 105 13 32 27 105 27 32 105 13 105 105
35 105
13 29 107 27 27 105 27 27 105 27 27 105 27 27 105 27 27 105 105
32 110 13 32 27 27 9 9 105 11 57 27 27 27 27 27 27 27 27 27 27 27 27 27 27 19 19 35 112 20 9 3 105 11 211 20 9 3 3 105 110 13 35 9 9 107
13 27 110 13 20 65 9 105 11 57 27 27 9 105 13 27 9 105 13 20 34 3 3 3 54 65 9 9 105 11 57 65 42 9 105 11 57 27 27 9 105 13 27 9 105 13 41 9 105 11 57 27 27 9 105 13 27 9 105 13 41 9 105 11 57 27 27 9 105 13 27 9 105 13 41 9 105 11 57 27 27 9 105 13 27 9 105 13 42 209 42 27 9 9 105 11 58 27 9 9 105 11 57 27 27 42 35 110
13 29 9 9 9 107 27 9 9 9 105 27 9 9 9 105 27 9 9 9 105 27 9 9 9 105 27 9 9 9 105 9 9 105
9 79 9 27 20 114 11 9 105
35 112
20 9 3 105
9 9 105
13 27 9 9 105 11 58 27 9 9 105 11 57 27 27 27 9 9 105 11 58 27 9 9 105 11 58 27 9 9 105 11 58 57 27 9 9 105 11 57 27 9 9 105 11 58 27 9 9 105 11 57 27 27 27 9 9 105 11 58 27 9 9 105 11 57 27 27 27 27 9 9 105 11 57 27 9 9 105 11 58 27 9 9 105 11 58 27 9 9 105 11 58 27 9 9 105 11 58 27 9 9 105 11 58 27 9 9 105 11 57 9 9 105
15 20 20 9 3 3 105 110 13 35 9 9 107
9 9 105
13 27 9 9 105 11 57 27 42 27 9 9 105 11 57 27 27 42 27 9 9 105 11 57 27 27 42 27 9 9 105 11 58 27 9 9 105 11 57 27 27 27 42 27 9 9 105 11 57 27 27 42 27 9 9 105 11 57 27 27 42 27 9 9 105 11 57 27 27 42 27 9 9 105 11 57 27 27 42 27 9 9 105 11 57 27 27 42 27 9 9 105 11 58 9 9 105
27 19 105
13 27 19 109 13 57 35 105
13 29 107 27 27 105 105
35 105
13 29 107 105
35 105
13 29 107 19 105
8 32 105 13 32 35 105
13 29 107 27 32 105 13 105 27 105 105
13 29 107 27 105 105
91 20 53 105
13 21 105 21 109 13 109 13 32 35 107 27 105 27 27 105 27 105 105
35 79 105
13 29 107 27 79 79 105 27 79 79 105 27 8 32 105 13 105 27 105 13 105 13 105 27 79 79 105 79 105
19 105 13 33 57 8 32 105 11 59 105 13 65 105 19 16 33 57 108 11 57 21 105 41 105 13 108 13 108 13 58 105 41 105 13 105 13 105 41 105 41
106 108 13 86 79 27 19 109 11 87 80 57 105
