19 20 106 94 57 19 108
91 53 27 105
11 57 19 108
15 94 58 107
94 57 91 53 27 105
11 58 93 27 23 22 8 110 35 107
106 91 20 53 79 27 105
11 57 15 108
13 57 108
13 27 105 13 108
19 19 19 108
11 57 35 108
13 105 13 109 13 107
27 36 105
12 108 13 72 108 13 27 27 105 13 27 36 105
12 108 13 72 108 13 27 27 105 13 27 27 105 13 27 105 13 35 27 107 27 79 21 105
13 105 27 105 27 105 79 105
19 19 35 108
13 105 13 109 13 107
27 36 105
12 108 13 72 108 13 27 27 105 13 27 36 105
12 108 13 72 108 13 27 27 105 13 27 27 105 13 27 105 13 35 27 107 108 13 105 79 105
106 79 57 79 79 21 105 13 105 35 35 108 13 27 107 27 107 105 11 57 105 79 57 79 105 19 86 15
35 27 107 93 108 13 27 105 79 108
13 105
106 79 57 79 79 21 105 13 105 35 35 108 13 27 107 27 107 105 11 57 105 79 57 79 105 19 86 15
35 27 107 93 108 13 27 105 79 108
13 105
12 108 13 72 108 13 27 27 105 13 27 27 105 13 27 105 13 35 27 107 108 13 105 93 105
13 105 27 105 27 105 93 105
21 19 109 13 32 78 109 11 44 106 11 16 93 93 105
19 93 105
11 20 56 108
13 21 108 13 105 15 93 105
11 57 35 105 13 29 107 27 19 105 105 13 105
35 27 107 27 105 35 107 27 105 13 108
13 105 13 105 13 105 13 108 13 105 108
13 105
106 79 57 79 79 21 105 13 105 35 35 108 13 27 107 27 107 105 11 57 105 79 57 79 105 19 86 15
21 21 20 19 109 13 32 78 109 11 44 106 11 16 93 105
93 105
11 57 35 105 13 29 107 105 13 105
