79 79 77 19 108
13 105
106 79 108
106 79 105
79 105
106 79 108
106 79 105
108 13 32 105 13 108
105
13 27 105 13 32 35 29 107 35 27 107 77 105 13 105 13 108 13 105 77 19 108
13 79 65 105 13 32 27 35 27 107 79 105 13 105 13 108 35 29 107 35 27 107 77 105 13 105 13 108 13 105 35 27 93 107 27 79 105 27 79 79 105 27 79 105 13 105 77 108
19 108
35 79 105
108
108
35 79 105
13 27 105 13 27 105 13 27 105 13 35 108 13 107 27 105 13 105 13 105 13 105 35 107 105 12 124 105 105
27 27 108 107
27 27 108 107
93 105 13 105 11 58 105 35 107 35 107 108 12 27 27 108 27 35 27 107 105 13 105 13 108 27 35 27 107 105 13 105 13 108 105 13 105 13 35 107 35 20 107
93 27 105 13 32 105 13 57 105 11 57 19 16 19 41
19 19 106 108
108
19 19 105
13 27 27 27 105 11 105
13 109 11 45 109 11 57 2 16 35 29 107 108
19 108
27 108
35 79 105
13 29 107 79 105
27 108
35 79 105
13 29 107 79 105
27 108
35 79 105
13 29 107 79 105
35 79 105
13 29 107 79 105
108
13 35 27 107 78 105 13 27 105 13 78 105 13 105 13 27 108
11 57 108 13 35 27 107 27 105 79 105
19 108
19 108
79 105 11 58 27 27 108
19 105 11 19 51 105 11 51 35 108
13 29 107 35 107 27 79 105 105 108
13 105
19 19 108
27 27 108 108
