1 41 42
1 47 48
1 49 50
1 52 53
1 53 54
1 55 56
1 56 57
1 58 59
1 59 60
1 60 61
1 61 62
1 63 64
1 66 67
1 69 70
1 78 79
1 79 80
1 81 82
1 82 83
1 83 84
1 85 96
1 96 107
1 107 114
1 114 115
1 115 116
1 116 117
1 117 118
1 118 119
1 119 86
1 86 87
1 87 88
1 88 89
1 89 90
1 90 91
1 91 92
1 92 93
1 93 94
1 94 95
1 95 97
1 97 98
1 98 99
1 99 100
1 100 101
1 101 102
1 102 103
1 103 104
1 104 105
1 105 106
1 106 108
1 108 109
1 109 110
1 110 111
1 111 112
1 112 113
1 120 128
1 128 129
1 129 130
1 130 131
1 131 132
1 132 133
1 133 134
1 134 135
1 135 121
1 121 122
1 122 123
1 123 124
1 124 125
1 125 126
1 126 127
1 139 140
1 140 141
1 141 142
1 142 143
1 143 144
1 144 145
1 145 146
1 146 137
1 137 138
1 148 149
1 157 158
1 158 159
1 162 163
1 163 164
1 164 165
1 167 168
1 168 169
1 169 170
1 170 171
2 39 19
2 39 2
2 39 3
2 14 19
2 14 2
2 14 3
2 136 78
2 136 78
2 136 80
2 136 80
2 46 172
2 46 173
2 58 54
2 58 52
2 58 52
2 58 54
2 11 13
2 11 12
2 81 78
2 81 80
2 81 78
2 81 80
2 120 138
2 43 173
2 75 80
2 75 78
2 75 80
2 75 78
2 74 80
2 74 78
2 74 80
2 74 78
2 155 154
2 155 154
2 15 6
2 15 7
2 17 5
2 38 35
2 38 34
2 16 6
2 16 10
2 16 13
2 16 12
2 22 2
2 22 13
2 22 30
2 22 10
2 22 12
2 18 19
2 18 5
2 8 5
2 151 157
2 151 157
2 151 159
2 151 159
2 150 159
2 150 157
2 150 159
2 150 157
2 37 35
2 37 33
2 37 28
2 37 31
2 20 29
2 20 36
2 21 33
2 21 28
2 21 35
2 21 29
2 21 31
2 21 1
2 21 3
2 32 25
2 23 3
2 23 27
2 23 26
2 24 25
2 4 27
2 4 9
2 4 13
2 4 10
2 4 12
2 4 26
2 4 3
2 44 172
2 44 173
2 55 52
2 55 54
2 55 54
2 55 52
2 40 172
2 40 173
2 73 78
2 73 80
2 73 78
2 73 80
3 47 48
3 167 171
3 136 77
3 58 62
3 160 161
3 162 164
3 120 139
3 120 161
3 120 127
3 75 77
3 74 77
3 152 153
3 151 156
3 150 156
3 49 50
3 72 174
3 63 64
3 73 77
3 65 147
3 41 42
3 66 67
3 69 70
3 68 174
3 71 76
4 165 85
4 77 45
4 76 85
4 84 45
4 148 160
4 76 58
4 62 45
4 149 160
4 156 45
4 166 47
4 113 162
4 171 47
4 51 45
4 57 45
4 48 160
4 165 58
5 127 81
