1 11 12
1 20 21
1 26 27
1 34 35
1 37 38
1 43 44
1 44 45
1 45 46
1 46 47
1 47 48
1 48 49
1 49 50
1 50 51
1 51 52
1 52 53
1 53 54
1 54 55
1 55 56
1 56 57
1 57 58
1 58 59
1 59 60
1 60 61
1 61 62
1 62 63
1 63 64
1 64 65
1 65 66
1 66 67
1 67 68
1 68 69
1 69 70
1 70 71
1 85 86
2 79 80
2 3 43
2 3 71
2 3 33
2 3 31
2 3 13
2 3 30
2 76 80
2 7 31
2 7 33
2 7 13
2 75 80
2 6 2
2 77 80
2 36 23
2 36 24
2 39 31
2 39 38
2 39 37
2 39 38
2 78 80
2 87 40
2 22 40
2 17 40
2 14 40
2 8 40
2 16 40
2 72 40
2 84 40
2 88 40
2 42 40
2 74 40
2 82 40
2 73 40
2 89 40
2 41 40
2 81 40
2 29 31
2 29 28
2 29 32
2 29 33
2 29 27
2 29 26
2 25 40
2 18 40
2 15 40
2 19 40
2 90 40
2 83 40
3 34 35
3 36 20
3 11 12
3 85 86
3 10 9
4 21 7
4 5 1
4 4 3
