1 1 2
1 2 3
1 3 4
1 4 5
1 11 12
1 19 20
1 20 21
1 22 33
1 33 44
1 44 55
1 55 60
1 60 61
1 61 62
1 62 63
1 63 64
1 64 23
1 23 24
1 24 25
1 25 26
1 26 27
1 27 28
1 28 29
1 29 30
1 30 31
1 31 32
1 32 34
1 34 35
1 35 36
1 36 37
1 37 38
1 38 39
1 39 40
1 40 41
1 41 42
1 42 43
1 43 45
1 45 46
1 46 47
1 47 48
1 48 49
1 49 50
1 50 51
1 51 52
1 52 53
1 53 54
1 54 56
1 56 57
1 57 58
1 58 59
2 17 79
2 17 84
2 17 113
2 67 113
2 67 79
2 67 114
2 67 84
2 22 93
2 22 79
2 16 15
2 108 100
2 108 82
2 90 113
2 90 114
2 90 79
2 90 84
2 98 96
2 98 97
2 98 82
2 65 83
2 65 93
2 65 101
2 65 100
2 74 96
2 74 101
2 74 82
2 74 93
2 74 84
2 74 97
2 74 79
2 74 100
2 74 83
2 74 89
2 73 93
2 69 82
2 69 97
2 69 96
2 69 69
2 105 93
2 6 93
2 85 97
2 85 96
2 87 93
2 87 83
2 9 93
2 106 93
2 7 93
2 7 79
2 88 93
2 70 93
2 121 79
2 126 79
2 76 113
2 76 76
2 76 114
2 10 114
2 10 79
2 10 84
2 10 113
2 78 114
2 78 113
2 78 84
2 78 79
2 13 83
2 124 79
2 124 93
2 127 79
2 99 97
2 99 96
2 77 79
2 77 84
2 77 113
2 77 114
2 107 79
2 107 14
2 115 79
2 111 101
2 111 100
2 71 93
2 66 79
2 66 93
2 68 83
2 19 81
2 19 79
2 19 93
2 11 82
2 11 12
2 123 79
2 91 79
2 104 79
2 104 81
2 8 79
2 109 84
2 109 114
2 109 79
2 109 113
2 109 82
2 75 93
3 22 59
3 98 95
3 65 18
3 73 18
3 72 18
3 69 95
3 6 18
3 85 94
3 9 18
3 7 18
3 86 103
3 88 18
3 70 18
3 1 5
3 112 80
3 121 18
3 116 18
3 110 80
3 118 18
3 120 18
3 117 18
3 124 18
3 119 18
3 99 95
3 125 18
3 92 94
3 102 18
3 122 18
3 71 18
3 19 18
3 19 21
