1 13 14
1 14 15
1 30 41
1 41 43
1 43 44
1 44 45
1 45 46
1 46 47
1 47 48
1 48 49
1 49 31
1 31 32
1 32 33
1 33 34
1 34 35
1 35 36
1 36 37
1 37 38
1 38 39
1 39 40
1 40 42
1 50 51
1 51 52
1 52 53
1 53 54
1 56 57
1 57 58
1 58 59
1 59 60
1 60 61
1 61 62
1 62 63
1 63 64
1 65 66
1 77 78
1 78 79
1 80 81
1 83 84
1 84 85
1 85 86
1 91 92
1 92 93
1 93 94
1 94 95
1 96 97
1 97 98
1 98 99
1 99 100
1 100 101
1 101 102
1 102 103
1 105 106
1 106 107
1 107 108
1 108 109
1 109 110
1 110 111
1 111 112
1 114 124
1 124 125
1 125 126
1 126 127
1 127 128
1 128 129
1 129 130
1 130 131
1 131 115
1 115 116
1 116 117
1 117 118
1 118 119
1 119 120
1 120 121
1 121 122
1 122 123
1 134 137
1 137 138
1 138 139
1 139 140
1 140 141
1 141 142
1 142 143
1 143 144
1 144 135
1 135 136
1 145 146
1 147 148
1 160 167
1 167 168
1 168 169
1 169 170
1 170 171
1 171 172
1 172 173
1 173 174
1 174 161
1 161 162
1 162 163
1 163 164
1 164 165
1 165 166
1 187 188
1 188 189
1 190 191
1 191 192
1 192 193
1 193 194
1 194 195
1 195 196
1 196 197
1 197 198
1 198 199
1 199 200
1 200 201
1 201 202
1 202 203
1 203 204
1 204 205
1 205 206
1 206 207
1 207 208
1 208 209
1 209 210
1 210 211
1 211 212
1 212 213
1 213 214
1 214 215
1 215 216
1 216 217
1 217 218
1 218 219
1 219 220
1 220 221
1 221 222
1 222 223
1 223 224
2 55 178
2 55 3
2 55 179
2 55 8
2 55 224
2 55 7
2 55 183
2 55 225
2 55 6
2 55 2
2 55 190
2 55 1
2 55 10
2 55 179
2 55 186
2 55 9
2 55 4
2 55 226
2 55 2
2 55 190
2 55 177
2 55 178
2 55 1
2 55 5
2 73 181
2 159 178
2 159 178
2 154 155
2 154 155
2 25 183
2 25 2
2 25 1
2 25 7
2 25 178
2 25 1
2 25 182
2 25 16
2 25 6
2 25 3
2 25 182
2 25 2
2 25 8
2 25 5
2 25 178
2 25 9
2 25 4
2 67 178
3 175 185
3 73 181
3 73 180
3 25 16
3 25 17
3 25 24
3 13 15
3 72 181
3 72 180
3 160 181
3 160 180
3 160 166
3 19 20
3 56 64
3 134 28
3 134 136
3 132 28
3 133 28
3 96 28
3 96 103
3 104 28
3 145 146
3 105 28
3 105 112
3 113 28
3 156 157
3 114 123
3 153 71
3 151 71
3 80 81
3 149 71
3 82 16
3 82 17
3 82 24
3 152 71
3 50 54
3 147 148
3 184 20
3 184 21
3 184 18
3 12 20
3 12 21
3 12 18
3 11 20
3 11 21
3 11 18
3 65 66
3 158 181
3 158 180
3 187 189
3 83 86
3 91 95
3 77 79
3 150 71
4 27 55
4 42 68
4 29 22
4 71 76
4 95 25
4 54 26
4 166 25
4 54 55
4 64 70
4 88 72
4 166 72
4 27 75
4 79 23
4 90 69
4 95 55
4 87 72
4 54 25
4 27 25
4 54 74
4 176 175
4 89 72
4 24 55
5 64 30
5 42 30
