57 105 11 58 19 58 105 105 16 14 108
57 105 11 58 2 58 105 16 14 108
105 11 57 105 11 58 35 107 40 15
23 50 61 35 27 107 40 61 35 27 107 40 61 35 27 107 40 35 27 107 105 11 57 35 27 107 105 11 57 105 35 8 2 2 5 2 112
13 105 11 57 105 11 58 35 35 107 27 105 13 105 13 105 13 107 40 14 31 40 77 209 84 79 35 107 27 105 13 105 13 20 105 13 105 13 105 79 105 107
79 105 35 35 35 79 19 107 93 107 107 86 31 15
105 11 58 35 35 107 27 105 13 105 13 105 13 107 40 209 41 15
13 209 41 105 13 105
27 108 13 35 107 105 13 32 77 105 77 105 18
13 57 105 11 57 105 11 57 19 16 19 41
79 79 79 79 108
27 108
19 27 35 107 27 105 13 105 13 105 13 105 13 108 94 58 19 101 105 13 105 13 29 105 13 105 11 58 108
105
13 27 35 107 27 105 13 105 13 105 13 108 108
105 13 105 13 35 107 105 20 105
13 27 35 107 27 105 13 105 13 105 13 27 105 13 105 13 105 13 108 35 27 107 27 105 27 35 107 108
13 19 105
105
19 105 19 8 8 8 8 112
40 35 27 107
19 106 21 21 105
19 19 106 21 105
35 29 107 27 79 105 27 79 105 27 80 105 27 79 105 22 105 105
21 106 21 105
106 21 105
19 105 11 44 15 35 27 107 35 107 93 105 13 27 105 13 105 13 108 13 105 105
86 79 105 19 87 35 29 107 20 105
105 13 19 105 13 105 13 105 15 35 29 107 27 93 105 13 105 27 35 107 93 105 13 27 105 13 105 13 105 13 105 105
20 19 19 19 19 106
86 93 86 79 27 27 105
79 27 79 105
79 27 79 105
79 27 79 105
79 27 79 105
79 27 79 105
79 27 79 105
79 105
42 14 105 42 14 105 42 20 52 57 105 13 57 27 105 11 57 35 107 35 107
23 105 42 52 108
20 52 57 27 105 13 27 105 11 57 93 93 105 13 32 35 107 27 27 109 93 105 79 93 52 93 86 15 20 52 52 57 105 13 57 36 108 13 72 79 109 86 41 20 52 79 57 57 51 8 79 109 86 41 105 13 41 20 52 57 105 13 105
11 58 35 29 107 105
13 27 105 13 35 107 19 84 105 13 19 108 13 105
13 105 13 19 36 19 27 72 19 19 19 110 13 109 11 52 109 19 109 11 93 35 107 27 105 13 105 13 105 13 108
2 57 105
13 19 19 19 19 110 13 109 27 109 11 109 13 108
13 35 107 93 20 105 105 13 35 105 13 107 105 11 57 105 105
13 19 19 19 19 110 13 109 27 109 11 109 13 35 107
79 93 52 35 107
21 19 19 19 19 107
11 35 107
35 27 93 107 35 107 105 13 108
13 35 107
105 11 45 15 35 29 107 27 79 105 105
21 19 19 19 106 35 107
19 19 105 11 58 44 2 16 80 57 80 57 93 57 93 105
11 57 93 105
2 41 87 93 105
41 80 57 93 57 93 105
11 57 93 105
2 41 87 93 105
41 79 58 105
2 41 79 105 11 57 79 105 41 93 105 11 57 107
19 41 108 12 78 149 23 50 61 23 50 59 93 93 105 13 32 27 105 11 57 35 29 107 20 105
23 19 19 23 19 93 27 108
106
19 35 107 27 105 79 105
19 106 105
106 21 105
19 19 106 105
13 8 41 19 52 35 29 107 27 35 107 27 105 13 27 108 13 105 13 105 13 105 105
106 21 105
108
106 21 105
106 21 105
19 106 21 105
35 79 108
13 29 107 27 19 105 27 19 105 27 27 105 27 79 78 105 27 79 78 105 27 79 79 105 79 108
13 105
35 27 35 107 27 105 13 79 105
13 105 13 105 13 108 13 107 27 105 22 105 79 105
79 27 19 105
35 79 79 29 107 27 79 108
13 105 27 79 108
13 105 27 79 79 108
13 105 27 19 105 79 79 105
35 79 29 107 79 20 105
93 93 105 13 32 27 105 11 57 35 79 29 107 79 20 105
11 58 93 93 105 13 32 27 105 11 57 35 79 29 107 79 105
35 79 29 107 79 105
19 19 93 35 107 27 105 13 105 13 27 105 13 79 105 13 32 105 13 105 13 108
58 35 79 79 19 107
36 79 105 13 72 105
15 52 79 79 27 105
13 32 27 79 105 13 108 13 105 79 79 27 108 13 105 41 35 27 79 105 13 108 13 107 79 79 105
19 79 79 79 108
11 57 15 79 79 79 108
11 58 79 79 79 108
79 79 79 108
41 27 105 11 58 27 105 11 58 27 105 11 58 27 105 11 58 27 105 11 58 27 105 11 57 93 35 107 27 105 13 105 13 105 13 108
108
13 105
27 105 11 57 35 27 107 108 13 105 79 79 79 105
106 79 79 79 108
19 79 79 108
11 57 15 79 79 108
11 58 79 79 108
79 79 108
41 27 105 11 58 27 105 11 58 27 105 11 58 27 105 11 58 27 105 11 58 27 105 11 57 93 35 107 27 105 13 105 13 105 13 108
108
13 105
27 105 11 57 35 27 107 108 13 105 79 79 105
106 79 79 108
19 19 23 19 19 77 52 77 52 108
13 105 108
13 105
11 57 35 107 35 107
105 93 105
41 79 27 108 13 105 41 79 108
13 105 11 57 79 108
13 105 108
13 105
11 57 35 79 29 107 79 105
13 105
93 27 108
108
13 105
13 58 93 93 105
11 63 44 93 27 108
15 79 108
13 105 11 57 79 108
19 19 79 108
106 79 108
79 108
35 107 93 105 13 27 105 13 105 13 35 79 29 107 27 19 105 27 105 27 19 105 27 79 21 105
13 105 79 105
11 57 19 16 79 108
11 58 79 108
79 108
19 41 79 19 108
93 35 107 27 105 13 105 13 105 13 108
27 105 11 57 19 41 27 105 11 57 79 27 19 108 13 105 19 41 27 105 11 57 93 93 105 13 32 27 105 11 57 35 79 107 27 105 13 21 35 107
105 13 19 105 13 105 13 105 19 42 93 93 105 13 32 27 105 11 57 108
13 79 105
93 35 107 27 105 13 105 13 105 13 108
27 105 11 57 35 27 108 13 107 79 105
79 21 105
13 32 21 105 35 107 35 107 27 19 105 105 79 20 105
79 79 77 19 108
79 79 77 19 108
79 79 77 19 108
79 79 77 19 108
79 79 77 19 108
86 35 107
79 27 105 13 32 86 79 27 23 19 79 110 79 27 23 19 79 110 15 14 105 41
32 105
80 58 15 35 29 107 19 22 108
9 79 108
27 105 13 27 105 11 57 105 13 57 27 105 13 57 27 105 11 57 27 27 105 13 93 108
19 22 19 19 27 93 35 107 27 105 13 105 13 105 13 105 13 108
36 72 105
27 105
27 105 13 32 91 20 54 107
13 58 93 27 108
35 107 29 105 105 27 27 105 27 27 108
13 105 105
105 13 105 11 57 107
93 35 107 27 105 13 105 13 105 13 105 13 108
27 105 13 86 79 27 27 105 13 86 79 27 105 11 57 2 27 79 27 105 11 58 58 79 108 11 56 35 107
27 79 105
27 108
13 27 105
35 107
79 105
19 106 105
105 13 27 105 11 57 27 105 13 32 91 20 53 105 11 87 80 58 35 29 107 22 105 105
2 8 105 11 54 105 13 32 105 13 105 13 32 27 105 11 209 105 13 32 105 11 209 105 13 27 105 11 19 52 35 107 27 105 13 105 13 105 13 35 107 79 105 13 105 13 27 105 13 105 13 27 105 13 105 13 35 105 13 32 107 105 13 58 8 209 2 8 42 35 107 35 107 107
105
105
13 105 105
105 13 35 27 107 27 105 19 105
19 19 27 105 13 32 19 105 13 19 105 13 105 11 57 2 16 105 11 57 2 41 14 2 41 2 41
27 105 13 32 105 13 58 105 13 27 108 13 18
79 108
35 29 107 27 105 20 19 108
65 105 41 14 41
35 27 107 35 107 27 105 13 79 108
13 105 13 105 13 105 13 108 13 105 79 108
13 105
13 105 105 11 57 105 13 108
105 11 35 107
107
86 27 105
11 57 109
11 57 20 51 93 109
109
13 109 19 109
27 109
27 105
13 57 27 105 11 57 19 105 11 20 51 19 105 13 109
13 108
13 108
13 109
79 109 13 109 13 109 11 57 109 13 32 109 13 32 109 13 32 109
41 14 105 40 19 42 57 108
13 42 108
13 18 20 53 20 53 109
11 58 35 27 109
13 105 13 107
40 105
13 57 109
11 58 27 105 11 58 93 105 13 105 11 58 35 27 109
13 105 13 107
40 57 93 105 13 105 11 57 33 57 8 32 8 108
11 58 108
13 109
79 108
13 86 105 11 57 109
13 93 51 19 86 105 13 57 105 13 86 27 27 105
11 57 35 79 107 86 79 21 109
11 108
13 109
11 121 105
13 86 87 8 42 105 13 41 108
13 105 13 42 18
13 105 13 32 109
