1 5 6
1 6 7
1 7 8
1 9 10
1 10 11
1 11 12
1 12 13
1 82 83
1 83 84
1 84 85
1 85 86
1 96 97
1 114 115
1 115 116
1 116 108
1 108 109
1 109 110
1 110 111
1 111 112
1 112 113
1 118 129
1 129 140
1 140 144
1 144 145
1 145 146
1 146 147
1 147 148
1 148 149
1 149 119
1 119 120
1 120 121
1 121 122
1 122 123
1 123 124
1 124 125
1 125 126
1 126 127
1 127 128
1 128 130
1 130 131
1 131 132
1 132 133
1 133 134
1 134 135
1 135 136
1 136 137
1 137 138
1 138 139
1 139 141
1 141 142
1 142 143
1 155 156
1 156 157
1 157 158
1 158 159
1 159 160
1 167 178
1 178 189
1 189 194
1 194 195
1 195 196
1 196 197
1 197 198
1 198 199
1 199 168
1 168 169
1 169 170
1 170 171
1 171 172
1 172 173
1 173 174
1 174 175
1 175 176
1 176 177
1 177 179
1 179 180
1 180 181
1 181 182
1 182 183
1 183 184
1 184 185
1 185 186
1 186 187
1 187 188
1 188 190
1 190 191
1 191 192
1 192 193
1 201 202
1 205 206
1 217 218
1 224 225
1 231 232
1 232 233
1 234 235
1 235 236
1 236 237
1 237 238
1 238 239
1 240 241
1 241 242
1 250 251
1 253 254
1 254 255
1 259 260
1 260 261
1 261 262
1 262 263
1 263 264
1 264 265
1 267 268
1 275 280
1 280 281
1 281 282
1 282 283
1 283 284
1 284 285
1 285 286
1 286 287
1 287 276
1 276 277
1 277 278
1 278 279
1 288 289
1 289 290
1 290 291
1 293 304
1 304 306
1 306 307
1 307 308
1 308 309
1 309 310
1 310 311
1 311 312
1 312 294
1 294 295
1 295 296
1 296 297
1 297 298
1 298 299
1 299 300
1 300 301
1 301 302
1 302 303
1 303 305
1 321 322
2 215 323
2 151 323
2 166 323
2 211 319
2 211 210
2 211 210
2 211 210
2 211 210
2 153 1
2 153 319
2 209 323
2 214 319
2 214 292
2 165 16
2 165 223
2 165 319
2 165 1
2 208 319
2 208 1
2 162 323
2 161 319
2 150 313
2 150 114
2 150 317
2 150 1
2 150 246
2 150 247
2 150 99
2 150 314
2 150 319
2 150 248
2 150 246
2 150 223
2 150 113
2 154 323
2 5 46
2 5 55
2 5 61
2 5 50
2 5 53
2 5 86
2 5 88
2 5 87
2 5 50
2 5 54
2 5 82
2 5 54
2 5 49
2 5 51
2 5 45
2 5 8
2 9 51
2 9 87
2 9 86
2 9 88
2 9 13
2 9 46
2 9 82
2 9 55
2 3 87
2 3 88
2 3 86
2 3 17
2 3 82
2 3 46
2 200 218
2 200 217
2 200 258
2 200 217
2 200 217
2 4 82
2 4 86
2 4 88
2 4 55
2 4 51
2 4 46
2 4 87
2 256 163
2 152 94
2 103 100
2 275 279
2 226 94
2 226 114
2 226 113
2 288 163
2 288 291
2 63 44
2 257 257
2 224 113
2 224 225
2 224 114
2 227 113
2 227 114
2 229 114
2 229 113
2 62 88
2 62 55
2 62 87
2 62 47
2 62 66
2 62 82
2 62 46
2 62 86
2 62 51
2 77 53
2 77 86
2 77 54
2 77 61
2 77 46
2 77 51
2 77 49
2 77 55
2 77 82
2 77 54
2 77 50
2 77 50
2 77 87
2 77 88
2 76 49
2 76 66
2 76 51
2 76 82
2 76 87
2 76 53
2 76 55
2 76 47
2 76 88
2 76 86
2 76 46
2 324 323
2 39 46
2 39 55
2 39 51
2 39 82
2 39 87
2 39 88
2 39 16
2 39 86
2 24 86
2 24 46
2 24 87
2 24 51
2 24 55
2 24 88
2 24 82
2 65 15
2 65 15
2 31 46
2 31 16
2 31 50
2 31 86
2 31 54
2 31 50
2 31 53
2 31 87
2 31 54
2 31 61
2 31 49
2 31 55
2 31 88
2 31 82
2 31 51
2 293 308
2 91 42
2 91 86
2 91 88
2 91 37
2 91 82
2 91 44
2 91 46
2 91 36
2 91 87
2 40 46
2 40 54
2 40 87
2 40 88
2 40 53
2 40 49
2 40 54
2 40 50
2 40 50
2 40 82
2 40 55
2 40 51
2 40 61
2 40 86
2 92 86
2 92 88
2 92 87
2 92 55
2 92 51
2 92 82
2 92 46
2 34 16
2 34 88
2 34 82
2 34 50
2 34 87
2 34 54
2 34 54
2 34 51
2 34 86
2 34 53
2 34 55
2 34 50
2 34 61
2 34 49
2 34 46
2 18 46
2 18 82
2 18 87
2 18 86
2 18 88
2 41 55
2 41 88
2 41 86
2 41 87
2 41 51
2 41 82
2 41 46
2 29 86
2 29 51
2 29 88
2 29 87
2 29 55
2 29 82
2 29 46
2 89 16
2 89 55
2 89 50
2 89 50
2 89 53
2 89 54
2 89 82
2 89 51
2 89 88
2 89 87
2 89 61
2 89 49
2 89 46
2 89 54
2 89 86
2 81 54
2 81 16
2 81 87
2 81 50
2 81 54
2 81 51
2 81 88
2 81 61
2 81 82
2 81 53
2 81 46
2 81 17
2 81 49
2 81 86
2 81 55
2 81 50
2 25 37
2 25 51
2 25 46
2 25 36
2 25 50
2 25 61
2 25 50
2 25 54
2 25 55
2 25 45
2 25 87
2 25 82
2 25 49
2 25 86
2 25 53
2 25 88
2 25 54
2 32 86
2 32 50
2 32 46
2 32 55
2 32 16
2 32 49
2 32 88
2 32 51
2 32 54
2 32 82
2 32 50
2 32 53
2 32 61
2 32 54
2 32 87
2 27 87
2 27 46
2 27 82
2 27 49
2 27 88
2 27 53
2 27 86
2 35 53
2 35 87
2 35 55
2 35 88
2 35 86
2 35 51
2 35 49
2 35 46
2 35 82
2 228 219
2 228 219
2 228 219
2 228 219
2 93 17
2 93 86
2 93 55
2 93 51
2 93 82
2 93 87
2 93 88
2 93 46
2 30 87
2 30 86
2 30 46
2 30 88
2 30 51
2 30 82
2 30 55
2 90 61
2 90 88
2 90 16
2 90 86
2 90 51
2 90 87
2 90 82
2 90 49
2 90 55
2 90 46
2 90 50
2 90 54
2 90 50
2 90 53
2 90 54
2 26 88
2 26 87
2 26 46
2 26 86
2 26 82
2 33 53
2 33 87
2 33 54
2 33 54
2 33 49
2 33 82
2 33 16
2 33 86
2 33 51
2 33 61
2 33 88
2 33 46
2 33 50
2 33 50
2 33 55
2 28 87
2 28 86
2 28 88
2 28 55
2 28 46
2 28 82
2 28 51
2 274 272
2 274 272
2 78 53
2 78 49
2 22 49
2 22 46
2 22 45
2 22 88
2 22 54
2 22 86
2 22 55
2 22 61
2 22 51
2 22 50
2 22 82
2 22 87
2 22 50
2 22 54
2 22 53
2 21 53
2 21 82
2 21 49
2 21 86
2 21 46
2 21 87
2 21 88
2 20 51
2 20 82
2 20 55
2 20 46
2 20 88
2 20 87
2 20 86
2 23 51
2 23 88
2 23 55
2 23 82
2 23 87
2 23 46
2 23 86
2 19 51
2 19 82
2 19 86
2 19 87
2 19 55
2 19 88
2 19 46
2 70 86
2 70 88
2 70 46
2 70 50
2 70 50
2 70 82
2 70 87
2 69 49
2 71 50
2 71 50
2 64 82
2 64 86
2 64 46
2 64 87
2 64 88
2 105 319
2 106 323
2 118 94
2 118 143
2 117 113
2 117 94
2 117 114
2 101 319
2 102 323
2 104 100
2 203 319
2 204 323
2 96 95
2 2 49
2 2 88
2 2 55
2 2 46
2 2 51
2 2 86
2 2 87
2 2 82
2 2 53
2 167 49
2 167 86
2 167 46
2 167 16
2 167 82
2 167 87
2 167 53
2 167 88
2 167 51
2 167 55
2 270 210
2 270 210
2 270 210
2 270 210
2 259 266
2 271 273
2 271 273
2 253 255
2 231 233
2 216 213
2 216 245
2 216 213
2 216 292
2 43 46
2 43 51
2 43 87
2 43 86
2 43 82
2 43 49
2 43 55
2 43 88
2 43 53
2 68 87
2 68 86
2 68 88
2 68 51
2 68 53
2 68 49
2 68 55
2 68 46
2 68 82
2 73 51
2 73 87
2 73 53
2 73 86
2 73 49
2 73 88
2 73 55
2 73 46
2 73 82
2 79 46
2 79 50
2 79 53
2 79 51
2 79 88
2 79 50
2 79 86
2 79 87
2 79 82
2 79 49
2 79 54
2 79 54
2 79 61
2 79 55
2 80 87
2 80 51
2 80 55
2 80 82
2 80 86
2 80 88
2 80 46
2 67 53
2 67 49
2 72 53
2 72 49
2 234 239
2 244 243
2 244 243
2 75 53
2 75 49
2 75 47
2 75 46
2 75 55
2 75 87
2 75 88
2 75 51
2 75 86
2 75 66
2 75 82
2 74 82
2 74 88
2 74 51
2 74 87
2 74 55
2 74 46
2 74 86
2 60 47
2 60 82
2 60 86
2 60 46
2 60 51
2 60 87
2 60 66
2 60 88
2 60 55
2 230 94
2 57 46
2 57 82
2 57 87
2 57 54
2 57 54
2 57 88
2 57 86
2 59 53
2 58 54
2 58 54
3 153 1
3 165 1
3 165 320
3 165 318
3 165 325
3 208 207
3 208 1
3 150 1
3 150 113
3 5 14
3 256 325
3 152 320
3 152 316
3 152 107
3 240 242
3 226 94
3 226 98
3 226 113
3 224 113
3 249 320
3 249 318
3 227 113
3 229 320
3 229 318
3 229 113
3 62 47
3 321 322
3 269 320
3 269 318
3 293 320
3 293 318
3 293 305
3 38 48
3 91 42
3 25 14
3 222 320
3 222 318
3 267 268
3 22 14
3 70 52
3 118 316
3 118 94
3 118 98
3 118 320
3 118 318
3 118 315
3 118 139
3 117 94
3 117 98
3 117 113
3 205 206
3 96 97
3 155 320
3 155 316
3 155 160
3 167 320
3 167 318
3 167 193
3 164 320
3 164 318
3 259 265
3 220 320
3 220 318
3 252 320
3 252 318
3 221 316
3 250 251
3 201 202
3 212 320
3 212 318
3 216 320
3 216 318
3 230 320
3 230 316
3 230 107
3 57 56
