79 105
11 58 79 105
11 108
79 105
11 57 35 79 108
13 29 107 22 105 22 105 35 107 27 108
13 105 11 105 105 79 108
13 105
21 21 79 105
19 106 22 105
114 11 44 19 16 35 9 107
93 93 27 93 21 9 105
13 21 9 3 105
13 110
41 27 19 44 35 113 13 107 27 105 13 21 9 105
13 105 13 105 13 113 13 35 27 107 9 105 93 27 105 11 57 21 9 105
13 108
19 79 105
11 44 35 79 107
36 105
15 44 41 35 27 107 79 21 105
13 108 13 105 79 105
109 79 105
79 21 105
13 35 27 107 108 13 105 79 105
109 79 105
79 21 105
13 35 27 107 108 13 105 79 105
106 19 105
35 27 19 107 27 105 105 13 19 105
13 35 107 108 13 35 27 107 27 105 27 105 93 27 105 11 57 108
35 27 107 27 105 27 105 27 105 93 27 105 11 57 108
79 108
13 91 105 13 35 27 107 108 13 105 79 108
13 105
79 108
13 91 105 13 35 27 107 108 13 105 79 108
13 105
79 108
13 91 105 13 35 27 107 108 13 105 79 108
13 105
79 105
19 44 15 35 27 107 79 108
13 91 105 13 108 13 105 79 108
13 105
86 35 27 107 27 105 79 105 13 57 19 105
