35 29 107 27 22 105
13 32 105 13 32 105
13 32 105 13 27 19 105 13 105
79 108
79 108
79 108
13 105 13 46 62 84 122 194 127 84 79 108
13 105 79 108
13 79 108
11 105 79 108
11 58 79 108
13 105 105 13 19 34 53 15 122 193 127 84 84 41 65 105 11 19 52 35 107 27 108 13 105 27 65 105 13 27 105 11 57 27 105 79 108
13 105
79 108
13 19 105
35 107 79 35 107
105
105 11 105 11 122 122 162 79 105
13 109 13 105 11 79 105
13 109 13 105 11 122 122 162 79 108
105 15
106 21 105
79 79 77 105 13 32 108 13 105 15 14 41
106 19 105
21 105
35 107
79 93 52 35 107
35 107 23 105 15 35 105
13 29 107 22 105 21 105 22 105 105
21 21 79 108
13 105
13 32 105 11 57 79 108
13 105
13 32 105 105 13 32 21 105 79 21 105
15 79 108
13 105
13 32 105 105 13 32 21 105 79 19 105
