1 5 16
1 16 25
1 25 26
1 26 27
1 27 28
1 28 29
1 29 30
1 30 31
1 31 6
1 6 7
1 7 8
1 8 9
1 9 10
1 10 11
1 11 12
1 12 13
1 13 14
1 14 15
1 15 17
1 17 18
1 18 19
1 19 20
1 20 21
1 21 22
1 22 23
1 23 24
1 39 50
1 50 61
1 61 72
1 72 83
1 83 89
1 89 90
1 90 91
1 91 92
1 92 40
1 40 41
1 41 42
1 42 43
1 43 44
1 44 45
1 45 46
1 46 47
1 47 48
1 48 49
1 49 51
1 51 52
1 52 53
1 53 54
1 54 55
1 55 56
1 56 57
1 57 58
1 58 59
1 59 60
1 60 62
1 62 63
1 63 64
1 64 65
1 65 66
1 66 67
1 67 68
1 68 69
1 69 70
1 70 71
1 71 73
1 73 74
1 74 75
1 75 76
1 76 77
1 77 78
1 78 79
1 79 80
1 80 81
1 81 82
1 82 84
1 84 85
1 85 86
1 86 87
1 87 88
1 95 96
1 96 97
1 97 98
1 104 108
1 108 109
1 109 110
1 110 111
1 111 112
1 112 113
1 113 114
1 114 115
1 115 105
1 105 106
1 106 107
1 117 118
1 118 119
1 122 123
1 123 124
1 130 131
1 131 132
1 132 133
1 134 140
1 140 141
1 141 142
1 142 143
1 143 144
1 144 145
1 145 146
1 146 147
1 147 135
1 135 136
1 136 137
1 137 138
1 138 139
1 148 149
1 149 150
1 150 151
1 167 168
1 168 169
1 169 170
1 170 171
1 178 189
1 189 194
1 194 195
1 195 196
1 196 197
1 197 198
1 198 199
1 199 200
1 200 179
1 179 180
1 180 181
1 181 182
1 182 183
1 183 184
1 184 185
1 185 186
1 186 187
1 187 188
1 188 190
1 190 191
1 191 192
1 192 193
1 206 207
1 208 219
1 219 230
1 230 238
1 238 239
1 239 240
1 240 241
1 241 242
1 242 243
1 243 209
1 209 210
1 210 211
1 211 212
1 212 213
1 213 214
1 214 215
1 215 216
1 216 217
1 217 218
1 218 220
1 220 221
1 221 222
1 222 223
1 223 224
1 224 225
1 225 226
1 226 227
1 227 228
1 228 229
1 229 231
1 231 232
1 232 233
1 233 234
1 234 235
1 235 236
1 236 237
1 254 255
1 282 283
1 283 284
1 361 362
1 364 365
1 365 366
1 367 368
1 368 369
1 380 381
1 390 391
2 208 301
2 208 345
2 208 299
2 208 332
2 208 423
2 129 332
2 104 332
2 178 345
2 178 299
2 178 301
2 178 423
2 178 139
2 178 193
2 153 332
2 1 332
2 247 332
2 172 332
2 100 345
2 100 423
2 100 332
2 100 301
2 100 299
2 93 93
2 93 332
2 203 332
2 39 85
2 39 345
2 39 299
2 39 332
2 39 423
2 39 301
2 163 332
2 155 345
2 155 299
2 155 423
2 155 301
2 155 332
2 121 332
2 121 299
2 121 345
2 121 423
2 121 301
2 35 332
2 162 301
2 162 345
2 162 423
2 162 299
2 162 332
2 5 332
2 244 332
2 202 332
2 250 423
2 250 345
2 250 332
2 250 299
2 250 301
2 103 301
2 103 423
2 103 345
2 103 299
2 103 332
2 32 332
2 152 332
2 164 332
2 126 299
2 126 301
2 126 423
2 126 332
2 126 345
2 99 332
2 177 423
2 177 301
2 177 299
2 177 345
2 248 332
2 173 332
2 201 301
2 201 332
2 201 423
2 201 299
2 201 345
2 125 332
2 34 332
2 174 332
2 176 299
2 176 332
2 176 423
2 176 345
2 176 301
2 128 345
2 128 301
2 128 423
2 128 332
2 128 299
2 154 345
2 154 332
2 154 423
2 154 301
2 154 299
2 156 332
2 165 332
2 251 332
2 2 332
2 305 423
2 305 299
2 305 301
2 305 345
2 306 345
2 306 299
2 306 423
2 306 301
2 304 423
2 304 345
2 304 301
2 304 299
2 302 301
2 302 345
2 302 299
2 302 423
2 424 422
2 303 423
2 303 301
2 303 299
2 303 345
2 313 423
2 313 301
2 313 345
2 313 299
2 444 332
2 451 332
2 449 332
2 94 299
2 94 345
2 94 423
2 94 332
2 94 301
2 446 332
2 245 423
2 245 299
2 245 301
2 245 345
2 245 332
2 372 345
2 372 423
2 372 301
2 372 299
2 380 381
2 380 381
2 373 301
2 373 345
2 373 423
2 373 299
2 376 299
2 376 301
2 376 345
2 376 423
2 421 423
2 421 301
2 421 299
2 421 345
2 425 329
2 425 328
2 425 332
2 425 345
2 425 423
2 425 301
2 425 265
2 425 299
2 402 332
2 402 299
2 402 345
2 402 423
2 402 329
2 402 301
2 402 328
2 402 265
2 407 265
2 407 328
2 407 329
2 407 423
2 407 301
2 407 345
2 407 299
2 407 332
2 271 423
2 271 332
2 271 329
2 271 328
2 271 301
2 271 299
2 271 345
2 356 329
2 356 301
2 356 345
2 356 423
2 356 328
2 356 265
2 356 332
2 356 299
2 377 423
2 377 345
2 377 301
2 377 299
2 388 423
2 388 301
2 388 345
2 388 299
2 393 301
2 393 423
2 393 299
2 393 345
2 441 332
2 452 332
2 334 334
2 396 309
2 416 299
2 416 423
2 416 265
2 416 301
2 416 345
2 416 329
2 416 332
2 416 328
2 278 329
2 278 328
2 278 332
2 414 265
2 414 345
2 414 423
2 414 332
2 414 329
2 414 328
2 414 301
2 414 299
2 384 139
2 379 139
2 442 332
2 435 332
2 443 332
2 394 301
2 394 423
2 394 299
2 394 345
2 418 301
2 418 423
2 418 345
2 418 299
2 385 423
2 385 301
2 385 299
2 385 345
2 266 301
2 266 345
2 266 299
2 266 423
2 417 299
2 417 301
2 417 345
2 417 423
2 277 332
2 415 301
2 415 329
2 415 332
2 415 423
2 415 345
2 415 328
2 415 299
2 415 265
2 279 345
2 279 423
2 279 299
2 279 301
2 371 139
2 298 299
2 298 301
2 298 423
2 298 345
2 445 434
2 445 332
2 438 434
2 438 332
2 276 332
2 276 329
2 276 328
2 276 265
2 276 301
2 276 345
2 276 423
2 276 299
2 450 332
2 447 332
2 448 332
2 439 332
2 440 332
2 127 332
2 120 332
2 117 345
2 117 299
2 117 301
2 117 423
2 101 332
2 95 423
2 95 301
2 95 299
2 95 345
2 246 345
2 246 301
2 246 299
2 246 423
2 249 332
2 206 423
2 206 301
2 206 345
2 206 299
2 4 332
2 175 332
2 167 299
2 167 423
2 167 328
2 167 301
2 167 345
2 167 332
2 167 329
2 167 265
2 419 301
2 419 299
2 419 345
2 419 423
2 358 299
2 358 301
2 358 345
2 358 423
2 420 301
2 420 423
2 420 345
2 420 299
2 398 301
2 398 345
2 398 299
2 398 423
2 357 299
2 357 301
2 357 345
2 357 423
2 326 332
2 349 332
2 349 328
2 349 329
2 295 345
2 295 299
2 295 329
2 295 332
2 295 328
2 295 423
2 295 301
2 295 265
2 289 332
2 289 299
2 289 301
2 289 345
2 289 265
2 289 328
2 289 329
2 289 423
2 431 265
2 431 423
2 431 299
2 431 329
2 431 328
2 431 301
2 431 345
2 431 332
2 410 332
2 404 332
2 399 299
2 399 345
2 399 423
2 399 301
2 287 345
2 287 301
2 287 332
2 287 265
2 287 329
2 287 423
2 287 299
2 287 328
2 429 423
2 429 301
2 429 332
2 429 329
2 429 265
2 429 299
2 429 345
2 429 328
2 350 332
2 296 265
2 296 299
2 296 301
2 296 329
2 296 423
2 296 332
2 296 345
2 296 328
2 321 332
2 290 332
2 290 301
2 290 328
2 290 423
2 290 345
2 290 299
2 290 329
2 290 265
2 432 299
2 432 328
2 432 265
2 432 423
2 432 329
2 432 345
2 432 332
2 432 301
2 318 332
2 294 328
2 294 299
2 294 329
2 294 265
2 294 423
2 294 301
2 294 345
2 294 332
2 288 265
2 288 299
2 288 423
2 288 329
2 288 332
2 288 345
2 288 328
2 288 301
2 430 299
2 430 329
2 430 265
2 430 328
2 430 301
2 430 345
2 430 423
2 430 332
2 297 328
2 297 265
2 297 301
2 297 332
2 297 345
2 297 423
2 297 329
2 297 299
2 269 299
2 269 423
2 269 345
2 269 301
2 252 299
2 252 301
2 252 345
2 252 423
2 272 423
2 272 345
2 272 299
2 272 301
2 359 423
2 359 345
2 359 301
2 359 299
2 263 299
2 263 423
2 263 345
2 263 301
2 270 301
2 270 299
2 270 423
2 270 345
2 257 345
2 257 423
2 257 301
2 257 299
2 260 345
2 260 423
2 260 299
2 260 301
2 259 423
2 259 299
2 259 301
2 259 345
2 262 301
2 262 423
2 262 299
2 262 345
2 267 345
2 267 328
2 267 301
2 267 332
2 267 329
2 267 423
2 267 299
2 273 301
2 273 423
2 273 345
2 273 299
2 264 423
2 264 299
2 264 301
2 264 345
2 258 301
2 258 423
2 258 345
2 258 299
2 261 299
2 261 345
2 261 301
2 261 423
3 208 237
3 104 107
3 178 134
3 100 331
3 39 88
3 35 331
3 162 157
3 162 158
3 162 159
3 162 160
3 162 161
3 5 24
3 148 151
3 130 133
3 165 331
3 370 331
3 376 331
3 402 336
3 402 327
3 402 337
3 361 362
3 364 366
3 407 339
3 407 341
3 356 336
3 356 327
3 356 337
3 356 204
3 356 205
3 356 339
3 356 342
3 356 341
3 102 38
3 378 161
3 280 38
3 360 116
3 282 284
3 395 308
3 307 330
3 275 274
3 396 340
3 416 342
3 268 330
3 367 369
3 278 335
3 278 36
3 278 336
3 278 327
3 278 337
3 343 330
3 414 336
3 414 327
3 414 337
3 392 330
3 363 338
3 384 134
3 379 134
3 277 253
3 415 253
3 281 38
3 383 330
3 374 330
3 371 134
3 371 160
3 382 344
3 276 336
3 276 327
3 276 337
3 122 116
3 122 124
3 117 119
3 95 38
3 95 98
3 206 207
3 167 171
3 322 37
3 291 204
3 412 342
3 315 37
3 326 253
3 403 336
3 403 327
3 403 337
3 353 205
3 286 37
3 346 342
3 349 336
3 349 327
3 349 337
3 386 166
3 406 342
3 389 330
3 410 253
3 314 204
3 324 341
3 317 336
3 317 327
3 317 337
3 427 37
3 355 205
3 316 336
3 316 327
3 316 337
3 404 253
3 319 342
3 287 336
3 287 327
3 287 337
3 347 205
3 408 336
3 401 37
3 350 253
3 390 391
3 321 253
3 290 342
3 348 37
3 325 336
3 325 327
3 325 337
3 352 342
3 318 253
3 397 37
3 285 339
3 428 308
3 292 37
3 413 300
3 354 37
3 320 204
3 400 308
3 288 253
3 409 336
3 409 327
3 409 337
3 323 339
3 293 341
3 351 342
3 426 204
3 256 333
3 387 166
3 254 255
3 312 310
3 312 311
4 330 5
4 98 162
4 36 172
4 166 152
4 145 130
4 145 148
4 405 39
4 98 1
4 375 162
4 330 39
4 33 1
4 362 121
4 411 39
4 253 162
4 3 39
4 433 39
4 33 162
4 436 162
4 133 148
4 98 172
4 204 5
4 204 39
4 107 39
4 330 208
4 116 152
4 38 5
4 204 208
4 205 208
5 166 167
5 124 117
5 436 437
5 116 117
