1 1 2
1 2 3
1 3 4
1 4 5
1 5 6
1 6 7
1 11 12
1 12 13
1 24 25
1 25 26
1 26 27
1 27 28
1 28 29
1 29 30
1 30 31
1 43 44
2 41 19
2 24 31
2 18 47
2 18 43
2 18 48
2 18 50
2 18 51
2 18 46
2 18 46
2 18 46
2 18 45
2 18 52
2 18 43
2 18 49
2 18 43
2 18 44
2 18 50
2 18 42
2 14 19
2 16 19
2 17 19
2 35 40
2 35 40
2 35 40
2 35 37
3 24 25
3 14 19
3 16 22
3 16 19
3 1 7
3 11 13
3 17 19
3 17 20
3 17 21
3 35 38
3 35 33
3 35 39
3 35 36
3 35 32
3 34 33
3 15 23
3 8 10
3 8 9
