1 13 14
1 18 19
1 19 20
1 26 27
1 38 39
1 46 47
1 50 61
1 61 72
1 72 73
1 73 74
1 74 75
1 75 76
1 76 77
1 77 78
1 78 51
1 51 52
1 52 53
1 53 54
1 54 55
1 55 56
1 56 57
1 57 58
1 58 59
1 59 60
1 60 62
1 62 63
1 63 64
1 64 65
1 65 66
1 66 67
1 67 68
1 68 69
1 69 70
1 70 71
1 87 88
2 3 17
2 89 17
2 24 17
2 8 17
2 5 17
2 9 17
2 4 17
2 10 17
2 21 21
2 21 21
2 6 17
2 23 17
2 18 17
2 18 20
2 18 19
2 2 17
2 1 17
2 50 71
2 90 17
2 91 17
2 45 17
3 44 32
3 26 27
3 46 47
3 87 88
3 86 80
3 7 11
3 38 39
3 13 14
3 43 41
3 84 80
3 85 80
3 85 79
3 31 41
3 31 37
3 31 40
3 31 34
3 31 42
3 31 36
3 31 32
3 31 35
3 30 33
3 82 80
3 82 81
3 22 28
3 22 25
4 41 83
4 79 18
4 81 43
4 42 89
4 40 49
4 34 16
4 28 89
4 36 15
4 37 29
4 25 83
4 48 43
4 35 12
