19 79 105 13 109 13 86 79 105 13 109 13 86 79 105 13 109 13 86 79 105 13 109 13 86 79 105 13 109 13 86 79 105 13 109 13 86 35 107
79 105 13 109 13 86 35 107
79 105 13 109 13 86 35 107
79 105 13 109 13 86 35 107
79 105 13 109 13 86 35 107
79 105 13 109 13 86 35 107
105
79 105 13 109 13 86 35 107
79 105 13 109 13 86 35 107
79 105 13 109 13 86 35 107
13 29 107 22 105 105
19 106 21 105
19 21 105
13 32 86 35 27 107 27 105 27 19 36 27 72 105 27 27 105 27 79 105 13 105 27 108
106 21 105
106 21 105
11 57 79 20 36 71 71 19 71 19 71 19 71 19 71 19 71 19 105 108
19 27 105
13 32 86 79 27 105 13 86 79 105 27 105
13 32 86 79 27 105 13 86 79 105 35 107
19 106 79 105 79 105 79 105 79 105
79 105
79 105 13 109 13 35 107
19 105
13 29 107 22 105 105
35 105
13 29 107 22 105 105
13 29 107 22 105 105
106 21 105
79 105
19 19 19 58 79 105
13 29 107 105
108 13 105 13 35 27 107 27 105 27 19 36 19 27 72 105 27 27 105 27 105 22 105 105
13 29 107 22 105 105
13 29 107 22 105 105
13 29 107 22 105 105
13 29 107 22 105 105
35 105
13 29 107 22 105 105
13 29 107 22 105 105
13 29 107 22 105 105
13 29 107 22 105 105
106 35 107
27 27 108 105
79 79 105 13 109 13 86 79 79 27 79 79 105
35 105
13 29 107 22 105 105
13 29 107 22 105 105
20 106 35 107
27 105 11 57 27 109 13 105
13 21 105 13 108 13 107 27 105 13 105 13 27 105 13 105 13 105 107
41 105
13 20 108
41 27 105 11 57 27 109 13 105
13 108
11 57 35 105
13 21 105 13 108 13 107 27 105 13 105 13 27 105 13 105 13 105 42 105
13 20 108
42 27 105 11 57 27 109 13 105
13 108
13 108
11 57 35 105
13 21 105 13 108 13 107 27 105 13 105 13 27 105 13 105 13 105 42 105
13 20 108
42 27 105 11 57 27 109 13 105
13 108
11 57 35 108 13 107 27 105 13 105 13 105 42 105
13 20 108
42 27 105 11 57 105
42 27 105 11 57 19 109 11 57 27 105
13 32 20 36 19 23 71 19 23 71 19 23 71 19 23 71 19 23 71 19 23 71 19 23 71 19 105 42 27 105 11 57 19 109 11 57 27 105
11 57 35 105
13 21 105 13 108 13 107 27 105 13 105 13 27 105 13 105 13 105 107
15 105
13 19 108
41 27 105 11 57 27 109 13 105
13 108
11 57 35 105
35 29 107 105
13 29 107 105
13 29 107 22 105 105
19 101 105
106 19 108
27 27 108 105
19 19 106 105
19 106 101 94 57 105
35 105
13 29 107 22 105 105
106 21 105
79 105 13 32 57 105
19 84 105
