1 9 10
1 10 11
1 11 12
1 12 13
1 13 14
1 14 15
1 17 18
1 19 20
1 22 23
1 23 24
1 24 25
1 25 26
1 27 28
1 28 29
1 30 31
1 31 32
1 33 34
1 34 35
1 35 36
1 39 40
1 40 41
1 41 42
1 42 43
1 43 44
1 45 46
1 46 47
1 48 49
1 49 50
1 51 52
1 52 53
1 53 54
1 57 58
1 58 59
1 64 65
1 65 66
1 66 67
1 68 69
1 69 70
1 85 86
1 86 87
1 87 88
1 88 89
1 89 90
1 90 91
1 93 94
1 95 96
1 99 100
1 100 101
1 101 102
1 102 103
1 104 105
1 105 106
1 106 107
1 107 108
1 109 110
1 110 111
1 111 112
1 112 113
1 115 116
1 116 117
1 117 118
1 118 119
1 140 141
1 141 142
1 142 143
1 143 144
1 144 145
1 145 146
1 154 155
1 155 156
1 157 158
1 159 160
1 160 161
1 161 162
1 162 163
1 163 164
1 164 165
1 166 167
1 167 168
1 168 169
1 169 170
1 177 178
1 178 179
1 179 180
1 180 181
1 181 182
1 182 183
1 184 185
1 186 187
1 189 190
1 190 191
1 191 192
1 192 193
2 124 123
2 124 121
2 124 121
2 92 92
2 147 147
2 171 171
2 16 16
2 130 131
2 148 153
2 74 75
2 1 2
2 77 78
2 60 63
2 194 195
2 138 138
2 138 138
2 138 138
2 97 98
2 97 98
2 97 94
2 97 98
2 97 94
2 97 93
2 95 96
2 95 96
2 95 98
2 95 98
2 95 98
2 71 64
2 71 71
2 71 73
2 71 71
2 157 120
2 157 170
2 157 159
2 157 166
2 157 158
2 157 120
2 157 158
2 157 120
2 37 33
2 37 37
2 37 39
2 37 39
2 37 37
2 19 120
2 19 120
2 19 120
2 19 22
2 19 26
2 19 20
2 19 21
2 19 20
2 186 187
2 186 188
2 186 189
2 186 193
2 186 120
2 186 187
2 186 120
2 186 120
2 55 55
2 55 55
2 55 51
2 5 17
2 5 120
2 5 120
2 5 18
2 5 21
2 5 120
2 5 18
2 140 159
2 140 144
2 140 120
2 140 139
2 140 120
2 140 120
2 140 146
2 81 98
2 81 98
2 81 94
2 81 93
2 81 94
2 81 98
2 177 120
2 177 181
2 177 188
2 177 120
2 177 176
2 177 183
2 177 120
2 151 170
2 151 166
2 174 193
2 174 189
2 6 22
2 6 26
2 82 99
2 82 103
2 62 70
2 62 73
2 62 68
2 62 70
2 149 170
2 149 166
2 9 8
2 9 120
2 9 15
2 9 21
2 9 120
2 9 13
2 9 120
2 172 189
2 172 193
2 85 89
2 85 98
2 85 84
2 85 91
2 85 98
2 85 98
2 152 154
2 152 120
2 152 156
2 152 120
2 152 159
2 152 156
2 152 120
2 4 26
2 4 22
2 175 185
2 175 185
2 175 120
2 175 188
2 175 120
2 175 184
2 175 120
2 80 103
2 80 99
2 61 68
2 61 70
2 61 70
2 61 73
2 7 18
2 7 17
2 7 120
2 7 21
2 7 120
2 7 120
2 7 18
2 83 93
2 83 98
2 83 94
2 83 98
2 83 94
2 83 98
2 150 156
2 150 120
2 150 154
2 150 120
2 150 120
2 150 156
2 150 159
2 173 184
2 173 120
2 173 185
2 173 120
2 173 188
2 173 185
2 173 120
3 133 137
3 197 198
3 104 108
3 115 119
3 134 135
3 109 113
3 30 32
3 48 50
3 97 93
3 71 64
3 37 44
3 37 33
3 55 51
3 57 59
3 27 29
3 5 17
3 140 165
3 81 93
3 45 47
3 151 166
3 174 189
3 6 22
3 82 99
3 62 68
3 149 166
3 172 189
3 152 154
3 4 22
3 175 184
3 80 99
3 61 68
3 7 17
3 83 93
3 150 154
3 173 184
4 119 132
4 165 132
4 137 38
4 122 114
4 127 196
4 198 136
4 50 72
4 128 79
4 32 56
4 135 199
4 126 3
4 44 132
4 129 199
4 125 76
5 17 19
5 93 95
5 184 186
5 54 55
5 154 157
5 189 186
5 67 71
5 166 157
5 36 37
5 22 19
