21 19 19 79 108
109
106 21 105
79 79 108
79 79 108
79 79 108
79 79 108
13 105 13 109 79 79 79 109 15
79 79 79 105 13 32 108
35 107
105
79 108
13 105 108 13 105 19 108 13 79 105
13 35 107 27 105 13 79 108
13 105 13 105 13 105 13 19 108 13 105 79 79 105 79 79 108
108 13 105 13 27 105 11 57 27 105 13 32 79 79 105 11 19 54 79 79 35 107 105 13 105 13 27 105 13 105 13 105 13 105 13 105 79 79 105 79 79 105 15 19 19 79 79 105 11 54 105 13 79 79 105 13 32 105 13 105 11 57 19 209 41 57 79 79 35 107 105 13 105 13 27 105 13 105 13 105 13 105 13 105 79 79 105 79 79 105 41
13 27 19 108 13 105 15 79 105 11 58 35 27 107 19 105
41 14 105 41 79 105 13 109 11 62 109 13 109 11 57 109 13 32 105 13 79 105 11 57 86 107
19 106
58 52 79 105 13 109 11 62 109 13 109 11 57 109 13 32 105 13 27 105 11 57 86 107
19 27 108 13 79 105 13 27 19 36 19 93 72 105 13 79 19 36 19 19 108 13 72 105 13 32 86 79 105 79 105 13 86 79 105 13 86 107
13 27 19 108 13 105 15 79 105 11 58 35 27 107 19 105
41 14 105
13 35 107 27 105 13 105 13 105 13 105 13 108 13 105 105 41 35 107 79 27 105 11 57 27 105 79 35 107
105 13 105 35 27 107 79 105
79 105 41 14 105
19 58 35 27 107 35 108 13 27 107 79 108 13 108
27 79 108
13 105 27 19 105 79 19 105
79 27 86 35 107
105
35 79 29 107 79 105
13 105
13 109 11 58 79 27 105 11 57 27 108 13 105 15 79 27 105 11 57 105
13 27 108 13 105 41 79 105 27 105 27 105 27 105 27 105 27 105 27 105 52 35 107
109 13 32 35 79 79 79 79 107 105 19 105
19 51 15 58 58 52 27 105 13 27 105 13 27 105 13 79 105 13 109 11 62 109 13 109 11 57 109 13 32 105 13 27 105 11 57 86 107
21 106 21 105
19 27 108 13 79 105 13 86 79 105 79 105 13 86 79 105 13 86 105
13 27 19 108 13 105 107
79 107
11 57 79 27 105 11 57 105
13 27 19 108 13 105 107
35 29 107 22 105 105
19 58 35 27 107 35 108 13 27 107 79 108 13 108
27 79 108
13 105 27 19 105 79 19 105
79 27 86 35 107
105
35 79 29 107 79 105
13 105
13 109 11 58 79 27 105 11 57 27 108 13 105 15 79 27 105 11 57 105
13 27 108 13 105 41 79 105 27 105 27 105 27 105 27 105 27 105 27 105 52 35 107
109 13 32 35 79 79 79 79 107 105 19 105
19 51 15 58 58 52 27 105 13 27 105 13 27 105 13 79 105 13 109 11 62 109 13 109 11 57 109 13 32 105 13 27 105 11 57 86 41 44 41 107
21 106 21 105
19 58 35 27 107 35 108 13 27 107 79 108 13 108
27 79 108
13 105 27 19 105 79 19 105
19 79 27 86 35 107
79 79 79 79 79 79 79 79 79 79 79 108
79 79 79 79 79 79 79 79 79 79 79 108
19 109
13 105
13 109 11 58 79 27 105 11 57 27 108 13 105 15 79 27 105 11 57 105
13 27 108 13 105 41 79 105 27 105 27 105 27 105 27 105 27 105 27 105 52 35 107
109 13 32 35 79 79 79 79 107 105 19 105
13 27 19 108 13 105 15 79 105 11 58 35 27 107 19 105
41 14 105
13 35 107 27 105 13 105 13 105 13 105 13 108 13 105 105 41 79 105 13 109 11 62 109 13 109 11 57 109 13 32 105 13 27 105 11 57 86 107
19 51 15 58 58 52 79 105 13 109 11 62 109 13 109 11 57 109 13 32 105 13 27 105 11 57 86 79 79 79 107
21 106 21 105
27 108 13 79 105 13 27 19 36 19 93 72 105 13 79 19 36 19 19 108 13 72 105 13 32 86 79 105 79 105 13 86 79 105 13 86 105
79 108
109
106 21 105
21 19 79 108
109
106 21 105
79 79 108
79 79 19 108
79 79 108
79 79 19 108
13 105 13 109 79 79 79 109 15
79 79 79 105 13 32 108
35 107
105
79 108
13 105 108 13 105 19 108 13 79 105
13 35 107 27 105 13 79 108
13 105 13 105 13 105 13 19 108 13 105 79 79 105 79 79 108
19 108 13 105 13 27 105 11 57 27 105 13 32 79 79 105 11 54 79 79 35 107 105 13 105 13 27 105 13 105 13 105 13 105 13 105 79 79 105 79 79 105 15 19 19 79 79 105 11 54 105 13 79 79 105 13 32 105 13 105 11 57 19 209 41 52 79 79 35 107 105 13 105 13 27 105 13 105 13 105 13 105 13 105 79 79 105 79 79 105 41
13 27 19 108 13 105 15 79 105 11 58 35 27 107 19 105
41 14 105 41 79 105 13 109 11 62 109 13 109 11 57 109 13 32 105 13 27 105 11 57 86 107
106
58 19 52 79 105 13 109 11 62 109 13 109 11 57 109 13 32 105 13 79 105 11 57 86 19 107
109 11 44 106 11 16 19 107
108 13 105 27 108 13 79 105 13 86 79 105 79 105 13 86 79 105 13 86 27 27 108 107
13 27 19 108 13 105 15 79 105 11 58 35 27 107 19 105
41 14 105
13 35 107 27 105 13 105 13 105 13 105 13 108 13 105 105 41 35 107 27 105 79 35 107
105 13 105 27 27 108 35 27 107 79 105
79 105 41 14 105
79 27 27 109 79 109 79 108
13 27 27 105 79 108
13 79 108
13 105 79 79 108
13 105
79 27 27 109 79 109 79 108
13 27 27 105 79 108
13 79 108
13 105 79 79 108
13 105
106 21 105
19 79 108
13 105 13 105 13 79 108
13 105 13 105 13 79 79 105 13 27 105 11 58 27 105 11 58 79 109 13 105 11 57 27 27 109 109 35 107
105
35 79 29 107 79 105
35 27 107 105 13 32 27 105 19 105 105 108 13 105 13 27 35 107 105 11 57 105 35 107 105 13 105 11 19 20 36 19 105 11 62 19 105 169 27 35 107 27 105 13 105 13 27 105 13 105 13 105 13 108 41 14 105 15 105 52 27 105 13 108 41 14 105 41
35 27 107 105 13 32 27 105 19 105 105 108 13 105 13 27 35 107 105 11 57 105 35 107 105 13 105 11 19 20 36 19 105 11 62 19 105 169 41 105 52 27 105 13 108 15 14 105 41 14 105 41
107 105 35 79 29 107 79 105
27 105 13 32 105 13 57 108
106 21 105
35 79 29 107 79 105
35 79 29 107 79 105
35 79 29 107 79 105
35 79 29 107 79 105
35 79 29 107 79 105
35 79 107
109
106 21 105
79 79 79 79 79 79 79 79 79 79 79 79 79 79 79 113
79 79 79 79 79 79 79 79 79 79 79 79 79 79 79 113
35 29 107 35 107 27 105 27 105 27 105 27 105 27 105 27 105 27 105 27 27 105 105 105
106 21 105
35 29 107 105
35 27 107 105 13 32 27 105 19 105 105 108 13 105 13 27 35 107 105 11 57 105 35 107 105 13 105 11 19 20 36 19 105 11 62 19 105 169 41 105 52 27 105 13 108 15 14 105 41 14 105 41
13 105 13 109 79 79 79 109 15
79 79 79 105 13 32 108
35 107
105
79 108
13 105 108 13 105 19 108 13 79 105
13 35 107 27 105 13 79 108
13 105 13 105 13 105 13 19 108 13 105 79 79 105 79 79 108
108 13 105 13 27 105 11 57 27 105 13 32 79 79 105 11 19 54 79 79 35 107 27 105 13 105 13 105 13 27 105 13 105 13 105 79 79 105 79 79 105 15 19 19 79 79 105 11 54 105 13 79 79 105 13 32 105 13 105 11 57 19 209 41 57 79 79 35 107 27 105 13 105 13 105 13 27 105 13 105 13 105 79 79 105 79 79 105 41
21 19 19 79 108
79 108
79 108
79 108
79 108
109
13 27 19 108 13 105 15 79 105 11 58 35 27 107 19 105
41 14 105
13 35 107 27 105 13 105 13 105 13 105 13 108 13 105 105 41 79 105 13 109 11 62 109 13 109 11 57 109 13 32 105 13 79 105 11 57 86 107
19 106
58 52 79 105 13 109 11 62 109 13 109 11 57 109 13 32 105 13 27 105 11 57 86 107
27 108 13 79 105 13 27 19 36 19 93 72 105 13 79 19 36 19 19 108 13 72 105 13 32 86 79 105 79 105 13 86 79 105 13 86 107
105
13 27 19 108 13 105 79 79 107
11 57 79 79 107
11 57 105
13 27 19 108 13 105 107
35 29 107 22 105 105
13 27 19 108 13 105 15 79 105 11 58 35 27 107 19 105
41 14 105
13 35 107 27 105 13 105 13 105 13 105 13 108 13 105 105 41 35 107 27 105 79 35 107
105 13 105 27 27 108 35 27 107 79 105
79 105 41 14 105
108 13 105 13 27 105 11 57 27 105 13 32 79 79 105 11 19 54 79 79 35 107 105 13 105 13 27 105 13 105 13 105 13 105 13 105 79 79 105 79 79 105 15 19 19 79 79 105 11 54 105 13 79 79 105 13 32 105 13 105 11 57 19 209 41 57 79 79 35 107 105 13 105 13 27 105 13 105 13 105 13 105 13 105 79 79 105 79 79 105 41
79 108
79 108
79 108
79 108
13 105 13 109 79 79 79 109 15
79 79 79 105 13 32 108
35 107
105
79 108
13 105 108 13 105 19 108 13 79 105
13 35 107 27 105 13 79 108
13 105 13 105 13 105 13 19 108 13 105 79 79 105 79 79 108
15 79 105 11 58 35 27 107 19 105
41 14 105 41 79 105 13 109 11 62 109 13 109 11 57 109 13 32 105 13 79 105 11 57 86 107
19 106
58 52 79 105 13 109 11 62 109 13 109 11 57 109 13 32 105 13 27 105 11 57 86 107
19 27 108 13 79 105 13 27 19 36 19 93 72 105 13 79 19 36 19 19 108 13 72 105 13 32 86 79 105 79 105 13 86 79 105 13 86 107
13 27 19 108 13 105 15 79 105 11 58 35 27 107 19 105
41 14 105
13 35 107 27 105 13 105 13 105 13 105 13 108 13 105 105 41 35 107 27 105 79 35 107
105 13 105 27 27 108 35 27 107 79 105
79 105 41 14 105
21 19 19 19 19 79 79 105 13 109 13 79 79 105 13 109 13 79 79 105 13 109 13 79 36 72 72 72 108
109
106 21 105
21 19 79 108
35 29 107 35 107 27 105 27 105 27 105 27 105 27 105 27 105 27 105 105 105
19 106 21 105
