1 6 7
1 20 21
1 28 29
1 31 32
1 50 51
1 56 57
1 57 58
1 59 60
1 60 61
1 62 63
1 63 64
1 65 66
1 66 67
1 68 69
1 69 70
1 71 72
1 72 73
1 74 75
1 75 76
1 77 78
1 78 79
1 80 81
1 81 82
1 83 84
1 84 85
2 41 45
2 2 17
2 44 45
2 42 45
2 1 25
2 1 27
2 1 8
2 30 17
2 30 18
2 33 25
2 33 32
2 33 31
2 33 32
2 43 45
2 16 34
2 12 34
2 9 34
2 3 34
2 11 34
2 37 34
2 49 34
2 53 34
2 36 34
2 40 34
2 47 34
2 38 34
2 54 34
2 35 34
2 46 34
2 39 25
2 39 27
2 23 22
2 23 25
2 23 26
2 23 27
2 23 21
2 23 20
2 19 34
2 13 34
2 10 34
2 14 34
2 55 34
2 48 34
2 52 34
3 28 29
3 30 15
3 6 7
3 50 51
3 39 24
3 5 4
3 68 70
3 71 73
3 56 58
3 59 61
3 74 76
3 77 79
3 62 64
3 65 67
3 80 82
3 83 85
