106 108
79 57 79 109
105
13 105
19 27 108
79 79 77 19 108
13 105
40 105 13 79 105 13 105 13 32 105
105
105
105
105
105
105
35 107 27 105 27 79 80 105 108
105
79 105 15
79 105 15
105
35 107 8 2 105 13 32 19 108
105 11 105 13 20 53 54 105 13 35 105 13 107 108
11 57 105 13 57 105 11 16 19 41
79 108 13 108
19 19 35 107 27 105 105 13 22 105
35 107 105 13 105 13 18
35 79 107 105 13 32 79 79 19 108
19 20 107 35 107 86 86 86 87 86 86 105
35 27 107 108 13 105 105
13 105
19 35 107 27 105 13 105 13 105 13 108
35 107 105 13 32 19 108
105 35 105 13 107 108
35 107 105 13 27 105 11 58 106
13 58 19 16 105 13 108
105
105
105
105
79 19 108
105
106 79 105
79 105
106 79 108
106 79 105
13 32 105 13 108
105
105
105
105
79 108
13 105 13 32 79 57 79 109
105
105
105
105
105
13 22 105 21 109 13 109 13 32 107
13 105
19 19 106 109 11 44 16 105
41 35 27 107 35 27 107 105
13 105 13 105 13 108 13 105 105
105
13 22 105 21 109 13 109 13 32 107
13 105
19 19 106 109 11 44 16 105
41 35 27 107 35 27 107 105
13 105 13 105 13 108 13 105 105
105
13 22 105 21 109 13 109 13 32 107
13 105
19 19 106 109 11 44 16 105
41 35 27 107 35 27 107 105
13 105 13 105 13 108 13 105 105
105
13 22 105 21 109 13 109 13 32 107
13 105
19 19 106 109 11 44 16 105
41 35 27 107 35 27 107 105
13 105 13 105 13 108 13 105 105
105
13 22 105 21 109 13 109 13 32 107
13 105
19 19 106 109 11 44 16 105
41 35 27 107 35 27 107 105
13 105 13 105 13 108 13 105 105
