1 8 9
1 9 10
1 10 11
1 17 18
1 19 20
1 22 33
1 33 44
1 44 55
1 55 60
1 60 61
1 61 62
1 62 63
1 63 64
1 64 23
1 23 24
1 24 25
1 25 26
1 26 27
1 27 28
1 28 29
1 29 30
1 30 31
1 31 32
1 32 34
1 34 35
1 35 36
1 36 37
1 37 38
1 38 39
1 39 40
1 40 41
1 41 42
1 42 43
1 43 45
1 45 46
1 46 47
1 47 48
1 48 49
1 49 50
1 50 51
1 51 52
1 52 53
1 53 54
1 54 56
1 56 57
1 57 58
1 58 59
2 13 12
2 13 7
2 13 8
2 13 11
3 22 59
3 21 65
3 17 18
3 19 20
3 16 65
3 5 6
3 5 15
3 3 4
3 1 4
4 18 14
4 20 2
4 66 14
4 65 67
