79 108
106 86 21 105
19 107
93 65 105 19 105
19 109 11 44 19 16 105
13 29 107 22 105 105
20 93 35 27 107 105 13 105 13 105 35 107 105 13 19 105 105 105 105 18
35 110 13 107 35 107
13 107 35 107 35 20 107 20 36 19 19 105
11 58 19 34 105 11 60 105 105 105 105
11 57 105 15 19 105 169 204 79 20 19 108 13 79 105
13 107 105 15 19 79 34 209 53 79 20 19 19 79 79 34 209 65 108 13 79 105
105
106
13 105 27 108
79 108
35 79 79 29 107 27 79 79 105
11 105 79 105
79 79 105
35 79 79 29 107 79 19 105
79 79 79 21 105
21 19 19 106
13 27 36 35 21 107 72 108
13 105 21 105
13 32 86 79 35 107
105 21 105
13 32 86 21 105
13 32 86 21 105
13 32 86 21 105
13 32 35 107
105 21 105
13 32 35 107
21 105
105 105 105 105 21 105
13 32 86 79 35 107
105 21 105
13 32 86 21 105
13 32 86 79 35 107
105 21 105
13 32 86 79 35 107
105 21 105
13 32 86 79 93 8 2 112
79 91 105 21 105
86 105
13 32 86 79 93 8 2 112
79 91 105 21 105
13 32 86 21 105
13 32 86 21 105
13 32 86 79 105 21 105
13 32 86 21 79 93 8 2 112
21 105
13 32 86 21 105
13 32 86 21 105
13 32 86 21 79 93 8 2 112
13 32 86 21 105
21 105
13 32 86 21 105
13 32 86 105
13 107
13 32 86 79 79 21 105
13 105
21 105
13 32 86 21 105
13 32 21 105
13 29 107 27 79 105 27 79 105 27 79 105 105
35 79 79 29 107 27 19 105 79 105
106
