105
105 11 57 105 11 58 35 107 40 15
23 50 61 35 27 107 40 61 35 27 107 40 35 27 107 105 11 57 35 27 107 105 11 57 105 35 8 2 2 5 112
79 105 35 35 35 79 19 107 93 107 107 86 31 15
13 105 11 57 105 11 58 35 35 107 27 105 13 105 13 105 13 107 40 14 31 40 78 108
105 11 58 35 35 107 27 105 13 105 13 105 13 107 40 209 41 15
105 13 32 18
105 13 108 11 57 105 11 105 13 121 108
13 86 109 13 109 13 109 11 57 109 13 32 79 109 13 32 109 13 32 105 41 79 105 79 105 79 19 105 79 19 105 79 105 80 57 19 18 79 105 11 213 19 52 79 107
80 57 15 19 19 107
105
87 58 107
19 87 107
19 77 52 79 32 79 105
79 108
27 105 13 32 105 13 57 105 11 57 19 16 19 41
11 87 79 79 35 27 107 105
106 79 105
19 19 52 79 108
13 27 105 20 52 79 108
13 27 105 20 52 79 108
13 27 105 20 52 79 108
13 27 105 20 52 79 108
13 27 105 20 52 79 108
13 79 105
13 29 105 79 79 108
13 105
13 27 105 19 52 79 108
13 27 105 19 52 79 108
13 27 105 19 52 79 108
13 27 105 19 52 79 108
13 27 105 19 52 79 108
13 27 105 19 52 79 108
13 27 105 20 52 79 108
13 27 105 20 52 79 108
19 19 52 79 108
13 27 105 19 52 79 108
13 27 105 19 52 79 108
13 27 105 79 108
13 79 105
13 29 105 79 79 108
13 105
19 19 52 79 108
13 79 105
13 29 105 79 79 108
13 105
13 27 105 19 52 79 108
13 27 105 19 52 79 108
13 27 105 19 52 79 108
13 27 105 19 52 79 108
13 27 105 19 52 79 108
13 27 105 19 52 79 108
13 27 105 20 52 79 108
13 27 105 79 108
19 19 52 79 108
13 27 105 20 52 79 108
13 27 105 20 52 79 108
13 27 105 20 52 79 108
13 27 105 20 52 79 108
13 27 105 79 108
13 79 105
13 29 105 79 79 108
13 105
13 27 105 19 52 79 108
13 27 105 19 52 79 108
13 27 105 19 52 79 108
13 27 105 19 52 79 108
13 27 105 19 52 79 108
13 27 105 19 52 79 108
13 27 105 20 52 79 108
13 27 105 20 52 79 108
19 19 52 79 108
13 27 105 19 52 79 108
13 27 105 19 52 79 108
13 27 105 79 108
13 79 105
13 29 105 79 79 108
13 105
106 91 105
19 19 52 79 108
13 79 105
13 29 105 79 79 108
13 105
19 19 52 79 108
13 79 105
13 29 105 79 79 108
13 105
19 19 52 79 108
13 79 105
13 29 105 79 79 108
13 105
19 19 52 79 108
13 79 105
13 29 105 79 79 108
13 105
106 91 105
19 19 52 79 108
13 27 105 19 52 79 108
13 27 105 19 52 79 108
13 79 105
13 29 105 79 79 108
13 105
19 19 52 79 108
13 27 105 19 52 79 108
13 27 105 19 52 79 108
13 79 105
13 29 105 79 79 108
13 105
19 19 52 79 108
13 27 105 19 52 79 108
13 27 105 19 52 79 108
13 79 105
13 29 105 79 79 108
13 105
19 19 52 79 108
13 27 105 19 52 79 108
13 27 105 19 52 79 108
13 79 105
13 29 105 79 79 108
13 105
19 19 52 79 108
13 27 105 19 52 79 108
13 27 105 19 52 79 108
13 79 105
13 29 105 79 79 108
13 105
19 19 52 79 108
13 27 105 19 52 79 108
13 27 105 19 52 79 108
13 79 105
13 29 105 79 79 108
13 105
19 19 52 79 108
13 27 105 19 52 79 108
13 27 105 19 52 79 108
13 27 105 19 52 79 108
13 27 105 79 108
13 79 105
13 29 105 79 79 108
13 105
19 19 52 79 108
13 27 105 19 52 79 108
13 27 105 19 52 79 108
13 27 105 19 52 79 108
13 27 105 79 108
13 79 105
13 29 105 79 79 108
13 105
19 19 52 79 108
13 27 105 19 52 79 108
13 27 105 19 52 79 108
13 27 105 19 52 79 108
13 27 105 79 108
13 79 105
13 29 105 79 79 108
13 105
19 19 52 79 108
13 27 105 19 52 79 108
13 27 105 19 52 79 108
13 79 105
13 29 105 79 79 108
13 105
19 19 52 79 108
13 27 105 19 52 79 108
13 27 105 19 52 79 108
13 79 105
13 29 105 79 79 108
13 105
19 19 52 79 108
13 27 105 19 52 79 108
13 27 105 19 52 79 108
13 79 105
13 29 105 79 79 108
13 105
19 19 52 79 108
13 27 105 19 52 79 108
13 27 105 19 52 79 108
13 79 105
13 29 105 79 79 108
13 105
19 19 52 79 108
13 27 105 19 52 79 108
13 27 105 19 52 79 108
13 79 105
13 29 105 79 79 108
13 105
106 91 105
19 19 52 79 108
13 27 105 19 52 79 108
13 27 105 19 52 79 108
13 79 105
13 29 105 79 79 108
13 105
19 19 52 79 108
13 27 105 19 52 79 108
13 27 105 19 52 79 108
13 79 105
13 29 105 79 79 108
13 105
19 19 52 79 108
13 27 105 19 52 79 108
13 27 105 19 52 79 108
13 79 105
13 29 105 79 79 108
13 105
19 19 52 79 108
13 27 105 19 52 79 108
13 27 105 19 52 79 108
13 79 105
13 29 105 79 79 108
13 105
19 19 52 79 108
13 27 105 19 52 79 108
13 27 105 19 52 79 108
13 79 105
13 29 105 79 79 108
13 105
19 19 52 79 108
13 27 105 19 52 79 108
13 27 105 19 52 79 108
13 79 105
13 29 105 79 79 108
13 105
19 19 52 79 108
13 27 105 19 52 79 108
13 27 105 19 52 79 108
13 79 105
13 29 105 79 79 108
13 105
19 19 52 79 108
13 27 105 19 52 79 108
13 27 105 19 52 79 108
13 79 105
13 29 105 79 79 108
13 105
19 19 52 79 108
13 27 105 19 52 79 108
13 27 105 19 52 79 108
13 79 105
13 29 105 79 79 108
13 105
19 19 52 79 108
13 27 105 19 52 79 108
13 27 105 19 52 79 108
13 79 105
13 29 105 79 79 108
13 105
19 19 52 79 108
13 27 105 19 52 79 108
13 27 105 19 52 79 108
13 79 105
13 29 105 79 79 108
13 105
106 91 105
19 19 52 79 108
13 27 105 19 52 79 108
13 27 105 19 52 79 108
13 79 105
13 29 105 79 79 108
13 105
19 19 52 79 108
13 27 105 19 52 79 108
13 27 105 19 52 79 108
13 79 105
13 29 105 79 79 108
13 105
19 19 52 79 108
13 27 105 19 52 79 108
13 27 105 19 52 79 108
13 79 105
13 29 105 79 79 108
13 105
19 19 52 79 108
13 105
13 27 105 19 52 79 108
13 27 105 19 52 79 108
13 27 105 19 52 79 108
13 27 105 19 52 79 108
13 27 105 19 52 79 108
13 27 105 19 52 79 108
13 79 105
13 29 105 79 79 108
19 19 52 79 108
13 27 105 19 52 79 108
13 27 105 19 52 79 108
13 79 105
13 29 105 79 79 108
13 105
19 19 52 79 108
13 27 105 19 52 79 108
13 27 105 19 52 79 108
13 79 105
13 29 105 79 79 108
13 105
19 19 52 79 108
13 27 105 19 52 79 108
13 27 105 19 52 79 108
13 79 105
13 29 105 79 79 108
13 105
19 19 52 79 108
13 27 105 19 52 79 108
13 27 105 19 52 79 108
13 79 105
13 29 105 79 79 108
13 105
19 19 52 79 108
13 27 105 19 52 79 108
13 27 105 19 52 79 108
13 79 105
13 29 105 79 79 108
13 105
19 19 52 79 108
13 27 105 19 52 79 108
13 27 105 19 52 79 108
13 79 105
13 29 105 79 79 108
13 105
19 19 52 79 108
13 79 105
13 29 105 79 79 108
13 105
13 27 105 19 52 79 108
13 27 105 19 52 79 108
13 27 105 19 52 79 108
13 27 105 19 52 79 108
13 27 105 19 52 79 108
13 27 105 19 52 79 108
13 27 105 20 52 79 108
13 27 105 20 52 79 108
19 19 52 79 108
13 27 105 19 52 79 108
13 27 105 19 52 79 108
13 79 105
13 29 105 79 79 108
13 105
19 19 52 79 108
13 79 105
13 29 105 79 79 108
13 105
19 19 52 79 108
13 79 105
13 29 105 79 79 108
13 105
19 19 52 79 108
13 27 105 19 52 79 108
13 27 105 19 52 79 108
13 79 105
13 29 105 79 79 108
13 105
19 19 52 79 108
13 27 105 19 52 79 108
13 27 105 19 52 79 108
13 79 105
13 29 105 79 79 108
13 105
19 19 52 79 108
13 27 105 19 52 79 108
13 27 105 19 52 79 108
13 79 105
13 29 105 79 79 108
13 105
19 19 52 79 108
13 105
13 27 105 19 52 79 108
13 27 105 19 52 79 108
13 27 105 19 52 79 108
13 27 105 19 52 79 108
13 27 105 19 52 79 108
13 27 105 19 52 79 108
13 79 105
13 29 105 79 79 108
19 19 52 79 108
13 27 105 19 52 79 108
13 27 105 19 52 79 108
13 79 105
13 29 105 79 79 108
13 105
19 19 52 79 108
13 27 105 19 52 79 108
13 27 105 19 52 79 108
13 79 105
13 29 105 79 79 108
13 105
19 19 52 79 108
13 27 105 19 52 79 108
13 27 105 19 52 79 108
13 79 105
13 29 105 79 79 108
13 105
106 91 105
19 19 52 79 108
13 27 105 19 52 79 108
13 27 105 19 52 79 108
13 79 105
13 29 105 79 79 108
13 105
19 19 52 79 108
13 27 105 19 52 79 108
13 27 105 19 52 79 108
13 79 105
13 29 105 79 79 108
13 105
19 19 52 79 108
13 27 105 19 52 79 108
13 27 105 19 52 79 108
13 79 105
13 29 105 79 79 108
13 105
19 19 52 79 108
13 27 105 19 52 79 108
13 27 105 19 52 79 108
13 79 105
13 29 105 79 79 108
13 105
19 19 52 79 108
13 27 105 19 52 79 108
13 27 105 19 52 79 108
13 79 105
13 29 105 79 79 108
13 105
19 19 52 79 108
13 27 105 19 52 79 108
13 27 105 19 52 79 108
13 79 105
13 29 105 79 79 108
13 105
19 19 52 79 108
13 27 105 19 52 79 108
13 27 105 19 52 79 108
13 79 105
13 29 105 79 79 108
13 105
19 19 52 79 108
13 27 105 19 52 79 108
13 27 105 19 52 79 108
13 79 105
13 29 105 79 79 108
13 105
19 19 52 79 108
13 27 105 19 52 79 108
13 27 105 19 52 79 108
13 79 105
13 29 105 79 79 108
13 105
19 19 52 79 108
13 27 105 19 52 79 108
13 27 105 19 52 79 108
13 79 105
13 29 105 79 79 108
13 105
19 19 52 79 108
13 27 105 19 52 79 108
13 27 105 19 52 79 108
13 79 105
13 29 105 79 79 108
13 105
19 19 52 79 108
13 27 105 19 52 79 108
13 27 105 19 52 79 108
13 79 105
13 29 105 79 79 108
13 105
19 19 52 79 108
13 27 105 19 52 79 108
13 27 105 19 52 79 108
13 79 105
13 29 105 79 79 108
13 105
19 19 52 79 108
13 27 105 19 52 79 108
13 27 105 19 52 79 108
13 79 105
13 29 105 79 79 108
13 105
19 19 52 79 108
13 27 105 19 52 79 108
13 27 105 19 52 79 108
13 79 105
13 29 105 79 79 108
13 105
19 19 52 79 108
13 27 105 19 52 79 108
13 27 105 19 52 79 108
13 79 105
13 29 105 79 79 108
13 105
19 19 52 79 108
13 27 105 19 52 79 108
13 27 105 19 52 79 108
13 79 105
13 29 105 79 79 108
13 105
19 19 52 79 108
13 27 105 19 52 79 108
13 27 105 19 52 79 108
13 79 105
13 29 105 79 79 108
13 105
19 19 52 79 108
13 27 105 19 52 79 108
13 27 105 19 52 79 108
13 79 105
13 29 105 79 79 108
13 105
19 19 52 79 108
13 27 105 19 52 79 108
13 27 105 19 52 79 108
13 79 105
13 29 105 79 79 108
13 105
19 19 52 79 108
13 27 105 19 52 79 108
13 27 105 19 52 79 108
13 79 105
13 29 105 79 79 108
13 105
19 19 52 79 108
13 27 105 19 52 79 108
13 27 105 19 52 79 108
13 79 105
13 29 105 79 79 108
13 105
19 19 52 79 108
13 27 105 19 52 79 108
13 27 105 19 52 79 108
13 79 105
13 29 105 79 79 108
13 105
19 19 52 79 108
13 27 105 19 52 79 108
13 27 105 19 52 79 108
13 79 105
13 29 105 79 79 108
13 105
19 19 52 79 108
13 27 105 19 52 79 108
13 27 105 19 52 79 108
13 79 105
13 29 105 79 79 108
13 105
19 19 52 79 108
13 27 105 19 52 79 108
13 27 105 19 52 79 108
13 79 105
13 29 105 79 79 108
13 105
19 19 52 79 108
13 27 105 19 52 79 108
13 27 105 19 52 79 108
13 79 105
13 29 105 79 79 108
13 105
19 19 52 79 108
13 27 105 19 52 79 108
13 27 105 19 52 79 108
13 79 105
13 29 105 79 79 108
13 105
19 19 52 79 108
13 27 105 19 52 79 108
13 27 105 19 52 79 108
13 79 105
13 29 105 79 79 108
13 105
19 19 52 79 108
13 79 105
13 29 105 79 79 108
13 105
19 19 52 79 108
13 27 105 19 52 79 108
13 27 105 19 52 79 108
13 79 105
13 29 105 79 79 108
13 105
19 19 52 79 108
13 27 105 19 52 79 108
13 27 105 19 52 79 108
13 79 105
13 29 105 79 79 108
13 105
19 19 52 79 108
13 27 105 19 52 79 108
13 27 105 19 52 79 108
13 79 105
13 29 105 79 79 108
13 105
19 19 52 79 108
13 27 105 19 52 79 108
13 27 105 19 52 79 108
13 79 105
13 29 105 79 79 108
13 105
19 19 52 79 108
13 27 105 19 52 79 108
13 27 105 19 52 79 108
13 79 105
13 29 105 79 79 108
13 105
19 19 52 79 108
13 27 105 19 52 79 108
13 27 105 19 52 79 108
13 79 105
13 29 105 79 79 108
13 105
106 91 105
79 108
13 23 105 79 108
13 79 105
13 29 105 79 79 108
13 105
79 108
13 23 105 79 108
13 105 11 57 79 27 108
35 27 107 27 105 27 79 108
13 105 79 27 108
79 108
13 23 105 79 108
13 79 105
13 29 105 79 79 108
13 105
79 108
13 23 105 79 108
13 79 105
13 29 105 79 79 108
13 105
79 108
13 23 105 79 108
13 79 105
13 29 105 79 79 108
13 105
79 108
13 23 105 79 108
13 79 105
13 29 105 79 79 108
13 105
79 108
13 23 105 79 108
13 79 105
13 29 105 79 79 108
13 105
79 108
13 23 105 79 108
13 79 105
13 29 105 79 79 108
13 105
79 108
13 23 105 79 108
13 27 105 79 108
13 27 108 13 105 79 79 108
13 105
79 108
13 23 105 79 108
13 27 105 79 108
13 27 108 13 105 79 79 108
13 105
79 108
13 108
13 79 108
13 105
13 29 105 79 108
13 79 108
13 108
13 105
19 19 52 79 108
13 27 105 19 52 79 108
13 27 105 19 52 79 108
13 79 105
13 29 105 79 79 108
13 105
19 19 52 79 108
13 27 105 19 52 79 108
13 27 105 19 52 79 108
13 79 105
13 29 105 79 79 108
13 105
19 19 52 79 108
13 27 105 19 52 79 108
13 27 105 19 52 79 108
13 79 105
13 29 105 79 79 108
13 105
19 19 52 79 108
13 27 105 19 52 79 108
13 27 105 19 52 79 108
13 79 105
13 29 105 79 79 108
13 105
19 19 52 79 108
13 27 105 19 52 79 108
13 27 105 19 52 79 108
13 79 105
13 29 105 79 79 108
13 105
19 19 52 79 108
13 27 105 19 52 79 108
13 27 105 19 52 79 108
13 79 105
13 29 105 79 79 108
13 105
19 19 52 79 108
13 27 105 19 52 79 108
13 27 105 19 52 79 108
13 79 105
13 29 105 79 79 108
13 105
19 19 52 79 108
13 27 105 19 52 79 108
13 27 105 19 52 79 108
13 79 105
13 29 105 79 79 108
13 105
19 19 52 79 108
13 27 105 19 52 79 108
13 27 105 19 52 79 108
13 79 105
13 29 105 79 79 108
13 105
19 19 52 79 108
13 27 105 19 52 79 108
13 27 105 19 52 79 108
13 79 105
13 29 105 79 79 108
13 105
19 19 52 79 108
13 27 105 19 52 79 108
13 27 105 19 52 79 108
13 79 105
13 29 105 79 79 108
13 105
19 19 52 79 108
13 27 105 19 52 79 108
13 27 105 19 52 79 108
13 79 105
13 29 105 79 79 108
13 105
19 19 52 79 108
13 27 105 19 52 79 108
13 27 105 19 52 79 108
13 79 105
13 29 105 79 79 108
13 105
19 19 52 79 108
13 27 105 19 52 79 108
13 27 105 19 52 79 108
13 79 105
13 29 105 79 79 108
13 105
19 19 52 79 108
13 27 105 19 52 79 108
13 27 105 19 52 79 108
13 79 105
13 29 105 79 79 108
13 105
19 19 52 79 108
13 27 105 19 52 79 108
13 27 105 19 52 79 108
13 79 105
13 29 105 79 79 108
13 105
19 19 52 79 108
13 27 105 19 52 79 108
13 27 105 19 52 79 108
13 79 105
13 29 105 79 79 108
13 105
19 19 52 79 108
13 27 105 19 52 79 108
13 27 105 19 52 79 108
13 79 105
13 29 105 79 79 108
13 105
19 19 52 79 108
13 27 105 19 52 79 108
13 27 105 19 52 79 108
13 79 105
13 29 105 79 79 108
13 105
19 19 52 79 108
13 27 105 19 52 79 108
13 27 105 19 52 79 108
13 27 105 19 52 79 108
13 27 105 79 108
13 79 105
13 29 105 79 79 108
13 105
19 19 52 79 108
13 27 105 19 52 79 108
13 27 105 19 52 79 108
13 79 105
13 29 105 79 79 108
13 105
19 19 52 79 108
13 27 105 19 52 79 108
13 27 105 19 52 79 108
13 79 105
13 29 105 79 79 108
13 105
19 19 52 79 108
13 27 105 19 52 79 108
13 27 105 19 52 79 108
13 79 105
13 29 105 79 79 108
13 105
19 19 52 79 108
13 27 105 19 52 79 108
13 27 105 19 52 79 108
13 79 105
13 29 105 79 79 108
13 105
19 19 52 79 108
13 27 105 19 52 79 108
13 27 105 19 52 79 108
13 79 105
13 29 105 79 79 108
13 105
19 19 52 79 108
13 27 105 19 52 79 108
13 27 105 19 52 79 108
13 79 105
13 29 105 79 79 108
13 105
19 19 52 79 108
13 27 105 19 52 79 108
13 27 105 19 52 79 108
13 79 105
13 29 105 79 79 108
13 105
106 91 105
