1 18 19
1 19 20
1 21 22
1 42 43
1 43 44
1 44 45
1 45 46
1 66 67
1 67 68
1 69 71
1 71 72
1 72 73
1 73 74
1 74 75
1 75 76
1 76 77
1 77 78
1 78 70
1 93 94
1 94 95
1 95 96
1 96 97
1 107 108
1 108 109
1 109 110
1 112 117
1 117 118
1 118 119
1 119 120
1 120 121
1 121 122
1 122 123
1 123 124
1 124 113
1 113 114
1 114 115
1 115 116
1 132 133
1 133 134
1 134 135
1 137 138
1 145 146
1 146 147
1 147 148
1 158 159
1 159 160
1 160 161
1 175 176
1 176 177
1 178 179
1 180 181
1 182 183
1 183 184
1 184 185
1 185 186
1 186 187
1 209 210
1 212 213
1 213 214
1 214 215
1 215 216
1 216 217
2 101 92
2 101 82
2 207 81
2 62 81
2 5 21
2 5 29
2 5 18
2 5 20
2 5 21
2 5 30
2 5 19
2 5 19
2 5 22
2 3 6
2 3 22
2 3 21
2 3 21
2 218 219
2 140 141
2 105 81
2 105 86
2 105 203
2 105 85
2 200 81
2 190 86
2 155 81
2 107 110
2 16 17
2 25 27
2 26 21
2 26 21
2 26 22
2 10 8
2 10 6
2 11 6
2 15 29
2 15 31
2 15 30
2 14 29
2 14 30
2 14 31
2 13 19
2 13 18
2 13 20
2 13 19
2 12 19
2 12 19
2 12 18
2 12 20
2 24 22
2 24 21
2 24 21
2 23 21
2 23 22
2 23 21
2 205 81
2 145 85
2 54 81
2 1 22
2 1 21
2 1 19
2 1 19
2 1 20
2 1 29
2 1 21
2 1 18
2 1 30
2 103 91
2 152 81
2 204 79
2 204 81
2 204 201
2 204 83
2 204 202
2 204 86
2 66 68
2 98 81
2 98 84
2 98 80
2 98 86
2 69 81
2 69 203
2 69 86
2 128 131
2 2 21
2 2 20
2 2 19
2 2 22
2 2 29
2 2 21
2 2 31
2 2 30
2 2 19
2 2 18
2 2 8
2 170 86
2 170 81
2 170 203
2 164 79
2 164 86
2 164 81
2 139 206
2 139 136
2 139 132
2 139 135
2 53 81
2 149 86
2 149 203
2 153 86
2 153 79
2 33 48
2 33 49
2 33 36
2 33 50
2 33 37
2 35 47
2 38 48
2 38 37
2 38 36
2 38 50
2 38 49
2 32 36
2 32 48
2 32 50
2 32 49
2 32 37
2 41 50
2 41 48
2 41 36
2 41 49
2 41 37
2 40 48
2 40 37
2 40 36
2 40 50
2 40 49
2 39 50
2 39 36
2 39 48
2 39 49
2 39 37
2 42 49
2 42 50
2 61 81
2 165 81
2 171 81
2 4 19
2 4 18
2 4 21
2 4 22
2 4 20
2 4 29
2 4 30
2 4 21
2 4 19
2 196 203
2 196 86
2 129 137
2 129 138
2 129 132
2 129 135
3 105 104
3 105 85
3 105 106
3 105 102
3 162 163
3 180 181
3 182 187
3 158 161
3 145 85
3 145 148
3 93 97
3 175 177
3 178 179
3 103 89
3 103 90
3 144 87
3 209 210
3 112 116
3 69 70
3 173 174
3 2 28
3 2 7
3 2 9
3 142 88
3 208 211
3 195 199
3 195 198
3 195 197
3 212 217
3 164 167
3 164 52
3 164 169
3 99 87
3 53 52
3 53 57
3 53 60
3 53 64
3 53 55
3 53 56
3 53 58
3 53 59
3 53 63
3 53 65
3 143 88
3 188 189
3 111 51
3 149 151
3 149 150
3 149 87
3 100 88
3 35 34
3 42 46
3 192 199
3 193 198
3 191 199
3 194 197
3 154 156
3 154 157
3 165 167
3 165 168
3 165 52
3 165 166
3 171 172
3 125 126
3 125 127
3 4 28
3 4 7
3 4 9
3 129 132
3 129 130
