1 3 4
1 5 13
1 13 14
1 14 15
1 15 16
1 16 17
1 17 18
1 18 19
1 19 20
1 20 6
1 6 7
1 7 8
1 8 9
1 9 10
1 10 11
1 11 12
1 26 27
1 27 28
1 28 29
1 29 30
1 30 31
1 31 32
1 33 34
1 39 50
1 50 61
1 61 72
1 72 73
1 73 74
1 74 75
1 75 76
1 76 77
1 77 40
1 40 41
1 41 42
1 42 43
1 43 44
1 44 45
1 45 46
1 46 47
1 47 48
1 48 49
1 49 51
1 51 52
1 52 53
1 53 54
1 54 55
1 55 56
1 56 57
1 57 58
1 58 59
1 59 60
1 60 62
1 62 63
1 63 64
1 64 65
1 65 66
1 66 67
1 67 68
1 68 69
1 69 70
1 70 71
2 36 36
2 26 30
2 26 32
2 33 34
3 1 99
3 1 96
3 1 98
3 1 97
3 35 83
3 25 24
3 5 12
3 22 87
3 3 4
3 21 87
4 37 22
4 24 80
4 24 22
4 78 2
4 82 81
4 90 94
4 71 23
4 4 22
4 92 94
4 88 91
4 95 25
4 100 93
4 83 81
4 79 39
5 71 38
5 88 89
5 84 85
5 86 85
