106 108
20 106
19 52 105
11 57 35 29 107 105
106
13 105 13 105 22 105 105
13 105 13 27 105 13 105
13 105 13 27 105 13 58 57 105 13 27 105 105
13 105 13 27 105 13 108
13 105
13 105
13 35 107
21 105
105
13 19 105 108
13 105
108
13 105
13 105
35 29 107 105
21 105
111
111
13 35 29 107 27 105 105 105
19 106
79 108
11 57 79 108
11 57 79 108
13 105 11 57 79 108
13 105 79 108
13 21 105 15 79 108
13 105 79 108
79 79 79 105 79 79 79 108
13 105 79 79 79 108
20 19 19 106
79 57 79 105 79 21 105 106
105
106
111
35 107
21 9 79 9 79 9 110
13 9 105
21 9 105
13 32 9 86 9 79 108
35 107
9 86 9 79 105 13 19 9 105 19 9 105 19 9 105 108
13 35 107 27 105 13 9 79 105 13 105 13 105
9 79 57 108
13 105
110
13 105
13 9 79 109
13 108
13 105
13 105
13 110
13 9 79 109
13 9 86 9 79 57 9 79 9 20 110
13 108
11 58 110
13 105 13 27 105 13 9 86 110
13 105 13 27 9 105 11 57 9 79 110
13 20 9 105
20 57 110
13 108
11 58 110
13 108
11 57 35 29 9 9 107 27 110
13 9 105 27 110
13 9 105 27 110
13 9 105 20 20 9 9 105
13 105 13 27 105 13 9 86 110
13 105 13 27 105 13 108
13 9 105
108
13 105
13 9 105
13 105 79 105
13 105 79 105
106
27 105
79 79 79 19 105
86 86 86 86 86 86 86 35 29 107 86 79 105
35 27 93 107 19 105
19 52 44 79 19 105 15 79 86 41 105 13 107
35 27 107 27 79 108 13 105 19 105
41 35 29 107 105 35 107 27 105 105 105
86 35 29 107 27 79 105 19 105
19 52 105 13 57 27 105 11 57 79 58 35 107 86 79 27 105 13 32 105 79 58 19 105
19 19 105 11 45 15 35 29 107 22 105 27 105 105
106 19 86 57 27 105 11 57 27 105 13 32 86 79 58 105
19 19 105 11 45 15 35 29 107 22 105 27 105 105
106 19 86 57 27 105 11 57 27 105 13 32 86 79 58 105
20 19 19 19 19 106 105
13 57 105
13 29 105 13 107 20 105 35 27 107 19 105
35 93 29 107 27 105 93 105
13 35 29 107 27 105 105
35 29 105 13 107 20 105 35 27 107 105 19 105
20 105 13 57 105 13 105 13 108 11 79 79 79 105 13 32 35 79 79 29 107 27 105 79 79 19 105
