1 24 25
1 25 26
1 26 27
1 27 28
1 28 29
1 29 30
1 34 35
1 71 72
1 72 73
1 73 74
1 74 75
1 76 77
1 100 101
1 122 123
1 124 125
1 126 127
1 128 129
1 130 131
1 132 133
1 136 137
1 137 138
1 138 139
1 139 140
1 140 141
1 142 143
1 143 144
1 144 145
1 145 146
1 148 149
1 152 153
1 154 155
1 156 157
1 157 158
1 158 159
1 159 160
1 161 162
1 162 163
1 163 164
1 164 165
1 165 166
1 167 168
1 168 169
1 169 170
1 170 171
1 171 172
1 172 173
2 24 42
2 24 64
2 24 70
2 24 110
2 24 98
2 24 100
2 24 101
2 24 63
2 24 62
2 31 62
2 31 98
2 31 102
2 31 63
2 31 110
2 31 101
2 31 100
2 31 42
2 119 52
2 119 53
2 119 51
2 119 42
2 119 36
2 119 64
2 119 54
2 119 62
2 32 99
2 32 98
2 32 110
2 32 102
2 32 63
2 32 101
2 32 42
2 32 62
2 32 100
2 150 53
2 150 42
2 150 18
2 150 21
2 150 20
2 150 52
2 150 64
2 150 19
2 150 22
2 150 14
2 150 62
2 150 51
2 150 54
2 150 15
2 150 36
2 147 18
2 147 51
2 147 36
2 147 22
2 147 42
2 147 62
2 147 54
2 147 20
2 147 19
2 147 53
2 147 21
2 147 52
2 147 64
2 117 54
2 117 53
2 117 64
2 117 42
2 117 36
2 117 62
2 117 51
2 117 52
2 17 15
2 17 14
2 33 101
2 33 62
2 33 98
2 33 100
2 33 102
2 33 110
2 33 63
2 33 42
2 118 62
2 118 54
2 118 42
2 118 21
2 118 52
2 118 64
2 118 19
2 118 22
2 118 53
2 118 18
2 118 36
2 118 20
2 118 51
2 97 63
2 97 42
2 97 62
2 97 101
2 97 98
2 97 110
2 97 102
2 97 100
2 96 98
2 96 102
2 96 62
2 96 42
2 96 101
2 96 63
2 96 100
2 96 110
2 112 98
2 112 42
2 112 101
2 112 100
2 112 110
2 112 63
2 112 62
2 112 102
2 111 62
2 111 101
2 111 102
2 111 100
2 111 63
2 111 99
2 111 110
2 111 98
2 111 42
2 104 42
2 104 100
2 104 101
2 104 62
2 104 110
2 104 98
2 104 63
2 104 102
2 103 100
2 103 102
2 103 110
2 103 101
2 103 62
2 103 42
2 103 103
2 103 98
2 103 63
2 83 62
2 83 65
2 83 37
2 83 42
2 84 41
2 84 52
2 84 51
2 84 41
2 84 62
2 84 42
2 84 54
2 84 64
2 84 53
2 84 41
2 55 51
2 55 54
2 55 53
2 55 52
2 56 53
2 56 42
2 56 51
2 56 54
2 56 52
2 56 62
2 56 64
2 80 63
2 78 63
2 78 100
2 78 42
2 78 62
2 78 110
2 78 98
2 78 101
2 78 102
2 79 110
2 79 98
2 79 102
2 79 62
2 79 42
2 79 101
2 79 63
2 79 100
2 109 98
2 109 101
2 109 110
2 109 42
2 109 63
2 109 102
2 109 100
2 109 62
2 109 99
2 95 42
2 95 110
2 95 100
2 95 102
2 95 98
2 95 101
2 95 62
2 95 63
2 13 14
2 13 15
2 106 63
2 106 101
2 106 42
2 106 100
2 106 98
2 106 62
2 106 102
2 106 110
2 4 3
2 4 1
2 16 15
2 50 42
2 50 62
2 10 14
2 10 15
2 86 42
2 86 62
2 86 65
2 86 37
2 87 37
2 87 42
2 87 65
2 87 62
2 114 101
2 114 98
2 114 102
2 114 110
2 114 42
2 114 63
2 114 62
2 114 100
2 89 42
2 89 65
2 89 62
2 89 37
2 82 101
2 82 42
2 82 62
2 82 102
2 82 98
2 82 110
2 82 63
2 82 100
2 161 164
2 90 102
2 90 110
2 90 98
2 90 62
2 90 63
2 90 101
2 90 42
2 90 100
2 136 139
2 91 42
2 91 100
2 91 101
2 91 110
2 91 63
2 91 62
2 91 98
2 91 102
2 91 99
2 49 42
2 49 62
2 47 51
2 47 52
2 47 53
2 47 54
2 47 46
2 48 62
2 48 42
2 48 54
2 48 51
2 48 64
2 48 53
2 48 52
2 57 59
2 57 58
2 57 60
2 9 8
2 9 6
2 9 2
2 9 15
2 9 5
2 9 7
2 9 1
2 9 14
2 9 3
2 88 62
2 88 42
2 45 62
2 45 42
2 12 15
2 12 14
2 113 62
2 113 101
2 113 102
2 113 100
2 113 98
2 113 42
2 113 63
2 113 110
2 92 65
2 81 62
2 81 42
2 107 62
2 107 98
2 107 110
2 107 101
2 107 42
2 107 100
2 107 102
2 107 63
2 105 98
2 105 62
2 105 101
2 105 100
2 105 110
2 105 102
2 105 63
2 105 42
2 34 35
2 134 15
2 134 14
2 151 14
2 151 15
2 115 65
2 108 102
2 108 99
2 108 98
2 108 62
2 108 101
2 108 63
2 108 100
2 108 42
2 108 110
2 94 63
2 94 42
2 94 98
2 94 100
2 94 62
2 94 110
2 94 102
2 94 101
2 11 14
2 11 15
2 93 63
2 93 42
2 93 102
2 93 110
2 93 101
2 93 99
2 93 98
2 93 100
2 93 62
2 61 58
2 61 59
2 61 60
2 38 42
2 38 62
3 24 30
3 31 23
3 119 43
3 119 39
3 119 44
3 150 43
3 150 39
3 150 44
3 147 43
3 147 39
3 147 44
3 117 43
3 117 39
3 117 44
3 118 43
3 118 39
3 118 44
3 112 43
3 104 43
3 76 77
3 132 133
3 152 153
3 84 43
3 84 39
3 109 43
3 106 43
3 50 43
3 122 123
3 156 160
3 85 23
3 128 129
3 154 155
3 124 125
3 161 166
3 136 141
3 167 171
3 121 116
3 142 146
3 71 75
3 126 127
3 49 43
3 48 43
3 48 44
3 45 43
3 40 43
3 40 39
3 92 65
3 92 67
3 92 66
3 92 69
3 92 68
3 148 149
3 115 65
3 115 67
3 115 66
3 115 69
3 115 68
3 108 43
3 130 131
4 127 118
4 120 147
4 149 147
4 129 118
4 135 117
4 155 147
4 173 118
4 116 147
4 153 150
4 69 24
4 133 119
