105 11 57 105 11 58 35 107 40 15
23 50 61 35 27 107 40 61 35 27 107 40 35 27 107 105 11 57 35 27 107 105 11 57 105 35 8 2 2 5 112
13 105 11 57 105 11 58 35 35 107 27 105 13 105 13 105 13 107 40 14 31 40 77 209 84 79 27 105 79 20 105 79 105 79 20 105 79 105 107
30 79 58 31 15 35 79 105 13 107 105 13 109 11 57 109 13 32 108
79 105 35 35 35 79 19 107 93 107 107 86 31 15
105 13 108 11 57 105 11 105 13 121 108
13 86 109 13 109 13 109 11 57 109 13 32 79 109 13 32 109 13 32 105 41 79 105 79 105 79 19 105 79 19 105 79 105 80 57 19 18 79 105 11 213 19 52 79 107
105 13 32 18
19 80 57 15 107
87 58 107
19 87 107
105
19 77 52 79 32 79 105
11 87 79 79 35 27 107 105
27 105 13 32 105 13 57 105 11 57 19 16 19 41
79 108
106 79 105
105 11 57 105 11 58 35 107 40 15
23 50 61 35 27 107 40 61 35 27 107 40 61 35 27 107 40 35 27 107 105 11 57 35 27 107 105 11 57 105 35 8 2 2 5 2 112
13 105 11 57 105 11 58 35 35 107 27 105 13 105 13 105 13 107 40 14 31 40 77 209 84 79 35 107 27 105 13 105 13 20 105 13 105 13 105 79 105 107
79 105 35 35 35 79 19 107 93 107 107 86 31 15
105 11 58 35 35 107 27 105 13 105 13 105 13 107 40 209 41 15
35 35 107 105 13 27 105 13 79 105 13 105 13 107 108 13 105
20 19 19 106 108
105
105
13 105 35 107 86 79 22 108
79 35 107 105
105
13 107
79 93 52 93 105
78 108 12 78 181 180 85 79 57 79 109
106 108 12 85 79 57 79 109
106 79 57 79 109
27 77 105 27 79 105 27 79 105 15
80 57 15 35 27 107 27 105 79 79 105
13 22 105
79 58 15 79 105 13 32 57 57 105 11 57 79 105
35 27 107 27 105 19 105
105
35 107 105 13 32 19 105 105 105 13 108
19 19 35 27 107 105
19 79 35 107 108
35 107 27 27 105 79 79 19 105
19 79 108
79 105 13 57 105 11 58 78 107
79 108
105
105
105 13 27 105 11 57 79 108
105 19 87 79 57 79 109 11 58 2 79 57 79 109 11 58 33 57 58 57 8 32 8 79 79 108
35 107 105 13 32 18
105 13 18
105 13 18
32 105
32 105
79 105 79 108
13 86 79 105 13 86 35 79 105 13 20 107 86 79 79 105 11 107
19 79 8 2 27 35 107 27 105 13 62 35 107 27 105 13 105 13 105 13 105 13 27 105 13 105 13 105 13 108 35 107 105 13 32 62 27 35 107 27 105 13 105 13 27 105 13 105 13 105 62 105 105 105 11 20 51 20 51 20 52 19 57 27 105 13 209 105 19 56 35 35 107 27 105 13 105 13 105 13 107
13 105 11 84 105 13 86 105 13 27 35 107 27 105 13 79 105 13 27 105 13 79 105 13 27 105 13 77 105 13 105 13 108 108
79 108
27 105 11 57 93 18 27 105 13 32 105 13 57 105 11 58 93 41 105 11 58 105 11 44 93 41 93 41 93 41 93 41 93 41 44
107 107
13 100 41 14 35 105 13 107 105 13 105 13 100 105 41
19 27 108 13 35 27 107 105 13 105
13 27 105 105
19 35 27 107 105 91 20 53 105
13 105
35 107 105 13 27 105 22 105 27 93 105 27 105 13 105 27 105 27 108 12 105 105
105 13 35 27 93 107 22 105
79 108
13 108 11 58 27 79 108
13 105 11 57 15 35 27 79 108
13 108 13 107 22 105 79 105
13 105
108 13 108
13 105 13 109 11 58 79 105 13 57 35 27 107 79 105 13 32 105
106
79 105
106 79 57 79 105 13 58 15 57 105
79 105 13 57 105 11 19 52 35 107 79 105 13 32 105
79 108
35 107 79 105 13 57 79 105 13 32 105
32 105
79 105
79 108
79 108 13 79 108
79 105
79 108
79 108
79 108
105 11 58 79 108
35 108 13 107 35 107
19 19 79 57 79 105 86 79 57 79 105
106 79 58 15 79 57 79 105 11 58 58 80 58 80 57 93 86 19 87 79 93 51 105
79 19 105
79 93 105
15 77 62 79 77 105 79 105 79 93 52 80 57 93 107
11 58 15 57 93 86 19 87 79 105 79 93 51 93 107
93 86 79 57 79 105 11 62 84 79 105 107
79 105 19 86 79 57 79 105 79 19 105 93 107
19 79 58 16 79 105 19 41 14 105
19 79 57 79 105 93 107
77 62 105
19 45 19 16 93 107
19 93 107
79 58 15 79 77 77 109
19 19 107
106 79 58 15 79 57 79 105 11 58 58 80 58 80 57 93 86 19 87 79 93 51 105
105 93 35 107 27 105 13 105 13 105 13 108 41 14 93 35 107 27 105 13 105 13 105 13 108 93 107
79 19 105
79 93 105
79 108
79 108
79 19 108
35 29 107 105
106 21 105
19 19 106 105
106 105
79 35 79 29 107 105
79 108
79 35 27 35 27 107 79 105
13 105 13 105 13 108 13 107 105
79 35 27 35 27 107 79 105
13 105 13 105 13 108 13 107 105
79 35 79 105
13 29 107 105
79 35 79 105
13 29 107 105
79 35 27 35 27 107 79 105
13 105 13 105 13 108 13 107 105
35 79 105
13 29 107 98 79 105
58 35 107
79 35 79 29 107 105
79 105
13 93 79 79 105
11 105 13 32 105 13 19 35 107 108 13 108 13 35 27 107 27 105 35 107 27 27 105 27 27 105 79 105
13 93 105 13 79 105
13 105 13 93 20 105 105 27 35 27 107 79 105
13 105 13 105 13 105 27 105 79 27 108
35 27 107 35 107 20 105 11 105 13 27 105 13 105 13 79 105 11 58 79 105 35 79 107 79 105
13 93 79 79 105
11 105 13 32 105 13 19 35 107 108 13 35 107 93 20 105 105 105 79 19 87 79 80 57 79 105
13 35 27 107 79 105
13 21 105 13 105 13 105 13 19 108 13 105 79 35 27 35 27 107 108 13 105 13 105 13 108 13 107 105
19 19 106 105
35 105
13 29 107 105
19 106 105
58 35 107
35 79 105
13 29 107 98 79 105
79 35 79 105
13 29 107 105
35 27 107 35 107 20 105 11 105 13 27 105 13 105 13 79 105 11 58 79 105 35 79 107 79 105
13 93 79 79 105
11 105 13 32 105 13 19 35 107 108 13 35 107 93 20 105 105 105 79 19 87 79 80 57 79 105
13 35 27 107 79 105
13 21 105 13 105 13 105 13 19 108 13 105 79 35 27 35 27 107 108 13 105 13 105 13 108 13 107 105
79 105
13 93 79 79 105
11 105 13 32 105 13 19 35 107 108 13 108 13 35 27 107 27 105 35 107 27 27 105 27 27 105 79 105
13 93 105 13 79 105
13 105 13 93 20 105 105 27 35 27 107 79 105
13 105 13 105 13 105 27 105 79 27 108
35 27 107 35 107 20 105 11 105 13 27 105 13 105 13 79 105 11 58 79 105 35 79 107 79 105
13 93 79 79 105
11 105 13 32 105 13 19 35 107 108 13 35 107 93 20 105 105 105 79 19 87 79 80 57 79 105
13 35 27 107 79 105
13 21 105 13 105 13 105 13 19 108 13 105 79 35 27 35 27 107 108 13 105 13 105 13 108 13 107 105
79 35 79 105
13 29 107 105
