35 107
35 107 105 13 32 105 11 20 53 20 53 27 35 108 13 105 11 209 107 27 105 13 105 13 27 105 13 105 13 105 13 108 105 15 14 105 40 14 27 105 13 108 13 35 108 13 105 11 209 108 13 105 11 169 107 27 105 13 105 13 27 105 13 105 13 105 13 108 41 14 27 105 13 108 13 35 108 13 105 11 209 108 13 105 11 169 107 27 105 13 105 13 27 105 13 105 13 105 13 108 42 14 41
79 108
108
35 27 107 108 13 105 79 105
19 19 79 105
108
13 79 105
16 79 57 79 105
40 35 112
105
79 105 79 105 11 108
13 109
12 107
11 57 79 105 11 52 108
13 109
12 181 23 50 62 79 105 105
22 22 77 108
15 35 107 27 105 27 79 80 105 27 105 108
13 19 105
19 19 19 45 106 11 16 27 105 41 27 105 105 11 57 93 109 13 32 105
105 42 27 105 105
105 42 27 105 105
11 105 57 2 105 42 2 41 27 105 105 11 105 11 105 11 57 93 109 13 32 105
105 41 27 105 105
105 41 27 105 105
105 41 27 105 105
105 41 27 105 105
105 41 27 105 105 11 57 93 109 13 32 105
105 57 105 105 41 105 41 27 105 105
105 42 27 105 105
105 42 27 105 105
35 27 108 13 107 22 105
19 105 13 58 16 35 27 27 108 13 107 105
19 106 35 21 105
13 27 105 13 105
