1 12 13
1 20 21
1 21 22
1 22 23
1 23 24
1 24 25
1 36 37
1 37 38
1 38 39
1 39 40
1 40 41
1 41 42
1 42 43
1 43 44
1 45 46
1 46 47
1 47 48
1 73 74
1 74 75
1 75 76
1 76 77
1 77 78
1 78 79
1 79 80
1 80 69
1 69 70
1 70 71
1 71 72
1 90 91
1 91 92
1 92 93
1 102 103
1 103 104
1 111 112
1 112 113
1 113 108
1 108 109
1 109 110
1 122 123
1 123 124
1 132 133
1 133 134
1 135 136
1 141 142
1 142 143
1 143 144
1 144 145
1 145 146
1 146 147
1 147 148
1 148 149
1 149 150
1 150 151
1 151 152
1 152 153
1 153 154
1 154 155
1 155 156
1 156 157
1 157 158
1 158 159
1 159 160
1 160 161
1 161 162
1 162 163
1 163 164
1 164 165
1 165 166
1 166 167
1 167 168
1 168 169
1 169 170
1 170 171
1 171 172
1 172 173
1 173 174
1 174 175
1 175 176
1 176 177
1 177 178
1 178 179
1 179 180
1 180 181
1 181 182
1 182 183
1 183 184
1 184 185
1 185 186
1 186 187
1 187 188
1 188 189
1 189 190
1 190 191
1 191 192
1 192 193
1 193 194
1 194 195
1 195 196
1 196 197
1 197 198
1 198 199
1 199 200
1 200 201
1 201 202
1 202 203
1 203 204
1 233 234
1 234 235
1 235 236
2 231 121
2 231 1
2 231 131
2 232 131
2 232 121
2 232 1
2 59 1
2 2 1
2 230 121
2 230 131
2 230 1
2 4 224
2 8 11
2 98 121
2 98 1
2 98 131
2 10 224
2 10 1
2 10 212
2 10 208
2 10 213
2 10 115
2 10 207
2 10 209
2 10 211
2 10 115
2 10 210
2 10 131
2 10 117
2 10 61
2 10 121
2 10 205
2 10 206
2 68 121
2 68 131
2 68 1
2 9 61
2 9 117
2 9 205
2 9 210
2 9 211
2 9 209
2 9 115
2 9 131
2 9 213
2 9 207
2 9 1
2 9 115
2 9 121
2 9 206
2 9 208
2 9 212
2 56 1
2 56 212
2 56 211
2 56 117
2 56 109
2 56 110
2 56 206
2 56 61
2 56 207
2 56 210
2 56 111
2 56 208
2 56 115
2 56 213
2 56 121
2 56 115
2 56 209
2 56 131
2 56 205
2 101 1
2 101 35
2 101 121
2 101 131
2 89 207
2 89 212
2 89 121
2 89 213
2 89 209
2 89 115
2 89 208
2 89 1
2 89 115
2 89 206
2 89 205
2 89 117
2 89 61
2 89 131
2 89 210
2 89 211
2 66 115
2 66 1
2 66 207
2 66 117
2 66 115
2 66 121
2 66 212
2 66 211
2 66 206
2 66 208
2 66 131
2 66 210
2 66 213
2 66 61
2 66 205
2 66 209
2 105 224
2 52 117
2 52 115
2 52 115
2 52 207
2 52 1
2 52 213
2 52 205
2 52 121
2 52 211
2 52 61
2 52 209
2 52 208
2 52 206
2 52 212
2 52 131
2 52 210
2 67 131
2 67 1
2 67 121
2 26 131
2 26 25
2 26 20
2 26 121
2 26 1
2 99 100
2 119 1
2 119 131
2 119 121
2 221 211
2 221 117
2 221 212
2 221 131
2 221 207
2 221 121
2 221 210
2 221 224
2 221 61
2 221 205
2 221 208
2 221 115
2 221 206
2 221 115
2 221 213
2 221 209
2 221 216
2 221 1
2 95 131
2 95 121
2 95 1
2 5 1
2 5 121
2 5 131
2 54 224
2 54 205
2 54 206
2 54 131
2 54 117
2 54 61
2 54 115
2 54 212
2 54 208
2 54 209
2 54 207
2 54 211
2 54 115
2 54 121
2 54 213
2 54 1
2 54 210
2 81 69
2 81 131
2 81 72
2 81 1
2 81 121
2 81 73
2 64 121
2 64 131
2 64 1
2 106 115
2 106 207
2 106 212
2 106 61
2 106 210
2 106 211
2 106 213
2 106 115
2 106 1
2 106 131
2 106 117
2 106 121
2 106 206
2 106 208
2 106 205
2 106 209
2 87 1
2 87 121
2 87 131
2 114 209
2 114 131
2 114 1
2 114 111
2 114 121
2 114 115
2 114 61
2 114 115
2 114 211
2 114 212
2 114 117
2 114 213
2 114 208
2 114 110
2 114 210
2 114 109
2 114 205
2 114 207
2 114 206
2 60 224
2 58 1
2 58 121
2 58 131
2 55 121
2 55 212
2 55 210
2 55 115
2 55 224
2 55 131
2 55 211
2 55 61
2 55 205
2 55 117
2 55 1
2 55 206
2 55 115
2 55 213
2 55 207
2 55 209
2 55 208
2 57 115
2 57 141
2 57 204
2 57 120
2 57 121
2 57 131
2 57 1
2 57 115
2 57 224
2 57 117
2 84 121
2 84 131
2 84 1
2 53 121
2 53 1
2 53 131
2 14 207
2 14 213
2 14 206
2 14 1
2 14 205
2 14 210
2 14 208
2 14 211
2 14 209
2 14 121
2 14 131
2 14 212
2 88 121
2 88 131
2 88 1
2 118 82
2 118 115
2 118 121
2 118 1
2 118 117
2 118 109
2 118 206
2 118 224
2 118 115
2 118 212
2 118 213
2 118 61
2 118 125
2 118 210
2 118 111
2 118 207
2 118 209
2 118 208
2 118 211
2 118 131
2 118 205
2 118 110
2 85 212
2 85 211
2 85 206
2 85 131
2 85 117
2 85 121
2 85 213
2 85 208
2 85 115
2 85 1
2 85 209
2 85 115
2 85 207
2 85 210
2 85 205
2 85 61
2 225 121
2 225 1
2 225 131
2 226 1
2 226 121
2 226 131
2 228 121
2 228 1
2 228 131
2 51 1
2 51 131
2 51 121
2 219 131
2 219 121
2 219 1
2 227 1
2 227 121
2 227 131
2 18 121
2 18 1
2 18 131
2 214 1
2 214 131
2 214 121
2 229 131
2 229 1
2 229 121
2 130 211
2 130 115
2 130 205
2 130 212
2 130 224
2 130 213
2 130 206
2 130 210
2 130 209
2 130 65
2 130 1
2 130 61
2 130 121
2 130 83
2 130 208
2 130 207
2 130 117
2 130 131
2 130 115
2 127 209
2 127 213
2 127 115
2 127 131
2 127 61
2 127 117
2 127 205
2 127 212
2 127 207
2 127 211
2 127 1
2 127 121
2 127 115
2 127 208
2 127 206
2 127 210
2 126 207
2 126 212
2 126 206
2 126 61
2 126 131
2 126 117
2 126 211
2 126 115
2 126 210
2 126 83
2 126 208
2 126 209
2 126 115
2 126 65
2 126 1
2 126 121
2 126 224
2 126 213
2 126 205
2 128 121
2 128 1
2 128 131
2 129 131
2 129 1
2 129 121
2 138 206
2 138 207
2 138 208
2 138 211
2 138 213
2 138 121
2 138 209
2 138 210
2 138 212
2 138 131
2 138 205
2 138 1
2 139 61
2 139 207
2 139 209
2 139 206
2 139 131
2 139 1
2 139 208
2 139 115
2 139 205
2 139 121
2 139 210
2 139 212
2 139 115
2 139 213
2 139 117
2 139 211
2 107 1
2 107 131
2 107 121
2 217 121
2 217 1
2 217 131
2 217 224
2 62 205
2 62 208
2 62 209
2 62 115
2 62 1
2 62 61
2 62 115
2 62 213
2 62 212
2 62 131
2 62 211
2 62 210
2 62 206
2 62 207
2 62 121
2 62 117
2 218 224
2 218 1
2 218 121
2 218 131
2 63 1
2 63 121
2 63 131
2 86 131
2 86 121
2 86 1
2 45 224
2 45 30
2 45 29
2 34 32
2 34 29
2 36 29
2 36 31
2 50 29
2 50 28
2 220 131
2 220 1
2 220 121
2 215 131
2 215 1
2 215 121
2 6 1
2 6 131
2 6 121
2 15 131
2 15 121
2 15 1
2 137 137
2 97 1
2 97 131
2 97 121
2 7 131
2 7 1
2 7 121
2 16 1
2 16 121
2 16 131
2 96 131
2 96 121
2 96 1
2 94 1
2 94 131
2 94 121
3 4 223
3 135 136
3 102 104
3 233 236
3 12 13
3 114 116
3 60 223
3 60 3
3 58 19
3 58 27
3 57 116
3 57 49
3 132 134
3 130 17
3 130 19
3 130 27
3 140 17
3 140 19
3 140 27
3 222 223
3 45 48
3 34 33
3 36 44
3 122 124
3 90 93
4 237 231
4 236 230
