1 1 2
1 3 4
1 4 5
1 5 6
1 6 7
1 7 8
1 8 9
1 10 11
1 11 12
1 12 13
1 13 14
1 14 15
1 15 16
1 16 17
1 18 19
1 19 20
1 20 21
1 21 22
1 22 23
1 23 24
1 25 27
1 27 28
1 28 29
1 29 30
1 30 31
1 31 32
1 32 33
1 33 34
1 34 26
1 35 36
1 36 37
1 41 42
1 42 43
1 43 44
1 45 46
1 47 48
1 49 50
1 50 51
1 52 53
1 53 54
1 56 57
1 61 62
1 62 63
1 63 64
1 65 67
1 67 68
1 68 69
1 69 70
1 70 71
1 71 72
1 72 73
1 73 74
1 74 66
2 35 76
2 3 9
2 75 75
3 49 51
3 47 48
3 41 44
3 40 55
3 45 46
3 52 54
3 10 17
3 18 24
3 35 37
3 25 26
3 65 66
3 61 64
3 1 2
3 56 57
3 58 59
3 58 60
3 38 55
3 39 55
