79 105
13 27 79 105 79 19 105
106 21 105
91 20 53 105
13 19 105 21 105
13 32 86 35 107 108 13 105 13 27 105 13 105 13 35 107 105 11 58 105
15 27 19 105
13 27 19 109 13 58 35 35 107 108 13 105 13 27 105 13 105 13 107 105 11 57 105 13 19 34 53 105
41 35 65 107 105 209 41 105 13 108 34 209 59 65 105 13 27 27 105 13 79 105 13 105
19 35 105
13 29 107 79 8 32 105 13 32 105
79 32 105 13 32 105
79 79 105
79 79 105
79 105
79 105
27 79 105 105
35 105
13 29 107 79 27 105
79 27 105
79 27 105
79 27 105
79 27 105
27 79 105 105
79 108
27 105 79 105
13 105 13 32 35 79 105
13 29 107 35 19 105
13 105
13 105
13 105
13 105
13 105
13 19 112
105
13 108
11 108 13 105 11 57 35 27 107 27 27 105 27 27 105 20 105
19 79 79 105
19 79 79 105
32 110 13 32 27 27 27 105 11 57 27 27 108 13 19 105 11 211 19 3 105 35 9 107
19 108
11 58 27 19 105
13 27 19 109 13 57 35 105
13 29 107 27 27 105 105
35 105
13 29 107 105
35 105
13 29 107 105
19 19 108
11 58 35 105
13 29 107 105
19 35 105
13 29 107 35 8 32 105 13 32 32 105 13 32 19 8 8 8 8 112
27 105 105
27 105 105
91 20 53 105
13 21 105 21 109 13 109 13 32 35 107 27 105 27 27 105 27 105 105
109 11 44 106 11 16 107
35 27 27 108 13 107 105
13 29 107 105
35 79 105
13 29 107 79 79 8 32 105 13 109 13 105
79 79 105 13 105 13 105
27 79 79 105 79 105
79 108
27 105 79 105
13 105 13 32 35 79 105
13 29 107 35 105
13 105
13 105
13 105
13 105
13 105
13 79 79 112
19 105 13 33 57 8 32 105 11 59 105 13 65 105 19 16 33 57 108 11 57 21 105 41 105 13 108 13 108 13 58 105 41 105 13 105 13 105 41 105 41
27 105 13 32 105 13 57 105 11 57 105 11 57 19 16 19 41
