1 1 2
1 2 3
1 3 4
1 4 5
1 5 6
1 6 7
1 11 12
1 12 13
1 24 25
1 25 26
1 26 27
1 27 28
1 28 29
1 29 30
1 30 31
1 41 42
1 42 43
1 43 44
1 44 45
1 45 46
1 46 47
1 47 48
1 48 49
1 58 59
1 78 79
2 55 21
2 24 31
2 18 59
2 18 70
2 18 58
2 18 68
2 18 56
2 18 65
2 18 58
2 18 56
2 18 67
2 18 65
2 18 56
2 18 66
2 18 71
2 18 61
2 18 58
2 18 64
2 23 21
2 16 21
2 17 21
2 8 9
2 72 80
2 72 75
2 72 64
2 72 68
2 72 75
2 72 62
2 72 56
2 72 82
2 72 81
2 72 65
2 72 74
2 72 66
2 72 79
2 72 58
2 72 78
2 72 56
2 72 59
2 72 58
2 72 60
2 72 73
2 72 70
2 72 61
2 72 65
2 72 74
2 72 69
2 72 56
2 72 63
2 72 67
2 72 58
2 72 71
2 72 73
2 72 82
2 32 39
2 32 40
2 32 36
2 32 33
2 32 36
2 32 35
2 32 33
2 32 38
2 32 33
2 76 56
2 76 65
2 76 56
2 76 71
2 76 63
2 76 58
2 76 65
2 76 62
2 76 66
2 76 81
2 76 70
2 76 68
2 76 64
2 76 69
2 76 80
2 76 82
2 76 74
2 76 73
2 76 75
2 76 74
2 76 79
2 76 58
2 76 60
2 76 82
2 76 61
2 76 75
2 76 59
2 76 58
2 76 56
2 76 73
2 76 67
2 76 78
2 57 60
2 57 74
2 57 74
2 57 56
2 57 56
2 57 75
2 57 62
2 57 61
2 57 70
2 57 71
2 57 79
2 57 67
2 57 75
2 57 58
2 57 80
2 57 63
2 57 69
2 57 56
2 57 59
2 57 81
2 57 68
2 57 82
2 57 65
2 57 64
2 57 58
2 57 65
2 57 66
2 57 73
2 57 82
2 57 58
2 57 73
2 57 78
2 41 35
2 41 40
2 41 49
2 41 49
2 77 70
2 77 73
2 77 66
2 77 78
2 77 75
2 77 58
2 77 65
2 77 59
2 77 71
2 77 80
2 77 56
2 77 69
2 77 65
2 77 74
2 77 82
2 77 67
2 77 56
2 77 64
2 77 58
2 77 73
2 77 63
2 77 82
2 77 74
2 77 62
2 77 61
2 77 75
2 77 58
2 77 68
2 77 56
2 77 79
2 77 60
2 77 81
2 54 36
2 54 33
2 54 35
2 54 33
2 54 50
3 24 25
3 23 21
3 16 20
3 16 21
3 17 21
3 17 22
3 17 19
3 1 7
3 11 13
3 8 9
3 8 10
3 32 34
3 15 14
3 54 52
3 54 34
3 54 51
3 54 53
3 54 37
