35 79 108
79 35 79 108
13 108
13 105
13 107 105
20 19 19 19 20 20 79 20 105
44 15 79 79 79 108
19 79 105
13 77 79 105 41 79 108
13 107 105 15
13 105 13 105 13 108 13 105 105
13 107 22 108
13 86 79 105 108 12 35 107 35 8 8 112
13 107 105 11 57 105 105 11 58 105 13 105 105 105 11 57 79 105 12 105
57 57 105 105 15 14 105 41 105 105 11 20 51 105 11 20 52 79 105 11 121 180 105
105 13 35 79 105
13 27 105 13 107 105 13 8 32 8 27 105 8 20 105 27 35 27 107 105 13 27 105 13 105 13 105 41 35 79 105
13 108 13 107 27 105 13 105 13 105 13 105 105 42 79 35 79 105
79 35 79 108
13 29 107 105
79 108
79 35 79 108
13 29 107 105
35 79 108
13 29 107 27 105 13 32 105 22 105 79 105
44 15 79 79 105
13 108
214 58 19 108 11 79 108
35 29 107 27 105 27 105 105
106 86 91 209 98 105
94 57 105
15 106
79 79 77 65 105 13 93 105 11 58 35 108 13 107 93 105 13 105 13 79 108
13 108
13 109 13 27 109 13 109 35 107 35 107 27 105 105 79 108
13 19 105
79 108
79 108
15 105 11 57 79 109 13 27 105 13 109 13 109 79 109 13 27 77 109 13 109 35 107 35 107 27 105 13 105 105 19 105
108
58 15 27 105 13 32 105 13 57 105 11 57 19 87 105 13 105
13 57 19 105 19 105 77 105 77 105 19 105 27 105 27 27 105 27 27 105 27 27 105 27 27 105 27 27 105 57 105 13 109
13 27 27 105 13 35 27 105 13 107 105 13 8 32 8 27 105 8 8 18 35 107 105 13 8 32 8 8 41 14 19 41 14 8 41
11 57 57 23 23 57 9 34 3 20 3 3 53 19 9 34 3 20 2 3 3 53 35 27 112 93 110 13 27 110 13 27 110 13 110 13 110 13 105 105 105 57 105 13 9 109
11 57 35 105 13 9 107 57 27 9 9 105 11 58 27 9 9 105 11 58 35 113 13 112 27 110 13 110
105 13 27 108 13 27 108 19 105 15
19 36 19 79 105 13 109 13 105 13 72 19 79 105 13 109 13 105 13 72 19 35 107 79 105 11 105 13 105 13 72 79 57 79 52 79 109
79 108
