1 3 4
1 4 5
1 7 18
1 18 19
1 19 20
1 20 21
1 21 22
1 22 23
1 23 24
1 24 25
1 25 8
1 8 9
1 9 10
1 10 11
1 11 12
1 12 13
1 13 14
1 14 15
1 15 16
1 16 17
1 26 27
1 29 40
1 40 51
1 51 57
1 57 58
1 58 59
1 59 60
1 60 61
1 61 62
1 62 30
1 30 31
1 31 32
1 32 33
1 33 34
1 34 35
1 35 36
1 36 37
1 37 38
1 38 39
1 39 41
1 41 42
1 42 43
1 43 44
1 44 45
1 45 46
1 46 47
1 47 48
1 48 49
1 49 50
1 50 52
1 52 53
1 53 54
1 54 55
1 55 56
2 63 63
2 29 56
2 7 17
2 7 28
2 7 19
2 26 27
2 26 28
2 26 27
2 64 1
3 3 5
3 6 2
