1 32 33
1 33 34
1 34 35
1 35 36
1 36 20
1 20 21
1 21 22
1 22 23
1 23 24
1 24 25
1 25 26
1 26 27
1 27 28
1 28 29
1 29 30
1 30 31
1 46 47
1 47 48
1 48 49
1 54 55
1 55 56
1 56 57
1 57 58
1 58 59
1 64 65
1 70 71
1 76 77
1 77 78
1 78 79
1 79 80
1 88 89
1 90 100
1 100 101
1 101 102
1 102 103
1 103 104
1 104 105
1 105 106
1 106 107
1 107 91
1 91 92
1 92 93
1 93 94
1 94 95
1 95 96
1 96 97
1 97 98
1 98 99
1 108 119
1 119 124
1 124 125
1 125 126
1 126 127
1 127 128
1 128 129
1 129 130
1 130 109
1 109 110
1 110 111
1 111 112
1 112 113
1 113 114
1 114 115
1 115 116
1 116 117
1 117 118
1 118 120
1 120 121
1 121 122
1 122 123
2 53 52
2 53 51
2 46 49
2 60 18
2 60 75
2 60 37
2 60 14
2 60 3
2 60 18
2 60 31
2 60 15
2 60 32
2 60 19
2 60 31
2 60 17
2 60 4
3 60 16
3 60 17
3 88 89
3 83 84
3 44 41
3 85 72
3 43 41
3 43 50
3 11 9
3 11 8
3 45 41
3 45 50
3 70 71
3 54 59
3 7 9
3 7 8
3 2 1
3 86 6
3 86 5
3 90 99
3 12 13
3 67 62
3 68 63
3 66 63
3 64 65
3 69 61
3 40 41
3 38 41
3 81 73
3 87 74
3 76 80
3 39 41
3 82 73
3 108 123
4 50 10
5 50 42
