106 21 105
20 106 105
13 105 19 105
35 29 107 105
13 57 105 13 105 11 58 35 107 91 20 53 27 105 27 32 105 20 105
108
79 79 79 79 108
19 105 13 105
79 79 19 27 105
35 107 86 79 19 105 79 35 91 107 105 15
13 35 29 107 105
11 57 105 13 57 105 13 105 11 58 8 18 108
13 58 35 27 107 40 105 13 27 105 13 32 105 11 19 52 27 105 13 32 105 13 57 105 11 57 2 16 2 41 2 41
11 20 52 27 105 13 105 13 8 35 29 107 27 19 105 22 105 108
79 105 15 19 27 105 13 86 41
79 57 79 105 19 86 79 27 105
13 27 105 13 32 27 105 13 100 93 19 105 93 105 15
106 79 19 27 105
19 19 19 79 27 105
19 87 93 58 79 27 105
15 93 105 93 23 105 93 105 11 57 79 27 105
79 57 79 19 27 105
79 105 108
93 57 93 105 100 107
93 57 93 105 19 100 15
19 19 19 19 23 108
77 44 15 19 105
19 108
108
11 58 35 27 107 79 105
15 35 27 107 105 11 57 79 108
13 105 13 35 29 107 108
108
11 58 79 108
27 108 13 105 11 57 91 20 53 105
41 105
79 79 19 27 105
19 108
108
13 105 13 32 108
108
11 58 15 35 27 107 105 11 57 108
79 79 108
13 105 13 35 29 107 108
11 57 105
11 20 52 27 105 13 105 13 105 79 35 107 21 105
13 105 13 108
13 105 13 105 13 105 91 20 53 105
13 105 11 57 79 105 79 105 79 21 105 13 32 57 57 21 105 57 21 105 57 105
13 21 105 11 105 79 57 2 105 79 57 2 105 79 57 2 105 108
11 57 79 57 105 42 19 42 21 105
13 42 21 42 79 105 13 35 29 107 105
11 58 15 79 105 13 27 105 13 32 57 105 105 13 57 105 13 108
11 21 57 107
79 21 105 13 32 57 21 105 108
11 57 79 27 105
108
13 57 35 107 27 105 13 108
11 105 13 105 13 79 35 107 27 105 13 105 13 105 13 108
105
106 79 108
106 79 108
109 11 107
19 79 93 108
19 79 93 108
79 93 108
19 19 79 93 108
41 105 11 58 105 11 58 79 105 13 105
41 105 41 105
41 14 8 8 42 19 58 79 9 105 57 105 57 105 57 57 105 8 42 14 105 41 105 41 20 9 107
13 57 105 13 79 58 27 105 13 32 19 27 105 13 86 79 19 105 79 105 27 27 108
79 57 79 105 19 86 27 27 108
19 105 13 27 35 107 27 105 13 105 13 105 13 105 13 108
91 20 53 35 107 35 79 108
13 105
13 107 108 13 105 79 108
13 19 105
19 19 79 108
79 108
79 8 8 2 5 110
19 109 13 32 79 57 77 108
105 11 44 15 79 105
35 79 29 107 57 79 105
13 57 79 21 105 13 108
107
19 58 15 80 57 80 58 35 29 107 35 107 27 105 13 79 105 13 105 13 108 13 105 105
106 19 108
79 105
91 20 54 15 86 105 13 27 35 107 27 105 13 105 13 105 13 108
27 105 11 57 107
41 27 105 11 58 27 105 11 57 79 79 105 27 108 13 108
13 105
13 57 35 107 108 13 79 108 13 35 27 107 105
13 58 16 35 107 105 13 57 34 2 54 65 105 11 57 105 11 57 209 41 19 41
11 109 11 35 27 107 91 20 53 27 35 107 108 13 105 105 27 105 11 57 22 105 105
19 27 105 11 57 35 27 107 27 105 35 107 108 13 105 105
79 108
15 105 11 57 27 8 41 105 11 57 58 105 11 58 27 8 41 105 13 108
19 79 35 107 27 105 13 79 105 13 105 13 105
79 108
13 79 105
13 108
13 19 105
11 57 27 57 79 105
79 35 107 27 105 13 105 13 105 13 27 105 13 105 13 105 13 105 13 105
79 27 105
15 105 11 57 27 41 105 11 58 27 41 79 27 105
57 105 11 57 2 41 2 41 79 35 107 27 105 13 105 13 105 13 105
19 19 79 27 105
19 19 19 79 108
79 108
