1 1 2
1 2 3
1 3 4
1 4 5
1 5 6
1 6 7
1 7 8
1 17 18
1 18 19
1 20 21
1 28 32
1 32 33
1 33 34
1 34 35
1 35 36
1 36 37
1 37 38
1 38 39
1 39 29
1 29 30
1 30 31
1 47 48
1 54 55
1 55 56
1 56 57
1 57 58
1 58 59
1 67 68
1 71 72
1 72 73
1 73 74
1 74 75
1 75 76
1 95 96
1 96 97
1 97 98
1 98 99
1 99 100
1 100 101
1 101 102
1 110 111
1 111 112
1 112 113
1 113 114
1 122 123
2 15 109
2 28 118
2 28 41
2 107 90
2 107 90
2 107 94
2 107 89
2 107 88
2 107 50
2 107 88
2 70 78
2 70 77
2 106 90
2 106 90
2 105 90
2 105 90
2 104 50
2 14 108
2 80 95
2 80 95
2 80 87
2 80 90
2 80 88
2 80 94
2 80 89
2 80 50
2 80 90
2 80 88
2 85 89
2 85 87
2 119 121
2 119 117
2 119 120
2 71 71
2 71 71
2 54 64
2 54 64
2 62 66
2 62 67
2 62 50
2 62 64
2 62 68
2 62 68
2 62 64
2 62 63
2 62 68
2 62 49
2 62 68
2 61 68
2 61 64
2 61 63
2 61 50
2 61 68
2 61 66
2 61 68
2 61 67
2 61 68
2 61 49
2 61 64
2 60 68
2 60 67
2 60 66
2 60 65
2 60 64
2 60 64
2 60 49
2 60 68
2 60 68
2 60 68
2 60 50
2 60 63
2 45 42
2 45 43
2 46 43
2 46 42
2 103 50
2 79 89
2 91 90
2 91 89
2 91 95
2 91 94
2 91 88
2 91 95
2 91 50
2 91 90
2 91 88
2 91 87
2 93 90
2 93 90
2 92 89
2 92 90
2 92 94
2 92 88
2 92 88
2 92 50
2 92 90
2 92 87
2 122 41
2 122 123
2 122 122
2 116 115
2 116 115
2 26 25
2 26 24
2 26 23
2 16 22
2 52 51
2 17 19
2 83 88
2 83 88
2 82 89
2 84 88
2 84 88
2 47 48
2 81 89
2 81 95
2 81 88
2 81 50
2 81 95
2 81 90
2 81 88
2 81 87
2 81 90
2 81 94
2 9 2
2 9 8
2 9 41
2 9 1
2 53 51
3 28 31
3 107 86
3 119 27
3 71 76
3 54 59
3 60 69
3 45 44
3 46 44
3 91 86
3 91 101
3 110 114
3 92 86
3 124 40
3 83 86
3 20 21
4 12 11
4 102 70
4 10 13
