20 19 19 65 8 35 107 105 13 32 79 108
19 105 105 105 11 20 55 54 27 105 13 58 35 107 27 105 13 105 13 27 105 13 105 13 108
79 93 105
8 18 107
41 14 27 108
79 93 105
8 41 20 52 107
105 13 35 35 107 20 107 35 107 105 13 57 105 27 105 41 14 27 108
32 107
35 79 29 107 79 105
106 19 105
35 79 29 107 22 105 79 105
20 20 19 105
106
106
79 105 13 32 57 79 105 13 32 58 15 79 58 35 35 105 13 107 79 107
27 35 27 107 79 105 13 105 13 108 35 107
35 79 107
109
19 105 11 44 2 16 27 27 108 79 57 107
79 77 20 52 79 57 79 79 57 35 27 79 79 108 13 107 22 105 79 58 2 41 79 105 13 32 58 2 41 105
109
35 107 105 13 32 27 108 13 8 18 14 8 27 27 108 19 41
109
19 79 58 8 18 79 105 13 32 58 8 41 19 27 105 11 58 27 105 13 32 27 105 13 8 41 27 105 11 58 27 105 13 32 27 105 13 41
79 79 105 13 32 58 15 79 79 79 79 105
105
19 19 19 106 93 30 93 57 93 31 93 58 100 79 58 93 57 93 86 100 86 87 86 105
41 27 105 13 32 27 105 13 32 108 13 58 35 27 107 8 93 30 93 58 100 93 57 93 105
31 27 108
105
13 27 105 13 58 27 107
15 27 107
31 41 14 31 40 35 107
105
13 105
13 93 52 105
27 105 11 57 86 108 12 85 87 58 27 107
41 27 105 13 32 58 27 107
19 93 57 93 105 11 16 105 13 35 29 107 22 105
93 58 35 107 105 13 105 13 57 105 11 57 27 105 11 57 27 27 108 13 35 107 27 105 13 93 105 13 105 13 108 13 105 13 105 13 105 11 58 27 105 13 105 13 105 11 62 35 107 105 13 27 105 13 105 13 105 13 35 107 93 105 13 27 105 13 93 105 13 105 13 35 107 27 105 13 105 13 27 105 13 105 13 27 105 13 105 13 27 105 13 105 13 27 105 13 27 105 13 105 13 35 107 105 13 27 105 13 27 105 13 27 105 13 27 105 13 105 13 100 93 18 8 42
13 105 13 32 35 9 9 107 35 8 9 107 35 9 9 107 35 9 9 107 9 9 9 105 110 13 19 105 9 9 8 9 9 35 107 35 8 9 8 107
114
13 105 13 8 9 105
19 105 11 80 58 52 87 107
19 19 105 11 105 11 105 11 105
106 105
13 19 105 35 107 105
19 27 27 105 13 32 57 105 13 19 57 105 11 58 105 13 27 108 13 57 105 11 58 27 18 14 105 41
79 79 109
79 79 109
35 107
35 107
19 105 11 79 58 106 11 16 52 35 107 27 105 13 105 13 27 105 13 105 11 105 13 27 105 13 105 11 105 13 105 13 108
79 80 52 79 57 79 109
79 79 57 79 79 79 105
106 11 41 14 8 27 27 108 41 27 27 108 41 79 79 57 27 108
105
13 32 58 27 27 108 2 42 35 27 79 79 108 13 107 105
106 27 108
19 79 57 58 79 105
19 106 79 57 57 79 105
9 79 8 19 87 41 14 8 27 27 108 41 93 105 13 57 93 105 13 105 11 19 52 19 19 9 79 8 108
13 107 19 108 105 13 32 27 105 105 79 27 105 13 108
13 107 86 79 105 13 105 79 105 13 19 105 79 105 79 105 79 105 79 35 19 107
19 34 54 65 105 209 41 105 35 107 105 13 27 105 13 105 13 108
35 35 112 9 9 105 13 9 9 105 13 110 13 8 9 107 93 110 13 57 93 110 13 110 11 20 3 3 52 35 112 27 110 13 9 9 105 13 27 110 13 9 9 105 13 110 13 113
35 8 9 107 20 113 105 13 32 27 8 9 105 105 105 13 27 8 9 105 13 58 35 27 112 40 14 9 105 105 20 16 35 35 112 9 9 105 13 9 9 105 13 110 13 8 9 107 20 3 36 8 9 8 105 11 61 110 105 57 105 12 35 107 105 12 50 58 20 41 20 8 8 3 2 105 41 14 9 105 41 14 9 27 35 112 27 110 13 105 13 110 13 110 13 9 9 8 108 105 20 42 27 27 113 42 14 9 105 42 14 9 105 42 14 42
13 105
106 100 23 19 19 19 19 19 19 19 19 105
19 57 20 19 8 8 35 107 19 108 105 13 32 27 105 105 27 105 13 27 105 13 105 11 35 107 27 105 13 105 11 105 13 27 105 13 105 13 105 13 105 13 108
35 107 27 105 13 105 13 105 13 108
20 53 20 53 105 13 32 58 27 108
2 16 14 8 41 14 8 105 41 57 108 13 35 107 27 105 13 105 13 105 13 105 13 108
58 27 57 105 13 57 105 13 27 105 11 57 27 108
35 27 107 105
8 9 105 35 20 20 8 3 3 107 20 8 3 105 9 8 8 105 9 79 9 9 9 105 9 79 9 110 13 32 57 35 9 8 107 9 9 86 9 79 9 20 110 35 20 20 112 9 79 9 9 9 105 9 79 9 35 9 9 107
86 79 105 13 57 79 105 13 105 11 19 52 35 35 107
19 19 79 19 108
19 79 108
79 79 108
19 19 79 108
79 108
79 19 108
19 19 51 20 51 20 51 20 51 19 51 19 51 2 107
19 19 19 79 57 79 58 15 35 27 107 27 27 105 79 105
11 57 79 105 11 57 79 105 84 84 15
19 79 57 79 105 79 105 19 86 84 57 84 15
11 57 79 105 84 84 15
19 19 79 57 79 105 79 105 86 86 84 84 15
79 79 79 108
79 108
79 108
19 19 86 107 86 87 86 57 35 107 108 13 105 13 105 13 27 105 13 105 13 86 35 107 86 79 19 105 79 19 105 35 79 105 11 107 86 35 107 27 105 13 79 105 13 105 13 108
20 20 9 9 9 57 35 8 9 107 20 113 105 13 32 27 8 9 105 105 27 8 9 105 13 27 8 9 105 13 105 11 35 112 27 110 13 105 11 110 13 27 110 13 105 13 110 13 110 13 113
35 112 27 110 13 9 9 105 13 110 13 113
20 3 3 53 20 3 3 53 35 112 27 110 13 9 8 105 13 110 13 113
57 108 13 58 27 105 13 27 110 11 57 105 13 27 110 11 57 9 79 9 57 20 9 9 86 9 79 9 110
112
42 27 9 9 105 11 57 20 9 3 105 13 57 27 113
35 27 108 13 9 9 9 107 9 9 105
42 14 9 105 42 14 9 42 14 9 105 42 105 13 27 110 11 58 105 13 27 110 11 57 27 9 9 105 11 57 35 29 8 9 9 107 105 27 20 8 9 3 105 20 9 8 3 105
19 77 44 16 107
111 27 113
106 80 57 105
106 79 57 79 105
106 79 57 79 105
106 79 105 79 105
13 32 86 79 20 27 105 13 86 79 105 79 105
79 108
13 108
13 108
13 108
13 108 13 35 27 107 79 105
9 79 8 105 13 20 105 20 105 35 105 13 107
35 79 79 79 79 79 79 8 112
35 107 27 79 105 27 79 105 18
19 107 86 105
19 35 107 27 105 13 105 13 27 105 13 105 13 108
27 105 41 27 105 11 57 105 41 27 105 11 57 105 41 27 105 11 57 20 105 41 27 105 11 57 105 105 105 42 27 105 11 57 27 105 13 32 58 27 108
41 27 105 11 57 105 105 27 108
35 79 107 105 13 32 79 108
19 105 105 105 11 20 51 35 107 27 105 13 79 105 13 105 13 108
79 105 13 32 58 27 108
