79 27 105
13 32 58 79 19 19 23 23 19 19 110
15 27 105 11 57 27 79 79 19 105 41 14 41 27 105 11 57 27 79 79 19 105 41 79 19 19 23 23 19 19 110
15 27 105 11 57 27 105 13 57 19 19 105 12 105 12 105 11 127 105 12 23 151 6 124 9 110
20 52 58 19 20 23 23 19 19 8 110
15 27 19 105 11 27 105 13 27 105 13 19 52 19 19 23 23 19 19 8 110
58 19 19 105
41 19 23 23 19 19 8 2 110
19 23 23 19 19 8 2 110
41 19 20 23 23 19 19 8 110
19 23 23 19 19 8 2 110
19 23 23 19 19 8 2 110
41 106
19 105
13 86 79 27 27 109 13 19 57 27 105 11 57 19 19 19 23 23 19 19 8 110
19 19 23 23 19 19 8 110
57 20 105
11 58 19 57 105
79 58 20 20 93 108 13 86 106 19 19 23 23 19 19 8 110
35 107
86 35 27 107 27 105 79 19 105
