1 1 2
1 2 3
1 5 6
1 11 12
1 12 13
1 13 14
1 14 15
1 15 16
1 16 17
1 17 18
1 19 28
1 28 29
1 29 30
1 30 31
1 31 32
1 32 33
1 33 34
1 34 35
1 35 20
1 20 21
1 21 22
1 22 23
1 23 24
1 24 25
1 25 26
1 26 27
1 38 49
1 49 51
1 51 52
1 52 53
1 53 54
1 54 55
1 55 56
1 56 57
1 57 39
1 39 40
1 40 41
1 41 42
1 42 43
1 43 44
1 44 45
1 45 46
1 46 47
1 47 48
1 48 50
1 67 68
1 68 69
1 69 70
1 74 75
1 75 76
1 87 88
1 95 96
2 65 94
2 65 77
2 63 77
2 63 94
2 36 10
2 64 77
2 64 94
2 86 72
2 86 81
2 97 96
2 97 95
2 97 96
2 97 94
2 58 93
2 58 94
2 58 77
2 58 72
2 85 83
2 85 84
2 85 94
2 85 72
2 85 77
2 85 82
2 67 94
2 67 66
2 67 70
2 78 94
2 78 77
2 78 72
2 79 72
2 79 77
2 79 94
2 80 90
2 80 91
2 80 72
2 73 81
3 63 60
3 63 61
3 74 75
3 86 59
3 1 3
3 5 6
3 58 89
3 58 71
3 38 50
3 19 31
3 11 18
3 87 88
3 80 71
3 80 92
3 80 91
3 73 59
4 61 37
4 76 4
4 59 63
4 61 4
4 61 8
4 27 8
4 31 4
4 76 37
4 31 7
4 76 9
4 61 9
4 76 7
4 31 37
4 27 9
4 61 7
4 76 8
5 60 62
5 31 11
