108
108
13 105 13 57 105 11 57 16 19 16 16
13 105 13 57 105 11 58 41 105 11 57 19 51 19 51 19 51 19 51 19 51 20 51 105 11 57 91 16 91 16 91 16 91 16 91 16 91 16
11 87 35 27 107 105
107
79 105 18 14 108
79 105 15 108
106 108
106 108
106 108
108
11 58 79 109
108
108
41 14 41 14 8 8 8 41 14 8 8 8 108
108
40 80 57 108 12 85 80 57 79 77 121 105
79 105 11 84 80 57 78 23 50 57 108 12 78 181 85 79 105
79 105 13 109 13 109 13 109 11 57 109 13 32 109 13 32 109 13 109 11 57 109 13 32 79 109 13 105
41 41 93 79 105
11 58 93 79 105
13 86 35 79 107 105 13 32 86 79 77 105 79 77 105 79 79 105
11 58 107
15 80 57 107
15 1 1 79 105 13 35 107 1 79 57 105
13 105 79 80 105 79 93 79 105
11 105 79 19 105 79 105
13 109 13 109 11 57 109 13 32 79 109 13 32 109 13 32 105 41 93 79 105
11 58 93 79 105
11 58 79 27 27 105 80 57 107
15 93 79 105
11 19 57 1 1 79 105 13 35 107 1 79 57 105
79 108
13 108
13 105
13 27 105 13 79 108
13 108
13 105
