1 13 26
1 26 37
1 37 48
1 48 59
1 59 70
1 70 81
1 81 92
1 92 103
1 103 14
1 14 17
1 17 18
1 18 19
1 19 20
1 20 21
1 21 22
1 22 23
1 23 24
1 24 25
1 25 27
1 27 28
1 28 29
1 29 30
1 30 31
1 31 32
1 32 33
1 33 34
1 34 35
1 35 36
1 36 38
1 38 39
1 39 40
1 40 41
1 41 42
1 42 43
1 43 44
1 44 45
1 45 46
1 46 47
1 47 49
1 49 50
1 50 51
1 51 52
1 52 53
1 53 54
1 54 55
1 55 56
1 56 57
1 57 58
1 58 60
1 60 61
1 61 62
1 62 63
1 63 64
1 64 65
1 65 66
1 66 67
1 67 68
1 68 69
1 69 71
1 71 72
1 72 73
1 73 74
1 74 75
1 75 76
1 76 77
1 77 78
1 78 79
1 79 80
1 80 82
1 82 83
1 83 84
1 84 85
1 85 86
1 86 87
1 87 88
1 88 89
1 89 90
1 90 91
1 91 93
1 93 94
1 94 95
1 95 96
1 96 97
1 97 98
1 98 99
1 99 100
1 100 101
1 101 102
1 102 104
1 104 105
1 105 106
1 106 107
1 107 108
1 108 109
1 109 110
1 110 111
1 111 112
1 112 113
1 113 15
1 15 16
1 114 116
1 116 117
1 117 118
1 118 119
1 119 120
1 120 121
1 121 122
1 122 123
1 123 115
1 124 125
1 125 126
1 127 128
1 128 129
1 129 130
1 131 132
1 132 133
1 133 134
1 134 135
1 136 137
1 137 138
1 139 140
1 140 141
1 143 144
1 144 145
1 145 146
1 146 147
1 147 148
1 148 149
1 150 151
1 151 152
2 13 2
2 143 142
2 7 2
2 7 6
2 7 1
2 4 6
2 4 1
2 4 2
2 5 1
2 5 2
3 131 135
3 150 152
3 13 16
3 136 138
3 12 153
3 143 149
3 127 130
3 139 141
3 114 115
3 124 126
3 11 9
3 4 9
3 4 8
3 4 10
3 4 3
3 5 9
3 5 8
3 5 10
