40 2 41 19 105 35 105 13 107 57 35 107 8 113
13 107 105 13 8 32 8 27 93 58 27 19 36 19 27 72 19 27 72 108 13 100 93 105 27 108 13 105 13 105 19 105 35 93 27 107
13 93 30 19 101 31 57 35 27 107 27 77 105 27 79 105 93 108 13 105
108
35 107 108
19 35 35 79 27 105 13 107 107 105 13 32 79 27 105 13 105 86 108
108
13 27 105 13 58 8 57 18 105 13 19 105
11 58 35 27 107 27 105 27 105 79 105
13 57 19 105
108
106 27 27 108
21 19 19 20 19 106 21 105
13 109 13 105 77 77 98 105
13 105 13 27 105 13 27 108
35 93 29 107 27 105 105
35 20 107 100 35 107
105 93 21 105 11 98 93 21 19 105 11 98 93 21 19 105 11 98 27 105
13 32 100 93 105
13 27 27 109 13 100 27 27 109 27 27 109 13 100 27 109 11 108 13 100 27 27 109 13 100 27 27 109 13 100 27 27 109 13 100 27 23 109 12 99 27 23 109 27 109 11 101 27 109 11 108 13 100 105 11 57 109 13 27 109 109 35 107
27 105
13 32 100 21 105
13 100 93 58 35 107
100 105
13 100 35 107
21 105
100 21 105
13 32 100 21 105
13 32 100 21 105
13 32 100 21 105
13 32 100 21 105
13 32 100 21 105
13 100 21 105
13 100 35 107 100 93 93 105 93 105 13 21 105 13 20 108
11 105 105 93 105 93 105 93 105 98 93 105
21 105
13 105 21 105
13 105 21 105
13 32 100 21 105
13 105 21 105
13 32 86 79 105 21 105
13 32 35 107
105 21 105
13 35 107
105 21 105
13 35 107
105 21 105
13 35 107
13 35 107
105 21 105
13 35 107
105 21 105
13 35 107
105 21 105
13 35 107
105 21 105
13 35 107
105 93 79 105 11 58 21 105
105 100 100 108 13 100 35 107
13 105 21 105
13 35 107
105 93 27 105 11 58 21 105
13 100 35 107
105 93 105 93 79 105 11 58 93 79 105 11 57 21 105
13 35 107
105 93 79 105 11 58 93 79 105 11 57 21 105
13 35 107
105 93 79 105 11 58 21 105
13 105 93 79 105 11 58 21 105
100 105
13 105 21 105
13 105 21 105
13 105 21 105
13 105 21 105
13 105 21 105
13 35 107
105 21 105
13 35 107
105 21 105
13 35 107
13 108
105 21 105
13 35 107
105 21 105
13 35 107
105 21 105
13 35 107
105 21 105
13 35 107
105 93 35 107
105 21 105
27 105
13 32 100 35 93 107
105 93 105 13 100 21 105 13 100 105 93 79 105 11 57 93 21 105 13 105 93 21 105 13 35 107
105 93 93 105 93 105 13 100 21 105 13 100 93 21 105 13 100 93 93 105 35 93 107 21 105
13 32 100 35 107
105 93 35 107
105 93 35 93 107
105 35 107
100 35 107
100 105
13 105
13 32 100 93 105 13 105 13 100 35 107 93 105 13 27 105 13 105 13 100 35 107 93 105 13 27 105 13 105 13 100 35 107 93 105 13 27 105 13 105 13 100 35 107 93 105 13 27 105 13 105 13 100 35 107 105
13 19 105 13 21 105
13 32 35 27 107 79 105 13 105 13 105 93 105 11 57 27 27 108
108
13 27 105
13 100 35 35 107
107 100 27 109 11 108 13 105 11 57 93 105 107
21 105
13 100 35 107
100 27 105
13 27 105 13 57 105
19 19 19 108 13 100 106 93 27 105 13 109 109 11 62 35 93 107 27 105 105 105 27 109 11 108 13 108
13 27 109 11 108 13 100 35 93 29 107 27 108 13 105 105
35 35 107
107 35 35 107
107 105 109 93 105 93 105 11 57 108 13 100 93 105
107
93 108 11 62 93 105 93 105 21 105
13 32 108 13 105 21 105
13 32 108 13 105 93 105 11 57 27 27 108
93 105
19 106 21 105
21 105
13 32 86 86 100 93 105 11 58 35 79 29 107 105
21 19 106 21 105
21 105
105
13 105 13 27 105 13 86 86 93 105 11 58 35 79 29 107 105
19 106 21 105
105
13 105 13 27 105 11 108 13 86 105
13 105 13 27 105 11 108 13 86 105
13 105 13 27 105 13 86 2 93 105 11 54 93 105 13 32 79 105 11 58 86 209 2 41 86 100 93 105 11 58 35 79 29 107 105
19 21 19 19 106 21 105
21 105
13 32 100 86 100 93 57 93 105 11 58 93 58 35 79 29 107 105
21 21 19 20 19 106 21 105
100 86 21 105
13 86 93 105 11 58 35 79 29 107 105
13 32 105 13 57 105 11 57 19 16 14 105 8 41 19 41
21 21 21 19 20 106 21 105
105
13 105 13 27 105 13 86 105
13 105 13 27 105 11 108 13 86 105
13 105 13 27 105 11 84 105
13 105 13 27 105 11 108 13 86 105
13 105 13 27 105 13 86 86 100 93 105 11 57 93 58 35 79 29 107 105
21 20 19 19 106 21 105
21 105
13 86 100 93 105 11 58 35 93 29 107 105
13 105 13 35 107 34 19 54 65 105 13 35 107 20 105
