93 35 107 27 105 13 105 13 105 13 108
106
79 105
106
19 27 27 9 79 105 11 57 27 27 108 19 9 79 27 105 11 57 108 13 58 29 27 19 36 19 29 72 105 13 19 19 36 19 9 79 72 105 13 8 32 8 58 9 79 79 105 13 27 19 36 105 13 9 79 79 19 36 105 13 32 105 13 27 19 36 19 29 72 105 13 19 36 19 9 79 72 105 13 8 32 8 93 105 11 57 27 27 108 9 79 79 9 79 109
35 93 107
105
9 79 105
15 9 79 27 105 11 57 27 27 108 35 27 107 9 79 108 13 105 9 79 79 109
13 105
106 27 27 105 11 58 27 105 11 58 27 105 11 57 8 79 105 13 105 13 105 11 58 79 105 35 107
27 27 105
27 105
79 19 108
15 27 105 11 57 35 27 107 108 13 105 79 79 109
13 105
