1 1 2
1 2 3
1 3 4
1 4 5
1 5 6
1 6 7
1 11 12
1 12 13
1 24 25
1 25 26
1 26 27
1 27 28
1 28 29
1 29 30
1 30 31
1 54 55
1 65 66
2 24 31
2 42 19
2 18 59
2 18 57
2 18 45
2 18 46
2 18 44
2 18 61
2 18 55
2 18 60
2 18 51
2 18 54
2 18 52
2 18 54
2 18 61
2 18 45
2 18 61
2 18 54
2 14 19
2 16 19
2 17 19
2 62 45
2 62 63
2 62 54
2 62 59
2 62 50
2 62 67
2 62 64
2 62 51
2 62 52
2 62 61
2 62 45
2 62 48
2 62 56
2 62 60
2 62 49
2 62 63
2 62 65
2 62 44
2 62 49
2 62 61
2 62 50
2 62 54
2 62 54
2 62 53
2 62 46
2 62 55
2 62 66
2 62 57
2 62 58
2 62 48
2 62 43
2 62 61
2 47 59
2 47 63
2 47 58
2 47 63
2 47 50
2 47 52
2 47 55
2 47 56
2 47 49
2 47 43
2 47 51
2 47 61
2 47 66
2 47 44
2 47 64
2 47 61
2 47 54
2 47 61
2 47 60
2 47 65
2 47 49
2 47 48
2 47 57
2 47 54
2 47 48
2 47 53
2 47 67
2 47 50
2 47 45
2 47 54
2 47 46
2 47 45
2 32 38
2 32 40
2 32 35
3 24 25
3 14 19
3 16 21
3 16 19
3 1 7
3 17 19
3 17 20
3 17 22
3 11 13
3 32 36
3 32 39
3 32 33
3 32 34
3 32 41
3 8 9
3 8 10
3 37 39
3 15 23
