106 108
20 19 19 94 57 35 27 107 105 13 105 13 108
57 94 57 27 108
79 30 79 108
11 44 31 94 57 35 27 107 79 108
11 105 13 105 13 108
42 2 42 2 41 14 91 80 57 217 174 98 80 57 94 57 27 108
42 2 41 27 108
42 94 57 35 27 107 105 13 105 13 105 13 108
80 57 93 21 19 36 19 105 13 105 13 72 105 13 108
35 27 107 79 105 13 105 13 105
19 79 108
11 19 52 94 57 27 108
15 94 57 35 27 107 80 105 13 27 105 13 79 105 13 105 13 105 13 108
80 57 2 98 79 105 13 91 80 57 2 217 174 98 94 57 35 27 107 105 13 105 13 27 105 13 80 105 13 105 13 108
94 57 27 108
79 108
13 108
19 19 94 57 27 108
80 57 93 21 36 79 105 13 72 105 13 108
35 27 107 79 105 13 105 13 105
94 57 35 27 107 79 108
13 105 11 105 13 105 13 108
79 108
13 105 11 57 79 108
13 105 23 108 94 57 27 108
94 57 35 27 107 79 105 13 105 13 105 13 108
79 105 94 57 27 108
105 11 57 94 57 27 108
105 94 57 27 108
19 52 94 57 27 108
105 11 94 57 35 27 107 105 13 105 13 108
94 57 27 108
93 108 13 86 91 209 98 79 19 105 79 105 79 105 94 57 35 27 107 79 105 13 105 13 108
30 79 58 31 15 79 105 79 105 79 19 105 79 105 91 209 98 19 86 79 57 79 19 86 94 57 35 27 107 105 13 105 13 108
105 11 58 93 35 107 27 105 13 105 13 105 13 108 209 41 15
11 3 105 13 35 9 79 29 9 107 93 35 112 27 110 13 9 9 105 13 110 13 9 108 27 9 105 9 79 91 209 98 22 3 3 108
