1 4 5
1 6 7
1 7 8
1 11 12
1 12 13
1 21 22
1 23 34
1 34 41
1 41 42
1 42 43
1 43 44
1 44 45
1 45 46
1 46 47
1 47 24
1 24 25
1 25 26
1 26 27
1 27 28
1 28 29
1 29 30
1 30 31
1 31 32
1 32 33
1 33 35
1 35 36
1 36 37
1 37 38
1 38 39
1 39 40
1 48 49
1 49 50
1 50 51
1 51 52
1 52 53
1 53 54
1 54 55
1 60 65
1 65 66
1 66 67
1 67 68
1 68 69
1 69 70
1 70 71
1 71 72
1 72 61
1 61 62
1 62 63
1 63 64
1 76 77
1 77 78
1 78 79
1 79 80
1 80 81
1 81 82
1 82 83
1 89 90
1 90 91
1 91 92
1 92 93
1 93 94
1 94 95
1 95 96
1 96 97
1 98 99
2 3 144
2 3 104
2 3 142
2 3 141
2 3 137
2 3 107
2 3 140
2 3 103
2 3 106
2 3 105
2 3 138
2 48 84
2 48 17
2 48 13
2 16 84
2 16 13
2 139 142
2 139 144
2 139 141
2 14 13
2 9 141
2 9 142
2 9 144
2 143 142
2 143 144
2 143 141
2 15 13
2 15 84
2 58 17
2 56 19
2 56 84
2 108 142
2 108 144
2 108 141
2 76 83
2 76 84
2 100 107
2 100 144
2 100 137
2 100 138
2 100 141
2 100 103
2 100 104
2 100 142
2 100 105
2 100 106
2 100 140
2 85 17
2 23 17
2 23 84
2 23 13
2 23 20
2 87 127
2 87 104
2 87 121
2 87 121
2 87 105
2 87 120
2 87 107
2 87 121
2 87 106
2 60 84
2 60 13
2 131 107
2 131 104
2 131 105
2 131 106
2 74 13
2 117 115
2 117 114
2 117 116
2 75 13
2 113 116
2 113 115
2 113 114
2 21 22
2 89 134
2 89 105
2 89 121
2 89 121
2 89 121
2 89 120
2 89 107
2 89 127
2 89 106
2 89 104
2 98 99
2 57 84
2 57 13
2 59 19
2 59 84
2 59 59
2 119 107
2 119 104
2 119 105
2 119 106
2 124 120
2 124 127
2 124 104
2 124 106
2 124 105
2 124 107
2 123 121
2 123 121
2 123 104
2 123 121
2 123 106
2 123 107
2 123 127
2 123 105
2 123 120
2 118 106
2 118 120
2 118 121
2 118 107
2 118 127
2 118 101
2 118 105
2 118 121
2 118 104
2 118 121
2 133 106
2 133 105
2 133 104
2 133 107
2 135 107
2 135 106
2 135 105
2 135 120
2 135 121
2 135 121
2 135 104
2 135 127
2 135 121
2 126 105
2 126 120
2 126 104
2 126 107
2 126 106
2 126 127
2 102 105
2 102 104
2 102 106
2 102 107
2 110 111
2 110 109
2 112 114
2 112 115
2 125 106
2 125 104
2 125 107
2 125 127
2 125 105
2 125 120
2 128 105
2 128 127
2 128 104
2 128 107
2 128 122
2 128 120
2 128 106
3 48 55
3 16 10
3 14 11
3 4 5
3 23 10
3 23 18
3 23 40
3 6 8
3 87 88
3 130 132
3 60 10
3 60 2
3 60 1
3 60 64
3 75 11
3 89 97
3 57 10
3 86 136
3 129 132
4 40 73
4 10 14
4 2 3
4 64 9
4 55 14
4 8 3
5 18 21
