19 27 105 13 105 13 19 105 13 105 13 32 35 27 107 27 105 35 107 27 105 13 105 13 105 13 105 13 27 105 13 91 19 36 72 19 72 105 13 105 105 13 91 105 13 108
35 29 107 105
106 91 105
79 105
13 35 27 35 107 27 105 13 105 13 105 13 108 13 107 105
105 11 91 52 105
91 91 105
15 91 52 35 29 107 105
19 21 21 22 106 19 86 105
35 29 107 27 105 105
13 21 107 35 29 107 108
13 105
13 21 105 13 27 105 77 216 84 77 216 84 86 86 79 105 11 79 105 11 57 52 2 79 105 11 27 36 108 13 72 108 13 72 108 13 21 105 79 19 105 11 57 52 2 79 19 105 11 27 36 108 13 72 108 13 72 108 13 21 105 79 105 11 79 105 11 27 36 108 13 72 108 13 72 108 13 21 105 79 105 11 79 105 11 27 36 108 13 72 108 13 72 108 13 21 105 79 105 11 79 105 11 27 36 108 13 72 108 13 72 108 13 21 105 79 105 11 57 52 2 79 105 11 27 36 108 13 72 108 13 72 108 13 21 105 79 20 105 42
19 86 27 105
107
27 108
105 23 105 105 79 105 11 105
19 19 19 19 84 35 107 27 105 27 105 44 27 105 79 57 27 79 105 105
11 58 2 2 2 79 105 11 79 19 105 11 57 108
79 105 11 79 105 11 79 105 57 108
19 52 27 105 13 32 86 35 107 27 105 13 79 105 13 105 13 108
79 57 77 44 15 14 105 41 19 79 108 41 19 79 108 41 19 79 108 41 1 44
19 19 19 19 58 15 105 11 45 41 105
41 105
41 105
11 105
11 58 57 105
105
2 105
11 58 57 105
105
108
41 105
11 105
105
2 41 52 58 105
41 107
41 107
41 19 107
41 35 29 107 105
11 105
11 57 52 105
79 21 105 105
105
105
108
41 52 58 57 105
106 27 108 22 105
27 105
13 32 86 107
108
11 57 107
19 108
105
35 29 107 105
19 19 52 105
19 58 15 105 11 45 108
79 57 79 105
19 19 19 19 19 58 15 105 11 79 105 11 105 11 45 41 79 105 11 59 55 79 105 57 108
19 19 19 58 15 105 11 44 41 105
41 105
41 105
41 108
41 35 29 107 27 27 105 105
41 108
11 58 108
108
11 57 108
107
41 2 41 19 108
41 108
41 105
106 21 105
79 35 27 107 105
79 108
19 23 27 105 13 105 11 57 27 105 11 57 27 105 11 35 107 27 105 13 105 13 105 13 108
58 27 108
79 108
79 79 79 79 105 15 27 108
79 19 108
79 79 79 79 105 41 27 108
79 79 27 105
13 32 86 79 79 105 11 79 108
19 19 19 19 19 27 105 13 32 105 11 57 105 11 108
27 108
105 11 58 79 108
79 105
35 35 107 105 13 27 105 13 79 105 13 105 13 107 108 13 105
20 19 106 19 105
105
13 105 35 107 86 79 22 105 79 35 107 105
105
13 27 19 105 11 57 35 107
86 79 21 105
79 35 107
105
107
106 79 57 79 109
27 77 105 27 79 105 27 79 105 15
105 13 27 105 11 57 79 108
13 22 105
35 79 79 107
27 105 13 32 105 13 57 105 11 57 105 11 98 105 13 100 105 11 98 105 13 100 15 14 41
105 19 87 105 11 57 57 105
35 107 105 13 32 18
105 13 18
105 13 18
79 79 105
105 11 57 105 11 58 35 35 107 27 105 13 105 13 105 13 107 40 15
105
11 58 105 12 105 11 57 209 181 27 35 107 27 105 13 105 13 27 105 13 105 13 108 2 5 5 5 5 2 41 27 35 107 27 105 13 105 13 27 105 13 105 13 108 2 5 5 41 15
105
79 105 79 108
13 86 79 105 13 86 35 79 105 13 20 107 86 79 79 105 11 107
19 79 8 2 27 35 107 27 105 13 62 35 107 27 105 13 105 13 105 13 105 13 27 105 13 105 13 105 13 108 35 107 105 13 32 62 27 35 107 27 105 13 105 13 27 105 13 105 13 105 62 105 105 105 11 20 51 20 51 20 52 19 57 27 105 13 209 105 19 56 35 35 107 27 105 13 105 13 105 13 107
13 105 11 84 105 13 86 105 13 27 35 107 27 105 13 79 105 13 27 105 13 79 105 13 27 105 13 77 105 13 105 13 108 108
79 108
108 12 79 108
106
15 79 105 93 107
93 86 79 57 79 105 11 62 84 79 105 79 105 79 105 19 86 93 107
93 86 79 57 79 105 93 107
93 107
93 107
44 19 16 93 107
19 108 12 78 181 85 93 107
41 14 105 93 35 107 27 105 13 105 13 105 13 108 41
105
19 105 11 52 79 108
79 108
19 105
13 35 107 107
106 107
107 15
106 79 19 105 79 109
35 27 107 27 105 22 105 27 105 13 105 27 19 105 105
13 100 41 14 35 105 13 107 105 13 105 13 100 105 41
27 105 11 57 93 18 27 105 13 32 105 13 57 105 11 58 93 41 105 11 58 105 11 44 93 41 93 41 93 41 93 41 93 41 44
106 108
35 107 105 13 32 105 11 20 53 20 53 27 35 108 13 105 11 209 107 27 105 13 105 13 27 105 13 105 13 105 13 108 105 15 14 105 40 14 27 105 13 108 13 35 108 13 105 11 209 108 13 105 11 169 107 27 105 13 105 13 27 105 13 105 13 105 13 108 41 14 27 105 13 108 13 35 108 13 105 11 209 108 13 105 11 169 107 27 105 13 105 13 27 105 13 105 13 105 13 108 42 14 41
19 29 105 13 27 105 13 105 13 33 58 27 108
35 107 105 13 32 108
106 108
40 105 13 79 105 13 105 13 32 105
