79 108
19 19 105 11 44 15 79 79 23 105 80 58 87 77 79 105 11 53 84 107
114 11 44 111 11 16 9 77 19 56 9 77 19 56 9 77 9 77 56 9 77 3 9 77 9 84 3 9 84 9 77 9 77 56 27 9 105
9 79 105 9 79 105 19 9 84 19 9 84 21 9 105
13 9 107
9 79 105
9 79 9 79 105 19 42 35 113 13 107 9 79 105 13 32 105 13 27 105 13 105 13 209 42 9 79 105 209 42 9 79 9 77 105 42 19 9 84 19 9 84 9 79 105
9 79 9 79 105 9 79 21 109 13 9 105
19 42 9 77 9 84 19 42 9 77 9 84 9 77 9 77 56 9 77 3 9 77 9 84 3 9 84 9 79 9 77 9 77 105
9 79 9 79 105 9 79 9 77 105 19 42 19 9 84 9 79 105 11 209 9 84 9 79 9 77 9 77 105
9 79 9 79 105 19 42 19 9 84 19 9 84 9 79 105
9 79 9 79 105 19 42 35 27 107 9 86 9 79 35 27 107 9 79 9 77 105 13 32 105 13 105 13 108 13 105 9 79 9 105
13 32 27 9 79 108 13 105 19 9 84 19 9 84 9 79 105
9 79 9 79 105 9 79 9 77 22 22 19 19 22 110 21 9 105
13 9 107
19 42 9 79 35 108 13 107 9 79 105 13 32 105 13 27 105 13 105 13 9 86 209 42 35 9 79 9 77 105 13 32 108 13 107 27 105 13 105 13 9 86 42 9 77 3 9 77 19 56 9 77 19 56 9 77 9 77 56 9 77 3 9 77 9 84 3 9 84 9 77 9 77 54 9 77 3 9 79 9 77 22 22 19 19 22 110 9 79 105 11 57 9 79 27 105 9 79 105
9 79 105 9 79 105 19 9 84 19 9 84 9 79 105
9 79 9 79 105 9 79 3 105 3 9 84 19 42 9 79 105 209 41 9 79 9 77 105 42 9 79 9 77 209 27 105 9 79 105
9 79 105 9 79 105 19 42 27 9 77 19 56 9 77 19 56 9 77 9 77 56 9 77 3 9 77 9 84 3 9 84 9 77 9 77 56 27 9 105
13 32 27 9 108 13 105 9 77 19 56 9 77 19 56 9 77 9 77 56 9 77 3 9 77 9 84 3 9 84 9 77 9 77 54 9 79 27 105 9 79 9 77 22 22 19 19 22 110 9 79 105
111 110
13 20 20 105 113 13 9 86 110
9 79 27 19 109 11 9 87 9 79 9 79 27 109 13 9 86 9 79 9 79 27 109 13 9 86 9 79 27 105 11 57 21 9 105
21 9 105
9 9 86 9 9 86 21 9 105
13 32 9 86 9 79 9 105
9 79 19 105 9 79 19 105 57 27 9 105 13 9 86 35 108 13 27 9 107 110 13 9 79 108
13 9 86 9 79 9 79 27 19 105 13 108 13 105 27 9 105 11 9 84 110 9 79 27 105 11 57 35 110
19 45 106 11 16 80 58 79 105 41 79 105 41 79 21 109 13 105
19 105 11 57 44 106 11 16 79 21 109 13 105
9 105 110 19 42 35 35 107 108 13 105 13 27 105 13 105 13 9 107 110 11 58 110 110 11 57 35 29 9 9 107 27 9 105 27 110 13 9 105 9 9 105
57 105 11 62 79 86 44 15 79 79 79 108
35 27 107 108 13 105
35 27 107 108 13 105
20 19 108 13 86 79 79 27 109 13 86 79 27 105 11 57 21 105
27 105 11 57 79 105 13 108
44 15 80 57 35 27 35 27 107 79 108
13 105 13 105 13 105 13 108 13 107 79 108
13 105
57 58 15 35 27 107 105 19 105
19 105 13 35 27 107 19 105
35 27 107 27 27 105 27 27 105 27 19 105 27 27 105 105
86 35 27 107 27 105 79 105 13 19 105
