105
19 105
105
106
19 19 19 106 87 93 30 93 57 93 93 58 100 105
79 57 79 105 105
105
105 13 32 18
35 107 27 105 13 79 105 13 105 13 108
35 79 107 105
13 79 108
19 105 105 105 11 20 53 20 53 35 107 27 105 13 105 13 27 105 13 79 105 13 105 13 108
35 107 35 27 27 107 105 108
105 13 22 105
35 107 27 27 105 79 35 27 107
35 27 107 108 13 105 79 105
13 57 108
13 32 107 86 19 86 87 87 87 105
79 108
79 57 79 105 79 105 79 57 79 105
23 30 79 57 79 58 27 108
35 107 27 79 105 27 79 105 18
105 13 32 18
35 105 13 107 108
19 105 105 105 11 107
107
19 35 107 27 105 13 105 13 27 105 13 105 13 108
79 108
13 35 27 107 27 105 13 27 79 105 13 27 108
27 105 13 32 105 13 58 19 18 105 11 44 27 41 27 41 27 41 44
22 93 58 35 107 105 13 35 27 27 108 13 107 105
19 93 57 93 18 105 13 35 27 27 108 13 107 22 105
105
93 58 35 107 105 13 105 13 57 105 11 57 27 105 11 57 27 27 108 13 35 107 27 105 13 93 105 13 105 13 108 13 105 13 93 105 13 105 11 58 27 105 13 93 105 13 105 11 62 35 107 105 13 27 105 13 105 13 105 13 35 107 93 105 13 27 105 13 93 105 13 105 13 35 107 27 105 13 105 13 27 105 13 105 13 27 105 13 105 13 27 105 13 105 13 27 105 13 27 105 13 105 13 35 107 105 13 27 105 13 27 105 13 27 105 13 27 105 13 105 13 100 93 18
35 107 105 13 32 105 13 108
105 35 105 13 107 108
35 107 105 13 27 105 11 57 79 105
106
79 108
13 57 79 108
13 105
79 108
13 105
79 108
13 79 108
13 105
106 19 101 35 29 107 86 79 79 19 105
19 105 13 105 13 105
13 109 11 21 52 35 108 13 107 27 105 13 105 13 105 11 58 35 29 107 22 105 22 105 105
106
13 93 105 57 35 107 105 13 105 13 108 13 18 14 105 93 27 105 27 100 19 41
19 52 79 93 105
19 19 32 105
13 93 19 65 108 13 19 79 105 35 29 107 105
105
93 105
93 105
105
93 105
106
106
22 105
35 29 107 86 79 79 19 105
27 105
13 32 86 79 57 79 79 20 105 35 107 86 105
106
93 57 93 105
11 58 93 105
11 58 93 79 105
79 57 79 105
79 57 79 79 19 105 22 105
19 106
107 19 35 107 105 13 35 35 105 13 107 107 86 15 14 105 41 14 105 41
30 9 79 105 13 27 27 9 105 27 27 9 105 27 20 9 105 105 19 105 13 105 13 27 109 11 57 27 109 13 32 20 114 13 32 108 11 58 19 9 87 31 15 35 107 105 11 134 19 52 27 108 13 105 13 105 13 105 11 57 19 105 13 108 11 41 105 105 11 20 3 56 105 11 209 105 11 3 105 13 27 110 11 57 41 14 105 19 9 87 41 14 105 19 9 87 41 14 105 19 9 87 41 14 31 40 19 20 19 35 107 105 11 19 52 105 13 108
13 32 105 13 57 105 11 57 19 16 19 41
19 87 19 84 105 105 105
87 79 105
35 27 107 105
105
13 21 105 13 86 105
13 21 105 13 86 105
13 21 105 13 86 105
13 21 105 13 86 105
13 21 105 13 86 108 13 86 79 27 19 109 11 84 35 107 86 79 34 36 86 35 35 107
107 105 35 107 86 79 105 79 105 79 105 79 105 35 79 20 20 107
86 35 27 107 105
13 21 105 13 100 105
13 21 105 13 100 105
13 22 105 13 86 105
13 21 105 13 86 105
13 21 105 13 86 105
13 22 105 13 86 105
13 21 105 13 86 105
13 21 105 13 86 105
106 105
19 87 19 84 105
45 79 105
35 27 107 105
19 20 52 87 79 105
35 27 107 105
19 27 105
35 27 107 105
35 27 107 105
15 80 57 19 87 79 105 93 27 105 79 105
35 27 107 105
35 107 21 105 13 93 105 13 27 105 13 86 35 29 107 22 105 22 105 108 13 29 105 105
19 22 105 13 79 105 27 105
13 32 86 79 20 79 105 13 105 15
15 79 105 79 105 87 27 105
35 27 107 105
13 108 13 107 27 105 13 105 13 105 13 79 57 79 57 79 105 13 23 105 79 20 79 105 13 105 15 105
106
98 19 101 35 29 107 105
106
27 105 13 105 13 80 58 27 27 108 18 57 19 108 11 62 27 35 107 27 105 13 105 13 27 105 13 105 13 108 35 79 107
20 105 11 62 35 107 105 13 105
105 105
19 93 27 108 77 19 80 58 79 77 65 19 108
106 11 77 209 84 58 105
79 57 19 77 105 11 77 171 137 77 77 108
13 9 80 3 57 93 35 27 112 9 9 105 13 110 13 110 9 9 105 110 110 11 20 3 3 51 20 3 3 52 110 13 112
13 35 35 27 9 9 107 112
110 13 109
13 27 9 9 109
13 27 9 9 105 11 57 93 93 9 9 52 9 79 9 57 9 79 9 9 105
27 9 9 109
13 20 114
13 32 27 9 109
13 113 11 109
13 9 80 3 57 93 27 20 3 36 9 20 108 13 72 20 72 110 108
13 9 9 86 9 79 9 18 20 3 3 51 110 13 3 9 108
13 9 9 86 9 79 9 41 110 13 9 79 9 57 27 23 9 9 6 105 12 23 50 58 9 79 9 110
13 27 9 9 105 20 9 3 105 110 13 35 35 9 107 112 20 3 36 9 9 9 9 9 107
11 57 93 35 27 107 105 13 105 13 105 35 107 79 57 79 105 13 32 27 79 105 18 105 13 32 41
