93 30 93 58 27 105 13 32 19 27 105 13 100 31 27 27 108 93 105 105 105
19 27 35 107 27 105 13 105 13 105 13 105 13 108 94 58 19 101 105 13 105 13 29 105 13 105 11 58 108
105
13 27 35 107 27 105 13 105 13 105 13 108 108
13 27 35 107 27 105 13 105 13 105 13 27 105 13 105 13 105 13 108 35 27 107 27 105 27 35 107 108
35 107
106
19 19 27 108
79 105 13 105 13 108
11 9 105 110 110 35 105 13 105 13 107
13 105 13 86 79 57 79 108
13 105 11 57 19 19 19 79 105 13 79 108
13 105 13 57 19 79 93 108
13 57 79 105
13 105 27 19 36 19 77 108 13 72 108
105 35 105 13 107 108
13 105 11 65 58 79 93 19 36 19 105 13 72 105
13 105 13 57 9 79 93 108
13 9 105 13 57 79 93 108
13 105 13 109 13 109 11 57 109 13 32 105 13 79 108
11 58 107
11 57 79 108
57 79 19 36 105 13 72 105
105 13 105 13 107
79 105 13 79 30 109 13 109 11 57 109 13 32 105 13 105 11 20 51 20 52 79 105 13 109 41 14 31 40 31 15
19 19 105 13 105 13 79 105 105 35 105 13 107 19 105 105
108 13 57 105 15
13 27 105 105
108 13 58 19 18 19 36 19 105 13 72 19 105 13 72 41
19 108 13 57 105 13 109 11 16
19 57 105 13 105 13 18
108 13 57 105 11 57 86 27 19 36 19 105 13 72 19 105 13 72 108
13 27 105 105
93 19 36 19 105 13 105 13 72 105
35 29 107 105
108
79 79 77 80 77 108
79 79 108
79 108
93 79 52 79 79 108
79 108
79 79 108
35 79 29 107 27 78 105 19 105
35 107
35 107
11 105 105
8 32 57 105 13 109 13 108 11 79 52 79 77 107
13 105
57 105 108
11 57 105 105 58 19 57 108
79 105 13 32 79 79 79 108
79 105
35 107
79 105
80 57 79 105
13 79 108
13 108
27 105 105
16 19 41 35 107 79 57 27 79 105 79 57 27 79 105 19 105
79 52 79 105 11 107
106 105
79 79 108
79 108
19 79 108
19 19 19 79 63 52 32 105 13 105 79 70 77 52 79 21 36 79 21 36 108
19 93 79 79 51 19 108
19 19 79 21 105 13 32 105 11 62 2 108
19 105
19 86 86 35 79 105 13 79 105 13 79 105 13 107 105 13 105 13 105 11 79 35 107
105
105 13 79 79 105 13 108
79 19 108
11 57 105 58 19 58 105 19 18 19 34 105 11 59 19 105 109
209 41 35 29 107 27 105 105
19 27 105 11 57 79 108
11 58 2 35 107 35 107
35 107
105 13 32 79 108
105 13 32 79 108
79 108
35 29 107 27 105 27 105 27 19 105 105
19 79 58 15 79 52 79 77 19 54 79 105
107
11 58 79 105
11 58 21 21 21 93 105
41 80 57 107
35 107 27 78 105 19 105
107
41 79 52 79 105
107
41 79 52 107
41 79 52 21 21 93 105
41 79 52 107
41 79 52 93 105
41 79 52 107
108
32 105
35 29 107 27 105 57 27 19 105 105
13 124 108
35 107
106
79 79 19 108
79 79 19 108
79 19 65 32 105 12 79 108
79 108
19 80 57 79 108
79 80 108
32 105 13 105 11 79 108
13 105 105
13 108
27 65 105 27 65 105 19 105
93 91 65 19 36 19 72 19 72 108 13 108 13 35 27 107 22 105 105
79 52 19 107
19 79 109
113
13 20 3 36 9 20 72 20 72 113 13 57 21 20 3 36 9 20 72 9 3 9 108
13 21 6 124 3 9 3 3 108
11 58 113
13 57 35 112 110 12 8 34 19 54 65 78 6 50 60 20 113
78 6 9 6 108
12 6 85 23 78 6 50 58 19 78 6 23 9 6 6 108
13 58 21 9 3 108
13 9 6 108
13 78 6 149 9 6 108
13 21 9 3 108
11 58 27 105 13 32 35 29 107 108
19 93 30 93 105 11 58 27 105 13 32 105 13 57 105 11 57 105 11 57 101 35 107
100 35 107 27 105 105 13 93 105
109
57 105 13 57 105 13 27 105 11 57 27 108
106 35 107
79 105
79 108
79 108
19 19 19 79 105 11 57 109 11 108
108
19 27 105 13 32 35 29 107 108
107
20 57 108
13 27 20 9 9 3 105 11 65 57 27 20 3 36 9 20 105
13 72 113
93 105
11 63 44 108
20 113 13 58 20 113 13 9 9 108
112
110 11 16 14 19 41 20 3 36 9 20 27 9 9 105 13 72 20 65 9 9 108
13 9 34 3 62 112
13 105
13 105
13 105
35 107
106
105 13 27 105 11 57 105 13 57 27 105 13 32 8 32 34 36 19 34 54 65 32 32 108 13 57 105 13 105 13 108
19 105
13 27 105 27 105 105
19 19 93 58 19 19 19 27 105 13 32 57 105 13 105 11 52 2 19 21 108
13 27 105 27 105 105
19 35 107 108
19 57 27 19 9 105 11 19 52 19 19 51 113
13 21 124 108
13 9 34 19 54 65 19 9 110 27 19 36 20 34 3 113 13 72 108
13 105
35 107
57 105 13 57 105 13 27 105 11 57 108
19 27 105 13 32 35 29 107 108
13 22 105
13 108
35 29 107 105
11 57 77 216 84 105 27 105 13 32 105 15 108
106 13 108
19 19 106 27 36 21 105
106 13 58 79 105
20 3 36 30 9 80 3 57 31 9 80 3 57 9 77 3 113
35 107
33 57 32 86 79 79 105
35 107
35 29 107 27 105 105
