1 4 5
1 6 12
1 12 13
1 13 14
1 14 15
1 15 16
1 16 17
1 17 18
1 18 19
1 19 7
1 7 8
1 8 9
1 9 10
1 10 11
1 29 30
1 30 31
1 31 32
1 32 33
1 39 40
1 40 41
1 41 42
1 42 43
1 43 44
1 44 45
1 47 48
1 48 49
1 49 50
1 50 51
1 53 54
1 54 55
1 57 58
1 64 65
1 66 67
1 67 68
1 68 69
1 69 70
1 70 71
1 73 84
1 84 86
1 86 87
1 87 88
1 88 89
1 89 90
1 90 91
1 91 92
1 92 74
1 74 75
1 75 76
1 76 77
1 77 78
1 78 79
1 79 80
1 80 81
1 81 82
1 82 83
1 83 85
1 100 101
1 101 102
1 102 103
1 103 104
1 104 105
1 105 106
1 111 112
1 122 128
1 128 129
1 129 130
1 130 131
1 131 132
1 132 133
1 133 134
1 134 135
1 135 123
1 123 124
1 124 125
1 125 126
1 126 127
1 138 139
1 139 140
1 140 141
1 141 142
1 145 146
1 146 147
1 147 148
1 155 156
1 156 157
1 157 158
1 161 162
1 162 163
1 163 164
2 53 55
2 53 55
2 53 55
2 94 6
2 94 13
2 94 27
2 94 11
2 94 25
2 94 20
2 94 22
2 119 13
2 119 22
2 119 11
2 119 21
2 119 25
2 119 6
2 119 27
2 119 20
2 47 51
2 93 95
2 56 56
2 56 56
2 57 58
2 60 59
2 62 62
2 61 61
2 72 23
2 72 25
2 72 21
2 72 6
2 72 27
2 72 20
2 72 13
2 72 11
2 72 22
2 63 13
2 63 25
2 63 6
2 63 11
2 63 27
2 63 20
2 64 65
2 97 96
2 73 85
2 4 5
2 110 6
2 110 27
2 110 25
2 110 11
2 110 13
2 110 20
2 110 21
2 110 22
2 143 11
2 143 27
2 143 13
2 143 25
2 143 21
2 143 20
2 143 6
2 143 22
2 165 23
2 165 27
2 165 11
2 165 6
2 165 20
2 165 13
2 165 22
2 165 21
2 165 25
2 137 22
2 137 20
2 137 11
2 137 27
2 137 21
2 137 6
2 137 13
2 137 25
2 150 25
2 150 6
2 150 21
2 150 11
2 150 95
2 150 27
2 150 13
2 150 23
2 150 22
2 150 20
2 122 11
2 122 13
2 122 21
2 122 6
2 122 25
2 122 20
2 122 27
2 122 22
2 152 11
2 152 20
2 152 13
2 152 27
2 152 23
2 152 25
2 152 22
2 152 6
2 152 21
2 98 1
2 121 27
2 107 21
2 107 22
2 107 13
2 107 23
2 107 27
2 107 6
2 107 25
2 107 11
2 107 20
2 34 20
2 34 13
2 34 23
2 34 6
2 34 11
2 34 27
2 34 25
2 34 22
2 34 21
2 116 6
2 116 22
2 116 21
2 116 27
2 116 13
2 116 11
2 116 20
2 116 25
2 38 95
2 37 95
2 108 27
2 108 13
2 108 21
2 108 22
2 108 20
2 108 25
2 108 6
2 108 11
2 114 13
2 114 6
2 114 25
2 114 21
2 114 11
2 114 22
2 114 20
2 114 27
2 136 6
2 136 21
2 136 27
2 136 13
2 136 25
2 136 20
2 136 11
2 136 22
2 144 25
2 144 11
2 144 13
2 144 27
2 144 21
2 144 20
2 144 22
2 144 6
2 118 6
2 118 11
2 118 20
2 118 27
2 118 13
2 118 25
2 118 21
2 118 22
2 153 27
2 153 6
2 153 11
2 153 13
2 153 20
2 154 1
2 3 2
2 159 11
2 159 22
2 159 27
2 159 25
2 159 6
2 159 21
2 159 23
2 159 20
2 159 95
2 159 13
2 149 6
2 149 25
2 149 23
2 149 27
2 149 22
2 149 20
2 149 13
2 149 11
2 149 21
2 160 11
2 160 27
2 160 6
2 160 13
2 160 21
2 160 20
2 160 23
2 160 25
2 160 22
2 151 6
2 151 21
2 151 20
2 151 27
2 151 11
2 151 22
2 151 25
2 151 13
2 151 23
3 94 36
3 47 26
3 46 26
3 39 45
3 117 115
3 52 26
3 66 71
3 63 24
3 120 26
3 120 115
3 73 92
3 28 26
3 155 158
3 161 164
3 111 112
3 150 36
3 122 127
3 38 36
3 138 142
3 113 24
3 145 148
3 100 106
3 29 33
3 153 24
3 159 36
4 35 99
4 26 109
5 115 116
5 35 37
