86 79 35 107 27 105 79 80 57 27 105 79 79 105
13 32 105 13 8 57 105 11 57 2 77 62 2 58 2 79 105
19 19 77 44 93 35 107
19 58 15 105 13 27 105 11 57 27 105 11 57 79 27 105 11 79 79 20 57 19 105 13 105 41 2 41 27 105 11 57 27 108
13 32 79 105 13 79 79 20 105 13 105 41
35 9 107 105 13 32 9 86 94 57 110 13 93 105 11 58 108
13 105 13 32 9 86 9 79 32 105 9 79 21 105 9 79 20 105 9 79 19 105 57 9 79 27 9 105 57 9 79 27 9 105 57 9 79 9 105 9 79 27 27 105 57 9 79 105 13 27 9 105 13 105 9 79 105 11 2 42 57 9 79 105 13 8 9 79 105 11 19 19 58 57 35 27 107 123 26 199 26 199 105 13 27 105 58 57 35 35 9 107 107 20 36 105 11 62 136 19 105 62 22 122 122 194 193 127 51 19 9 109
110
11 57 112
35 93 107
42 9 79 105 13 8 41 35 107 41 105 105 57 35 9 107
13 108
13 9 79 32 105 9 79 21 105 9 79 20 105 9 79 19 105 57 9 79 27 9 105 57 9 79 27 9 105 57 9 79 9 105 9 79 27 27 105 57 9 79 105 13 27 9 105 13 105 9 79 105 11 2 19 20 51 20 51 93 20 52 93 9 80 57 108
13 19 105
20 52 93 20 52 93 35 27 107 9 79 105 11 105 13 27 105 13 9 79 105 13 105 20 20 8 110
11 57 112
35 93 107
18 14 19 101 108
13 108
19 86 15 79 105 41
19 86 15 79 105 41
19 86 15 79 105 41
13 79 105 13 93 105 57 108 13 108 13 105 11 57 35 19 35 107
13 108 13 105
19 79 58 2 16 79 27 105 13 32 105 13 57 105 11 57 19 41 2 41
35 29 107 20 105
209 41 65 105 41 105 15
79 108
79 105
13 109 108
13 35 107 27 105
13 105 27 105
11 121 105 19 105
19 19 19 109 11 21 52 35 107 27 108 13 105 27 105
58 15 105 13 57 27 105 11 57 27 105 13 35 29 107 27 105 20 105
13 20 105
19 19 19 87 106
79 105
106
21 105
105
13 27 105 13 32 86 79 58 35 107
86 105
13 105 13 22 79 27 105 13 105 105
13 107
106
19 106
27 105
13 27 105 13 105 11 57 35 107 108
13 105 13 105 13 27 105 13 105
13 27 105 13 105 13 105 13 79 105 79 105 15 27 105
106
19 21 105 13 105
13 105 13 86 21 105 13 32 86 87 19 86 79 58 19 87 87 35 107 108
13 105 13 105 13 27 105 13 79 105 13 105 13 79 57 79 105 79 105 108 35 107 86 79 105 79 105 79 105 79 105 18 14 105 41
106 79 105 79 105 19 86 15
106 79 57 79 105 79 105 13 32 79 105 105
13 105 11 58 79 105 15
105 105 41
106 105
79 58 15 79 105 79 35 107
79 58 15 79 105 79 35 107
107
32 106 79 57 108
13 21 19 108 13 105 15 79 79 79 32 105 79 79 105 41
35 27 107 105 105 13 32 79 58 15 33 57 8 32 105
13 19 105 11 45 44 33 57 8 32 105
41 27 105 11 57 19 41 27 105 11 57 19 41 27 105 11 57 19 41 27 105 11 57 19 41 105
13 105
13 32 108
13 105
19 19 19 35 27 107 105 105 13 32 79 35 107 27 108 13 105 105
19 109 11 45 16 79 105
41 105
13 32 105
41 105
13 32 105
41 79 105
13 57 105
13 32 79 105
13 79 79 105
57 35 27 107 35 107 79 105 13 27 105 13 105 13 35 27 107 105
13 105 13 105 13 27 105 13 105 13 105 13 108 13 105 27 105 105
13 57 79 105
13 22 105
13 57 105
13 32 79 105
13 105
13 79 105
13 77 121 79 79 105
108
13 20 105
106 79 105 19 86 105
106 80 57 19 87 79 79 105 105
79 105 11 57 79 105 79 57 79 105 19 86 79 57 79 105 13 57 79 105 13 32 19 105
79 57 79 105 19 86 79 105 11 79 105 11 53 79 19 105 79 105 79 57 79 105 13 57 79 105 13 32 19 105
19 105 79 57 79 105 13 57 79 105 13 32 79 105 11 105
79 57 79 105 11 58 19 18 79 105 13 32 79 79 79 105 13 32 8 8 110
19 106 21 105
105
13 109 13 32 108
13 58 19 105
105
15 35 107 27 105
11 121 105 27 105
13 105 19 105
19 19 109 11 44 2 16 35 107 79 79 105
20 52 44 15 79 93 105 13 93 105 13 105
106 22 105
79 105
79 105
13 32 35 29 107 20 105
19 79 79 108
19 19 51 19 51 105 11 58 105 11 20 52 108
35 29 107 105 20 105
23 19 106
35 107 93 105 13 27 105 106
79 105
19 19 106 108
19 19 19 109 11 45 106 11 16 105
19 19 108
19 19 80 57 105 13 58 15 105 13 32 105 11 105
13 35 35 107
35 107
107
36 105
35 107 27 105 19 105
11 19 52 105
13 80 57 79 108 13 109 11 57 79 108 13 109 105 79 109 11 58 107
41 79 108 13 109 19 105 41 105 13 57 79 105 13 57 105 13 32 105 11 105
11 44 41 79 105 13 32 107
13 35 27 107 79 105 77 121 105
42 79 105 13 32 105
13 35 27 107 79 105 80 57 86 105
13 32 77 121 108
19 19 51 19 51 105 11 58 105 11 20 52 108
79 108
35 107 27 79 108
12 105 79 108
12 23 50 57 27 79 108
12 105 79 105
13 19 105
79 108
19 19 51 19 51 105 11 58 105 11 20 52 108
35 107 93 79 108
13 105 13 105 13 105 93 79 108
13 105 13 105 13 105 79 105
13 19 105
19 19 58 15 79 79 79 32 127 105
19 19 19 79 79 105 13 58 108
19 19 108
23 108 35 108
32 108
32 106 108
79 79 105 13 58 15 79 79 79 32 79 79 105 13 32 105
13 105
13 19 105 11 45 44 41 108
13 105
19 19 79 105
19 19 19 108
79 105
11 57 15 79 79 79 79 79 105
13 108
13 105
19 19 19 35 27 107 79 79 79 105
