1 11 12
1 19 20
1 20 21
1 21 22
1 22 23
1 23 24
1 34 35
1 35 36
1 36 37
1 37 38
1 38 39
1 39 40
1 40 41
1 41 42
1 43 44
1 44 45
1 45 46
1 71 72
1 72 73
1 73 74
1 74 75
1 75 76
1 76 77
1 77 78
1 78 67
1 67 68
1 68 69
1 69 70
1 89 90
1 90 91
1 91 92
1 101 102
1 102 103
1 110 111
1 111 112
1 112 107
1 107 108
1 108 109
1 121 122
1 122 123
1 131 132
1 132 133
1 134 135
1 140 141
1 141 142
1 142 143
1 143 144
1 144 145
1 145 146
1 146 147
1 147 148
1 148 149
1 149 150
1 150 151
1 151 152
1 152 153
1 153 154
1 154 155
1 155 156
1 156 157
1 157 158
1 158 159
1 159 160
1 160 161
1 161 162
1 162 163
1 163 164
1 164 165
1 165 166
1 166 167
1 167 168
1 168 169
1 169 170
1 170 171
1 171 172
1 172 173
1 173 174
1 174 175
1 175 176
1 176 177
1 177 178
1 178 179
1 179 180
1 180 181
1 181 182
1 182 183
1 183 184
1 184 185
1 185 186
1 186 187
1 187 188
1 188 189
1 189 190
1 190 191
1 191 192
1 192 193
1 193 194
1 194 195
1 195 196
1 196 197
1 197 198
1 198 199
1 199 200
1 200 201
1 201 202
1 202 203
1 232 233
1 233 234
1 234 235
2 230 120
2 230 1
2 230 130
2 231 130
2 231 120
2 231 1
2 57 1
2 2 1
2 229 120
2 229 130
2 229 1
2 4 223
2 8 10
2 87 1
2 87 120
2 87 130
2 97 1
2 97 120
2 97 130
2 9 59
2 9 116
2 9 204
2 9 209
2 9 210
2 9 208
2 9 114
2 9 130
2 9 212
2 9 206
2 9 1
2 9 114
2 9 120
2 9 205
2 9 207
2 9 211
2 54 211
2 54 210
2 54 116
2 54 108
2 54 109
2 54 205
2 54 59
2 54 206
2 54 209
2 54 110
2 54 207
2 54 114
2 54 212
2 54 120
2 54 114
2 54 208
2 54 130
2 54 204
2 54 1
2 100 33
2 100 120
2 100 130
2 100 1
2 88 206
2 88 1
2 88 211
2 88 120
2 88 212
2 88 208
2 88 114
2 88 207
2 88 114
2 88 205
2 88 204
2 88 116
2 88 59
2 88 130
2 88 209
2 88 210
2 64 114
2 64 206
2 64 116
2 64 114
2 64 120
2 64 1
2 64 211
2 64 210
2 64 205
2 64 207
2 64 130
2 64 209
2 64 212
2 64 59
2 64 204
2 64 208
2 104 223
2 50 116
2 50 114
2 50 1
2 50 114
2 50 206
2 50 212
2 50 204
2 50 120
2 50 210
2 50 59
2 50 208
2 50 207
2 50 205
2 50 211
2 50 130
2 50 209
2 65 130
2 65 1
2 65 120
2 129 209
2 129 223
2 129 204
2 129 208
2 129 63
2 129 206
2 129 114
2 129 120
2 129 59
2 129 81
2 129 211
2 129 212
2 129 205
2 129 116
2 129 210
2 129 130
2 129 207
2 129 1
2 129 114
2 126 208
2 126 212
2 126 114
2 126 130
2 126 59
2 126 116
2 126 204
2 126 211
2 126 1
2 126 206
2 126 210
2 126 120
2 126 114
2 126 207
2 126 205
2 126 209
2 125 212
2 125 59
2 125 211
2 125 130
2 125 205
2 125 114
2 125 1
2 125 206
2 125 208
2 125 116
2 125 81
2 125 210
2 125 63
2 125 207
2 125 114
2 125 204
2 125 120
2 125 223
2 125 209
2 127 120
2 127 130
2 127 1
2 128 130
2 128 1
2 128 120
2 137 205
2 137 206
2 137 207
2 137 210
2 137 212
2 137 120
2 137 208
2 137 209
2 137 211
2 137 130
2 137 1
2 137 204
2 25 130
2 25 24
2 25 1
2 25 19
2 25 120
2 98 99
2 118 130
2 118 120
2 118 1
2 220 210
2 220 116
2 220 223
2 220 211
2 220 120
2 220 206
2 220 209
2 220 130
2 220 59
2 220 204
2 220 207
2 220 114
2 220 205
2 220 114
2 220 1
2 220 212
2 220 208
2 220 215
2 94 130
2 94 120
2 94 1
2 61 1
2 61 120
2 61 130
2 84 130
2 84 1
2 84 120
2 5 120
2 5 130
2 5 1
2 52 223
2 52 204
2 52 205
2 52 130
2 52 1
2 52 116
2 52 59
2 52 114
2 52 211
2 52 207
2 52 208
2 52 206
2 52 210
2 52 114
2 52 120
2 52 212
2 52 209
2 79 67
2 79 130
2 79 70
2 79 120
2 79 71
2 79 1
2 62 120
2 62 130
2 62 1
2 105 114
2 105 206
2 105 211
2 105 59
2 105 209
2 105 210
2 105 212
2 105 114
2 105 1
2 105 130
2 105 116
2 105 120
2 105 205
2 105 207
2 105 204
2 105 208
2 85 120
2 85 130
2 85 1
2 113 208
2 113 130
2 113 110
2 113 120
2 113 114
2 113 59
2 113 114
2 113 210
2 113 1
2 113 211
2 113 116
2 113 212
2 113 207
2 113 109
2 113 209
2 113 108
2 113 204
2 113 206
2 113 205
2 58 223
2 56 1
2 56 120
2 56 130
2 53 120
2 53 211
2 53 1
2 53 209
2 53 114
2 53 223
2 53 130
2 53 210
2 53 59
2 53 204
2 53 116
2 53 205
2 53 114
2 53 212
2 53 206
2 53 208
2 53 207
2 55 114
2 55 140
2 55 120
2 55 203
2 55 119
2 55 1
2 55 114
2 55 130
2 55 223
2 55 116
2 82 120
2 82 130
2 82 1
2 51 120
2 51 130
2 51 1
2 13 206
2 13 212
2 13 1
2 13 205
2 13 204
2 13 209
2 13 207
2 13 210
2 13 208
2 13 120
2 13 130
2 13 211
2 86 1
2 86 120
2 86 130
2 117 116
2 117 80
2 117 120
2 117 207
2 117 209
2 117 210
2 117 108
2 117 114
2 117 206
2 117 223
2 117 124
2 117 59
2 117 110
2 117 204
2 117 208
2 117 114
2 117 205
2 117 130
2 117 212
2 117 109
2 117 1
2 117 211
2 83 211
2 83 210
2 83 205
2 83 130
2 83 116
2 83 120
2 83 212
2 83 207
2 83 1
2 83 114
2 83 208
2 83 114
2 83 206
2 83 209
2 83 204
2 83 59
2 224 1
2 224 120
2 224 130
2 225 1
2 225 120
2 225 130
2 227 120
2 227 130
2 227 1
2 49 130
2 49 1
2 49 120
2 218 1
2 218 130
2 218 120
2 226 1
2 226 120
2 226 130
2 17 120
2 17 130
2 17 1
2 213 1
2 213 130
2 213 120
2 228 130
2 228 1
2 228 120
2 66 120
2 66 130
2 66 1
2 138 59
2 138 206
2 138 208
2 138 205
2 138 130
2 138 207
2 138 114
2 138 204
2 138 120
2 138 209
2 138 211
2 138 1
2 138 114
2 138 212
2 138 116
2 138 210
2 106 1
2 106 130
2 106 120
2 216 120
2 216 1
2 216 130
2 216 223
2 60 204
2 60 207
2 60 208
2 60 114
2 60 59
2 60 114
2 60 212
2 60 211
2 60 130
2 60 210
2 60 209
2 60 205
2 60 1
2 60 206
2 60 120
2 60 116
2 217 223
2 217 120
2 217 130
2 217 1
2 43 223
2 43 29
2 43 28
2 34 28
2 34 30
2 48 28
2 48 27
2 219 130
2 219 120
2 219 1
2 214 130
2 214 120
2 214 1
2 6 1
2 6 130
2 6 120
2 14 130
2 14 120
2 14 1
2 136 136
2 93 1
2 93 130
2 93 120
2 96 130
2 96 1
2 96 120
2 95 130
2 95 1
2 95 120
2 7 1
2 7 130
2 7 120
2 15 1
2 15 120
2 15 130
3 4 222
3 134 135
3 101 103
3 129 16
3 129 18
3 129 26
3 232 235
3 11 12
3 113 115
3 58 222
3 58 3
3 56 18
3 56 26
3 55 115
3 55 47
3 131 133
3 139 16
3 139 18
3 139 26
3 221 222
3 43 46
3 32 31
3 34 42
3 121 123
3 89 92
4 236 230
4 235 229
