1 4 5
1 5 6
1 6 7
1 7 8
1 8 9
1 9 10
1 10 11
1 11 12
1 14 25
1 25 29
1 29 30
1 30 31
1 31 32
1 32 33
1 33 34
1 34 35
1 35 15
1 15 16
1 16 17
1 17 18
1 18 19
1 19 20
1 20 21
1 21 22
1 22 23
1 23 24
1 24 26
1 26 27
1 27 28
1 41 52
1 52 56
1 56 57
1 57 58
1 58 59
1 59 60
1 60 61
1 61 62
1 62 42
1 42 43
1 43 44
1 44 45
1 45 46
1 46 47
1 47 48
1 48 49
1 49 50
1 50 51
1 51 53
1 53 54
1 54 55
1 64 65
1 65 66
1 67 68
1 68 69
1 69 70
1 75 78
1 78 79
1 79 80
1 80 81
1 81 82
1 82 83
1 83 84
1 84 85
1 85 76
1 76 77
1 87 98
1 98 102
1 102 103
1 103 104
1 104 105
1 105 106
1 106 107
1 107 108
1 108 88
1 88 89
1 89 90
1 90 91
1 91 92
1 92 93
1 93 94
1 94 95
1 95 96
1 96 97
1 97 99
1 99 100
1 100 101
1 117 118
1 118 119
1 123 124
1 124 125
2 1 86
2 41 40
2 41 128
2 41 130
2 41 120
2 41 129
2 41 86
2 41 128
2 3 86
2 3 2
2 39 38
2 39 86
2 111 126
2 75 72
2 75 129
2 75 130
2 75 128
2 75 73
2 75 128
2 117 116
2 37 36
2 37 86
2 115 113
2 14 129
2 14 120
2 14 130
2 14 86
2 14 13
2 14 128
2 14 128
2 123 125
2 122 127
2 112 113
2 112 128
2 112 129
2 112 130
2 112 128
2 87 128
2 87 109
2 87 130
2 87 129
2 87 128
2 64 130
2 64 128
2 64 128
2 64 129
2 71 130
2 71 128
2 71 73
2 71 128
2 71 129
3 41 120
3 41 121
3 41 55
3 75 77
3 117 119
3 14 120
3 14 121
3 14 28
3 112 114
3 87 110
3 87 101
3 64 66
3 67 70
3 4 63
3 4 12
3 71 74
