106 22 105
27 105 13 32 100 93 105 13 57 105 11 57 105 11 57 19 101 94 16 19 41 14 93 35 27 107 105 13 105 13 105 13 105 27 105 13 108 94 41
106 21 105
79 108
13 79 105
11 57 79 108
13 79 105
79 108
13 105
15 79 108
13 35 79 108
13 29 107 105
27 105 13 32 100 93 105 13 57 105 11 57 105 11 57 19 101 94 16 19 41 14 93 35 27 107 105 13 105 13 105 13 105 27 105 13 108 94 41
19 19 19 19 106 21 105
86 21 105
13 32 86 21 105
13 32 86 21 105
13 32 86 21 105
13 32 86 21 105
13 32 86 21 105
13 32 86 35 107
86 108
108
108
21 105
13 27 105 11 57 36 27 72 108
105
13 105 35 107 29 105 13 27 105 13 27 105 13 105
13 32 86 21 105
13 32 86 21 105
13 32 86 21 105
13 32 86 21 105
13 32 86 86 79 105 35 105
13 107
86 35 107
27 105 13 32 100 93 105 13 57 105 11 57 105 11 57 19 101 94 16 19 41 14 93 35 27 107 105 13 105 13 105 13 105 27 105 13 108 94 41
106 108 13 21 19 105 13 105
27 105 13 32 100 93 105 13 57 105 11 57 105 11 57 19 101 94 16 19 41 14 93 35 27 107 105 13 105 13 105 13 105 27 105 13 108 94 41
106 108 13 21 19 105 13 105
27 105 13 32 100 93 105 13 57 105 11 57 105 11 57 19 101 94 16 19 41 14 93 35 27 107 105 13 105 13 105 13 105 27 105 13 108 94 41
19 19 19 19 106 21 105
86 21 105
13 32 86 21 105
13 32 86 21 105
13 32 86 21 105
13 32 86 21 105
13 32 86 21 105
13 32 86 35 107
86 108
108
108
21 105
13 27 105 11 57 36 27 72 108
105
13 105 35 107 29 105 13 27 105 13 27 105 13 105
13 32 86 21 105
13 32 86 21 105
13 32 86 21 105
13 32 86 21 105
13 32 86 86 79 105 35 105
13 107
86 35 107
79 109 79 109 35 79 29 107 22 105 22 105 79 105
79 79 79 108
13 105
13 27 105 11 57 79 35 79 29 107 105
79 108
13 105
13 79 108
13 35 27 35 27 107 105 13 105 13 108 13 107 105
79 108
105
27 105 13 32 100 93 105 13 57 105 11 57 105 11 57 19 101 94 16 19 41 14 93 35 27 107 105 13 105 13 105 13 105 27 105 13 108 94 41
13 27 105 11 57 35 29 107 105
19 19 106 21 105
36 105
41 35 29 107 105
35 107
86 35 105
13 107
86 35 107 105 13 105 13 108 108
11 57 79 93 105
13 27 105 11 57 35 107
36 105
15 35 107
105
79 79 79 105 13 109 13 86 79 79 79 105 13 109 13 86 79 79 79 105 13 109 13 86 79 79 79 105 13 109 13 86 79 79 79 105 13 109 13 86 79 79 79 105 13 109 13 86 79 79 79 105 13 109 13 86 79 79 79 79 105
27 35 107 79 79 105 13 105 13 105
27 35 107 79 79 105 13 105 13 105
27 35 107 79 79 93 105
13 105 13 105 13 105
35 20 107
105
19 87 35 79 108
13 107
27 105
105
13 86 79 79 27 105 11 57 79 79 27 105 15 79 79 27 105 11 57 79 79 27 105 41 79 79 27 105 11 58 79 79 79 108
13 32 79 105
13 86 27 79 79 108 79 105
42 14 79 35 79 29 107 105
11 58 79 79 27 105 41 79 79 27 105 11 57 79 79 27 105 41 79 79 27 105 11 58 79 79 105 11 20 54 79 79 27 105 41 79 79 27 105 11 58 79 79 105 11 20 54 79 79 27 105 42 79 79 27 105 11 57 79 79 27 105 42 79 79 108
11 57 35 27 27 107
27 35 107 79 79 105 13 105 13 105
27 35 107 79 79 105 13 105 13 105
27 35 107 79 79 105 13 105 13 105
27 35 107 79 79 105 13 105 13 105
27 35 107 79 79 105 13 105 13 105
27 105 13 32 100 93 105 13 57 105 11 57 105 11 57 19 101 94 16 19 41 14 93 35 27 107 105 13 105 13 105 13 105 27 105 13 108 94 41
79 27 105 11 57 35 29 107 105
106 21 105
79 79 79 105 13 109 13 86 79 79 79 105 13 109 13 86 79 79 79 79 105
27 105 13 32 100 93 105 13 57 105 11 57 105 11 57 19 101 94 16 19 41 14 93 35 27 107 105 13 105 13 105 13 105 27 105 13 108 94 41
35 29 107 105
106 21 105
93 30 93 58 27 105 13 32 19 27 105 13 100 31 27 27 108 93 105 105 105
19 27 35 107 27 105 13 105 13 105 13 105 13 108 94 58 19 101 105 13 105 13 29 105 13 105 11 58 108
105
13 27 35 107 27 105 13 105 13 105 13 108 108
105 13 105 13 35 107 105 20 105
13 27 35 107 27 105 13 105 13 105 13 27 105 13 105 13 105 13 108 35 27 107 27 105 27 35 107 108
19 19 77 44 93 35 107
58 15 105 13 27 105 11 57 27 105 11 57 79 27 19 105 11 105
41 27 105 11 57 27 108
13 32 79 105 13 105
35 107 27 105 79 80 57 27 105 79 79 105
13 32 105 13 57 105 11 57 2 80 105
19 107 58 35 107 105 13 32 86 79 19 105 79 105 79 105 79 105 79 105 15 35 107 105 13 32 41
79 105 13 18
79 105 13 18
