35 93 107 105 11 57 27 27 108 105 15
11 58 79 8 41 35 79 107 105 11 57 105 11 57 105 108
19 27 35 107 27 105 13 105 13 105 13 108 35 35 107 105 13 27 105 13 105 13 107 105 11 57 105 35 107
13 107 105 11 57 105 35 107 105 11 57 35 35 107 107 105 13 105 57 108 13 105 11 16 14 35 107 27 105 13 105 13 105 13 107
105 79 105 79 105 13 105 79 105 79 105 11 105 35 35 107 107 105 105 41 14 35 107 27 105 13 105 13 105 13 107
19 79 58 16 57 79 52 79 105 79 79 105
27 35 107 27 105 13 79 105 13 105 13 108 79 105 79 105 79 79 105 13 105 79 105 79 35 107
105 79 23 105
79 105 86 15 14 105 41 14 105 41 14 105 41 14 105 41
19 19 87 106
35 108
13 107 105 11 57 105 11 57 105 108 13 27 105 35 107 27 105 13 108
19 79 19 108
35 79 29 107 108
13 108
13 105
13 27 105
13 105
13 105
13 105
13 27 105 79 105
19 79 79 27 105
13 32 19 108 12 23 180 79 79 108
13 35 79 79 108
13 79 79 108
13 105 13 107 108
79 79 79 108
20 20 19 21 19 86 107 84 84 20 84 84 84 87 19 86 19 86 86 35 107 86 35 107 86 35 107 86 35 107 86 35 107 86 84 79 27 105 11 57 19 87 35 79 107 86 35 35 107 79 105 13 27 105 13 105 13 107 105 11 57 105 35 79 107 105 13 27 105 11 57 27 105 11 27 105 11 57 27 105 11 27 105 11 57 27 105 11 27 105 11 57 35 35 107 27 105 13 19 20 108
79 108
79 19 108
79 79 79 108
79 108
11 22 175 27 105 13 86 79 105 41 14 27 108
30 35 105 13 105 13 108 13 107 27 105 13 27 105 13 108 13 105 13 105 13 27 105 13 105 13 108
