1 1 2
1 2 3
1 3 4
1 4 5
1 5 6
1 6 7
1 21 22
1 22 23
1 23 24
1 24 25
1 25 26
1 26 27
1 27 28
1 29 30
1 30 31
1 31 32
1 32 33
1 33 34
1 34 35
1 35 36
1 36 37
1 50 51
1 67 68
2 48 19
2 21 28
2 15 67
2 15 67
2 15 54
2 15 67
2 15 56
2 15 70
2 15 63
2 15 71
2 15 58
2 15 55
2 15 60
2 15 59
2 15 54
2 15 56
2 15 68
2 15 54
2 20 19
2 13 19
2 14 19
2 8 10
2 29 46
2 29 37
2 29 37
2 29 39
2 72 57
2 72 66
2 72 58
2 72 61
2 72 53
2 72 49
2 72 62
2 72 70
2 72 54
2 72 68
2 72 54
2 72 59
2 72 52
2 72 69
2 72 64
2 72 54
2 72 67
2 72 65
2 72 65
2 72 56
2 72 71
2 72 66
2 72 51
2 72 67
2 72 60
2 72 56
2 72 50
2 72 55
2 72 64
2 72 63
2 72 53
2 72 67
2 41 42
3 21 22
3 20 19
3 13 18
3 13 19
3 1 7
3 14 19
3 14 17
3 14 16
3 8 10
3 8 9
3 41 43
3 41 38
3 41 44
3 41 45
3 41 40
3 47 38
3 12 11
