19 19 19 79 52 79 57 79 105
11 58 79 105
108
13 27 36 27 72 27 72 105
15 79 52 35 27 35 107 27 105 13 105
13 105 13 105 13 108 13 107 35 107 27 105
13 105 27 105 22 105 105
79 79 105 13 108
27 105 13 32 35 27 107 105 13 105 19 108 12 92 180 92 20 22 108
19 105 13 58 16 35 27 107 19 19 105
35 27 107 27 105 105
19 108
19 19 77 44 15 79 108
19 19 105
94 57 106 11 16 20 52 108 12 78 149 23 50 60 77 209 84 85 77 20 56 79 105
57 58 19 16 19 108 13 35 27 107 27 105 22 105 105
13 79 19 105
35 27 107 22 105 79 58 27 105 27 19 105 105
13 19 105
105 13 105 13 27 105 11 57 79 79 57 79 79 79 105
19 58 15 27 105 13 57 27 105 11 57 27 105 13 57 108
13 105
41 27 105 13 27 19 109 13 57 108
13 105
41 27 108
108
13 105
105 13 35 27 107 105
19 79 57 79 105 11 58 15 79 105 19 79 105 13 32 58 79 105 41 108 12 79 79 35 107 108
13 108
13 27 57 108
13 105 13 109 11 58 35 27 107 105 13 105 13 35 107 105
13 105 13 105 13 105 13 105 13 27 105 13 79 105 13 27 105 13 35 107 108
13 105 13 108
13 105 13 27 105
35 27 107 105 13 105 13 105 13 108
35 105 13 107 105 13 32 27 105 20 105 27 27 105 105 105 11 79 105
11 57 35 27 107 27 105 27 105 27 105 27 27 105 27 35 108 11 107 105 27 105 27 27 105 105
19 35 107 105 13 58 105 13 35 107 35 107 105 13 57 105 13 20 105 41 14 8 8 35 27 107 105 13 105 13 105 13 105 13 108
35 27 107 27 105 105
79 79 105 13 32 79 79 79 79 80 80 113
19 105 13 105
35 27 107 27 105 19 105
27 108 35 27 19 29 107 35 27 19 29 107 108
27 108 35 27 19 29 107 35 27 19 29 107 108
13 100 105 41
19 9 79 108
106
19 27 105 13 35 107 105 13 32 105 11 20 51 20 52 27 105 13 105 11 58 77 20 56 57 105 8 18 77 209 84 107
19 35 107 105 13 32 21 105 21 105 57 107
13 32 57 105 11 44 27 108 13 108 57 105 57 105 18 105 13 107
13 107 105 11 57 105 20 36 79 79 107
19 19 27 105 13 32 58 2 16 19 105 13 57 105 13 93 51 93 52 2 41 14 19 105 13 57 105 13 93 51 93 52 2 41 14 2 41
13 35 107 105 13 32 21 105 21 105 27 105 19 105 27 34 108 13 105 105 13 105 105 105 13 35 35 107 107 27 27 2 105 13 57 35 107 105 13 105 13 105 13 35 107 105 13 27 105 13 105 13 209 19 56 8 108
19 58 16 19 27 105 13 32 105 13 57 105 11 57 105 11 105 11 52 108
19 58 16 27 105 13 32 19 105 13 58 2 105 11 57 57 19 41 105 11 41 14 41
19 58 16 27 105 13 32 105 13 57 105 11 57 19 2 41 14 2 41 2 41
11 57 105 35 107 27 105 13 105 13 105 13 105 13 108
19 19 57 109 13 2 109 11 57 109 13 32 105 11 57 209 2 41 2 16 109 11 52 2 41 2 41
35 107 105 11 57 105 11 57 105 19 16 19 41
19 57 105 11 61 16 35 107 105 11 57 105 11 57 105 13 57 2 2 34 54 93 105 11 57 35 35 107 105 13 65 105 13 105 13 107 105 11 57 105 105 11 57 35 107 105 13 96 105 13 65 105 13 105 13 108
105 13 35 107 105 15 14 105 41
13 105 13 109 11 57 109 13 32 35 107 105 11 57 105 11 57 105 41 110
13 41 20 105 11 19 51 19 105 13 209 105 11 209 105 13 108 12 80 58 65 105 41 14 105 41 14 105 5 41 78 50 62 108
79 57 35 107 86 79 27 105 79 79 79 105
13 41 20 105 11 19 51 19 105 13 209 105 11 209 105 13 108 12 80 58 65 105 41 14 105 41 14 105 5 41 78 50 62 108
19 19 19 35 107 105 13 32 21 105 21 105 19 105 19 105 19 105 27 105 27 27 105 105 105 13 105
13 105 105 105 13 35 35 107 107 27 2 105 13 57 35 107 105 13 105 13 105 13 35 107 105 13 27 105 13 105 13 209 19 56 108
13 105 11 57 57 105 41 14 105 41 14 8 41 105 8 105 13 35 107 8 20 36 105 11 62 19 105 41 14 8 57 105 2 41 108
13 58 18 105 11 57 105 11 57 105 105 105 11 57 8 41 105 41 8 41
13 58 18 105 11 57 105 11 57 105 105 105 11 57 8 41 105 41 8 41
79 80 79 79 108
