1 5 6
1 7 8
1 12 13
1 14 23
1 23 24
1 24 25
1 25 26
1 26 27
1 27 28
1 28 29
1 29 30
1 30 15
1 15 16
1 16 17
1 17 18
1 18 19
1 19 20
1 20 21
1 21 22
1 31 42
1 42 50
1 50 51
1 51 52
1 52 53
1 53 54
1 54 55
1 55 56
1 56 32
1 32 33
1 33 34
1 34 35
1 35 36
1 36 37
1 37 38
1 38 39
1 39 40
1 40 41
1 41 43
1 43 44
1 44 45
1 45 46
1 46 47
1 47 48
1 48 49
2 14 58
2 14 11
2 14 22
2 14 9
2 14 11
2 14 22
2 12 13
2 12 13
2 31 58
2 31 9
2 31 49
2 31 11
2 31 11
2 31 34
2 4 10
2 7 8
2 57 57
3 1 2
3 1 3
3 7 8
3 5 6
