79 108
13 105 13 105
13 107
79 79 79 19 19 19 109
93 35 107 27 105 105 105 13 108
106
79 105
106
35 105 13 107 105 13 32 18
11 44 41 35 105 13 107 105 13 32 19 105 27 105 27 105 13 57 27 105 13 65 18 107
13 18 35 35 107 27 105 105 105 13 107 40 35 105 13 107 105 13 32 19 105 27 105 13 57 27 105 13 19 65 8 105 11 105 13 35 121 19 8 8 8 5 8 112
19 108 13 79 79 109
13 105 13 108 13 57 23 5 78 50 60 105 23 105 11 57 50 62 23 181 108 41 108 13 105 41 23 180 41 15
9 79 80 57 15 79 108 13 79 105 13 57 41 35 79 107 108 13 105
13 105 27 105 41 14 8 27 105
13 108
27 105 27 105 27 105 27 105 79 105 27 105 27 105 79 105 105 27 105 27 105 79 105 27 105 27 105 105 13 27 105 13 27 27 105 13 79 105
13 34 34 169 78 23 50 59 78 124 57 169 105
121 105
41 14 8 2 42 19 27 35 107 27 105 105 105 13 108
80 58 91 20 54 41 19 41 19 58 52 41 19 41 19 20 57 105 27 27 105 41 105 80 57 27 27 108
105 105 13 79 30 79 80 57 31 79 108
13 19 19 35 107
35 107
79 79 105
13 19 105 105 105 79 105 79 57 79 27 105
11 58 41 19 41 14 8 42 19 57 27 27 105 79 79 108
13 57 27 105 79 57 79 108
35 107 20 79 105
13 109 11 57 109 13 108 13 27 105 11 58 27 105 27 105 27 105 27 105 105 13 105 105 27 105 27 105 79 105 13 105
79 80 57 15 79 108 13 79 105 13 57 41 35 79 107 108 13 105
13 27 105 79 79 105 13 108
13 57 27 105 27 27 105 79 57 79 108
105 105 11 20 52 105 27 35 107 27 105 79 105 105 13 108
91 79 79 108
13 35 93 107
8 8 19 8 41 14 8 8 19 42 14 8 8 42 14 8 8 42 14 8 8 42 14 8 8 42 105 13 57 105 13 27 105 11 57 105 11 19 51 105
105 11 121 105
108
13 8 8 8 19 58 79 30 79 80 57 31 79 30 79 86 31 108
108
13 19 19 19 79 105
108
13 30 108
13 79 105 31 58 35 93 91 79 79 108
13 107
58 105
11 93 105
11 51 57 105 79 105
13 79 86 27 35 107 27 105 79 105 105 13 108
35 107
80 57 79 79 105
13 78 23 50 57 105
78 105
35 79 107
8 8 19 8 42 79 79 105
79 30 79 79 57 105 91 79 79 79 79 19 19 108 13 19 113
105 13 57 27 105 11 57 35 35 105 13 107
