1 11 12
1 14 15
1 15 16
1 16 17
1 27 28
1 32 33
1 47 48
1 49 50
1 51 52
1 53 55
1 55 56
1 56 57
1 57 58
1 58 59
1 60 61
1 61 62
1 62 63
1 64 65
1 65 66
1 66 67
1 71 72
1 72 73
1 73 74
1 74 75
1 75 76
1 76 77
1 77 78
1 78 79
1 80 91
1 91 102
1 102 103
1 103 104
1 104 105
1 105 106
1 106 107
1 107 108
1 108 81
1 81 82
1 82 83
1 83 84
1 84 85
1 85 86
1 86 87
1 87 88
1 88 89
1 89 90
1 90 92
1 92 93
1 93 94
1 94 95
1 95 96
1 96 97
1 97 98
1 98 99
1 99 100
1 100 101
1 113 114
1 114 115
1 117 118
1 118 119
1 125 126
1 126 127
1 127 128
1 128 129
1 129 130
1 130 131
1 131 132
1 133 134
1 134 135
2 68 117
2 68 116
2 68 113
2 68 119
2 68 120
2 68 122
2 35 41
2 35 30
2 35 29
2 35 43
2 35 44
2 35 19
2 35 19
2 71 121
2 71 120
2 71 79
2 36 18
2 36 8
2 70 113
2 70 116
2 70 119
2 70 112
2 70 120
2 70 117
2 125 127
2 125 132
2 111 124
2 111 111
2 111 123
2 31 30
2 31 41
2 109 119
2 109 117
2 109 122
2 109 113
2 109 120
2 109 116
2 21 25
2 53 59
2 53 54
2 110 117
2 110 119
2 110 116
2 110 120
2 110 113
2 51 52
2 47 48
2 20 24
2 80 101
2 80 122
2 80 113
2 80 116
2 80 120
2 80 117
2 80 119
2 34 13
2 34 28
2 34 9
2 34 41
2 34 9
2 34 27
2 34 10
2 34 26
2 34 14
2 34 32
2 34 40
2 34 37
2 34 23
2 34 8
2 34 38
2 34 17
2 34 22
2 34 9
2 34 17
2 34 39
2 11 17
2 11 12
2 11 17
2 11 14
2 60 63
2 60 63
2 46 45
2 64 67
2 64 65
2 64 66
2 3 7
2 3 40
2 3 8
2 4 7
2 4 40
2 4 8
2 6 40
2 6 8
2 6 7
2 5 40
2 5 7
2 5 8
3 71 75
3 70 115
3 70 69
3 109 69
3 109 115
3 110 69
3 110 115
3 1 42
3 1 2
3 80 69
3 80 115
3 34 33
3 49 50
4 144 141
4 153 150
4 143 138
4 139 137
4 146 141
4 147 141
4 147 142
4 147 145
4 148 138
4 151 152
4 149 141
4 156 155
4 135 70
4 146 145
4 136 141
4 154 150
4 133 70
5 139 140
