77 45 106 15 79 108
86 79 79 19 105
19 19 19 79 108
79 108
79 19 108
19 44 15 79 19 108
94 58 15 25 49 59 25 48 61 25 48 61 25 49 59 22 46 62 91 51 98 91 19 52 79 79 105 79 27 23 22 79 110 41 14 41 27 27 108
19 93 105 11 57 93 105 93 105 13 105 11 58 93 105 13 105 93 105 35 93 27 107 23 105 19 105 19 105 19 105 105 108
86 79 27 23 22 79 110 79 79 105 79 79 105 19 87 41 14 41
13 105 13 57 109 11 58 27 19 109 13 2 109 11 57 109 13 32 58 105 11 77 51 35 107 105 13 105 11 105 13 27 105 13 105 11 105 13 27 105 13 105 11 105 13 105 13 209 2 8 41 35 107 105 13 27 105 13 105 11 105 13 27 105 13 105 11 105 13 105 13 41 20 54 105 11 77 51 35 107 105 13 27 105 13 105 11 105 13 27 105 13 105 11 105 13 27 105 13 105 11 105 13 105 13 41 35 107 105 13 27 105 13 27 105 13 105 11 105 13 27 105 13 105 11 105 13 105 13 42 14 8 27 35 107 27 105 13 105 13 105 13 108
58 15 79 79 108
13 105 13 108
11 58 79 57 79 105 13 107
19 19 19 57 79 58 15 94 58 79 105 13 100 107
11 101 27 27 108
35 107
108 12 85 79 105 13 57 105 11 62 105 11 53 19 19 105 13 108 13 105 11 60 79 77 84 19 105 13 57 105 13 2 34 54 68 108 11 58 19 105 13 108 13 105 11 60 79 77 84 33 57 8 32 105 11 84 32 105 11 84 20 89 105
19 19 80 58 15 79 57 79 57 79 79 105 86 86 79 109 86 27 27 108
86 79 57 79 57 79 79 20 105 79 105 13 100 35 107 27 105 13 93 105 13 27 105 13 93 105 13 105 13 100 79 108
57 79 108
57 79 108
11 58 79 57 35 79 105 13 23 107
19 79 105 13 58 18 105 13 57 27 27 105 13 41 14 41
19 93 79 27 105 13 32 19 105 13 105 13 93 52 80 57 15 14 8 41 87 79 35 19 107
79 58 15 79 105 13 35 78 107
11 58 79 57 35 79 105 13 23 107
19 19 79 58 16 108 12 78 149 23 50 62 79 105 11 57 79 57 79 57 79 79 19 36 19 80 108 13 72 105 85 93 27 108
2 41 14 105 79 105 41 14 41 79 105 41 23 85 41
86 79 79 35 27 107 105
109
19 94 58 108 11 108 15 107
86 79 35 27 107 105
35 27 107 22 108
20 20 79 108
19 35 107
19 79 57 79 105
109
109
109
109
19 19 19 27 105 13 32 58 2 16 105 13 57 105 11 58 2 41 105 11 52 19 41 27 108 13 100 105 13 93 19 19 19 19 110 13 57 109 11 57 27 109 11 109 13 57 105 13 27 105 11 57 108 13 57 27 105 11 58 27 105 11 58 100 20 98 57 109 2 41 27 41 57 105 13 27 105 11 57 108 13 57 27 105 11 58 27 105 11 58 100 20 98 57 109 2 42 27 41 57 109 19 42 14 8 93 27 108
19 80 57 79 79 105 79 35 27 107 22 108
13 105 13 108 105 13 108 13 105 11 58 8 18 8 41
27 27 105 13 32 57 105 13 108 11 57 27 18 8 41
109
105
19 19 27 105 11 27 105 13 86 57 79 27 108 13 108
79 27 109 11 57 105 13 27 108 15 79 27 108 13 108
23 108 35 27 107 79 108
13 105
19 105 13 27 105 11 57 79 108
13 105 11 20 52 79 108
19 19 27 105 11 57 79 108
13 105 79 108
79 108
79 108
79 108
79 108
13 105 79 108
108
13 27 108 27 105
79 108
13 105 79 105 79 30 79 19 108
79 108
13 105 11 58 79 108
13 105 79 108
13 105 11 20 52 23 108 15 23 108 41 14 105 41
23 30 105 13 27 105 11 57 35 29 107 27 105 27 27 105 105
11 105 105
106 35 27 107 105 35 105 13 107
19 79 105
13 105 19 87 105
11 57 27 27 108 35 27 107 27 105
11 105 27 105
13 105 105
79 105
86 79 79 105 79 105 79 105 79 57 79 109 86 79 105
79 57 79 105
86 79 105 79 57 79 105 106 15
21 19 19 19 19 35 27 107 77 105 13 105 13 108
41 22 84 41 79 108
11 57 79 105
41 79 108
41 79 79 108
11 108
79 108
13 57 79 108
13 109 79 19 108
79 79 79 108
13 79 108
77 44 15 77 21 192 84 77 46 62 79 108
11 64 108
13 108
79 27 108
79 108
42 79 108
11 52 79 23 105
79 105
42 79 105
42 79 108
13 105 42 77 44 27 27 108 42 27 27 108 79 105
13 23 105 79 108
13 57 79 108
13 77 105
41 84 41 77 21 191 84 77 22 47 60 79 108
13 23 105 79 108
13 57 79 108
13 77 105
23 19 105 13 27 105 13 35 27 107 105 13 27 105 13 105 13 105 13 108
19 105 13 27 105 11 57 79 108
79 57 23 108 79 105 79 109 15
86 79 19 105
19 105 19 105 27 105 11 57 79 108 13 105 19 105 105 79 105 79 105 35 27 107 27 105
11 105 27 79 105
13 105 79 105
79 105
79 57 79 105
86 58 15 35 107
86 79 79 19 105
79 105
79 105
79 105
13 23 105 79 108
13 105
19 19 44 27 35 27 107 105 13 27 105 13 105 13 105 13 108 2 16 79 108
79 108
13 105
79 35 107
108
79 108
13 79 108
13 105
58 27 27 108 35 107 35 29 107 105
35 107
35 107 29 105 13 19 105
19 105 11 91 52 35 107 27 27 105 22 105 105
19 106 105
19 93 27 108 106 105
35 107 35 107 27 105 27 105 109 35 107 27 105 27 105 27 105 109 35 107 27 105 27 105 27 105 109 35 107 27 105 27 105 27 105 109 35 107 27 105 27 105 27 105 109 35 107 27 105 27 105 27 105 109 35 79 29 107 27 109 11 36 109 13 32 105 19 105
19 52 19 52 105 13 57 105 13 79 27 108
19 106 93 27 108 105
19 19 19 20 19 93 27 108 106 21 105
19 19 27 105 13 86 27 105 11 79 27 109 11 57 57 105 13 35 29 107 105
35 107 29 105 22 105 105
93 27 108 106 21 105
13 27 19 109 11 57 35 79 29 107 105 79 105
13 105
13 29 107 105
105 11 91 52 35 107 27 105 105
106 91 105
13 57 93 57 35 29 107 27 19 105 105
19 106 91 105
13 105
13 105
106 91 105
13 29 107 105
