1 8 9
1 26 27
1 27 28
1 28 29
1 29 30
1 30 31
1 31 32
1 57 68
1 68 79
1 79 90
1 90 93
1 93 94
1 94 95
1 95 37
1 37 38
1 38 39
1 39 40
1 40 41
1 41 42
1 42 43
1 43 44
1 44 45
1 45 46
1 46 47
1 47 48
1 48 49
1 49 50
1 50 51
1 51 52
1 52 53
1 53 54
1 54 55
1 55 56
1 56 58
1 58 59
1 59 60
1 60 61
1 61 62
1 62 63
1 63 64
1 64 65
1 65 66
1 66 67
1 67 69
1 69 70
1 70 71
1 71 72
1 72 73
1 73 74
1 74 75
1 75 76
1 76 77
1 77 78
1 78 80
1 80 81
1 81 82
1 82 83
1 83 84
1 84 85
1 85 86
1 86 87
1 87 88
1 88 89
1 89 91
1 91 92
1 99 100
1 101 102
1 114 115
1 115 116
1 117 118
1 118 119
1 119 120
1 121 122
1 122 123
1 123 124
1 124 125
1 125 126
1 126 127
1 127 128
1 129 130
1 130 131
1 131 132
1 132 133
1 134 135
1 135 136
1 136 137
1 137 138
1 144 145
1 146 147
1 158 159
2 96 68
2 96 57
2 96 92
2 96 37
2 96 45
2 171 169
2 35 106
2 2 1
2 150 149
2 150 149
2 3 1
2 117 120
2 129 133
2 114 115
2 114 116
2 168 170
2 168 169
2 143 157
2 143 157
2 105 6
2 105 7
2 105 7
2 105 7
2 113 112
2 113 112
2 121 128
2 134 138
3 22 166
3 155 166
3 26 32
3 104 111
3 146 147
3 8 9
3 103 111
3 23 4
3 144 145
3 99 100
3 24 4
3 171 167
3 101 102
3 15 4
3 148 5
3 14 5
3 158 159
3 13 165
3 151 166
3 151 165
3 164 166
3 164 165
3 154 166
3 154 165
3 162 166
3 162 165
3 152 166
3 152 165
3 160 166
3 160 165
3 11 166
3 11 165
3 163 166
3 163 165
3 153 166
3 153 165
3 161 166
3 161 165
3 36 109
3 12 20
3 97 108
3 98 110
3 141 142
3 34 107
3 139 140
3 134 142
4 19 21
4 19 25
4 17 18
4 19 26
4 33 18
4 19 10
4 156 21
4 16 18
