11 58 105 18 105 13 108 13 105 18 14 105 40 105 18
79 109 13 41 19 79 35 107
79 79 109 13 105 79 105 79 19 105 79 109 79 105 15 14 79 105 40
13 41 79 19 79 41 57 27 105 11 19 58 27 105 13 32 9 57 57 105 13 20 35 107 19 19 19 110
13 79 19 105
27 105 11 58 27 105 13 32 105 13 57 105 11 57 41 19 41 19 57 27 36 93 105 13 72 108 13 108
35 107 19 35 107 105 13 32 20 105 20 105 27 105 19 105 105 105 11 20 52 35 35 105 13 107 107 105 13 57 105 20 105 41 8 41 14 8 41 105 13 57 105 18 14 57 105 41 40 41
35 35 107 27 105 79 105 105 13 108 13 27 107 22 105 79 108
13 105
108
27 57 79 29 108
79 108
27 57 19 41 19 108
35 79 19 107
79 108
35 107 108 105 13 105 13 105 13 86 105 13 105 13 105 13 105 13 105 13 105 35 29 107 105 105
35 107 108 105 13 105 13 105 13 86 105 13 105 13 105 13 105 13 105 13 105 35 29 107 105 105
27 108
13 105 11 58 35 29 107 105
35 107 35 27 27 107 105 105
105 13 105 13 27 57 27 105 11 108
106 107
79 108
79 108
108
27 108
13 105 11 57 21 41 21 105 106
21 105 35 105 13 29 107 107
11 58 27 108
13 105 11 57 27 108
11 57 108
11 58 41 35 107 35 107
79 79 105
79 105 13 108
35 79 19 107
79 105 13 108
13 27 108 11 58 105 13 108 11 58 105 11 58 35 79 108
13 105 13 105 13 105 13 107
41 105 13 108 11 58 105 11 58 35 79 108
13 105 13 105 13 105 13 107
109 35 79 108
13 105 13 108
13 107
109 91 20 21 54 35 79 108
13 105 13 105 13 107
41 35 79 108
13 105 13 108
13 107
109 35 79 108
13 21 105 13 35 107 105 11 105 27 105 105 13 107
109 35 79 108
13 21 105 13 35 107 105 11 105 27 105 105 13 107
41 35 79 108
13 105 13 79 108
13 105 13 107
109 79 108
13 105 13 27 105 13 32 105 13 79 108
13 108
13 27 105 11 57 18 35 79 108
13 21 105 13 19 107
109 80 57 35 79 108
13 105 13 79 108
13 21 105 13 107
41 35 79 108
13 105 13 79 108
13 105 13 107
109 35 79 108
13 105 13 27 105 13 32 19 19 57 105 11 52 105 13 19 41 19 8 35 79 108
13 21 105 13 79 108
13 108
13 107
109 80 57 35 105 13 27 107
109 35 79 108
13 105 13 108
13 107
109 35 79 108
13 21 105 13 19 107
109 105 11 21 51 105 11 58 42 35 79 108
13 21 105 13 20 107
13 105 13 79 105 13 105 11 108
13 107
109 105 13 105 11 21 27 58 35 79 108
13 105 13 105 13 107
109 41 79 108
13 108 11 58 35 79 108
13 105 13 105 13 107
41 35 79 108
13 21 105 13 108
13 107
109 21 21 21 27 21 20 57 57 35 79 108
109 79 108
13 108 11 58 105 13 57 105 13 105 11 58 35 79 108
13 105 13 79 108
13 105 13 107
109 91 20 27 21 53 79 108
32 105
79 105 13 108
79 105 13 108
35 79 108
13 29 107 79 105
35 79 108
13 29 107 79 105
79 108
79 108
32 105
19 36 35 27 107 19 105
35 27 107 22 105 105 13 105 13 19 105
91 20 52 93 27 105 11 57 15 35 27 107 22 105 105 13 105 13 19 105
35 27 19 107 27 105 35 27 27 107 105 22 105 105 13 105
35 27 19 107 27 105 35 27 27 107 105 22 105 105 13 105
13 105 11 20 20 20 20 20 58 54 21 105 41 54 21 105 41 54 21 105 41 54 21 105 41 54 21 105 41 21 105 41 54 21 105 41 54 21 105 41 54 21 105 41 54 21 105 41 54 21 105 41 21 105 41 14 105 21 105 13 32 21 105 13 105 41 14 105 21 105 13 32 19 105 35 105 13 107 105 35 107
13 105 13 109 11 20 62 109 13 109 11 57 109 13 32 35 105 13 105 13 107
32 105
79 108
13 105 11 58 79 108
13 105 79 79 21 105 13 105 11 20 57 79 105
79 105 13 79 108
13 79 105
79 108
13 105 15
105 13 27 105 11 57 79 108
13 109 11 19 19 52 79 108
13 109 13 32 105
11 52 79 108
13 109 27 105 13 32 20 27 105 11 122 22 21 108 11 193 192 79 108
13 109 13 109 11 57 109 13 32 105
13 105 13 105 11 57 19 58 79 108
13 35 105 13 105 13 79 21 105 13 35 107 105 27 105 105 13 127 20 112
79 108
13 57 79 105 13 79 108
13 105 79 108
13 57 79 108
13 105 79 108
79 108
13 57 79 105 13 79 108
13 105 79 108
13 57 79 108
13 105 79 105 13 108
32 105
13 105 11 9 58 91 20 54 94 57 94 58 35 93 105 13 32 29 27 107 79 27 105 20 27 105 93 105 13 32 105
79 105 13 108
35 27 107 105
32 105
35 79 108
13 29 107 79 105
35 79 108
13 29 107 79 105
79 35 27 27 108
105 13 27 105 13 32 105 13 105 13 27 105 13 32 19 19 19 57 105 11 52 105 13 19 41 19 79 58 105 13 27 105 13 32 86 57 105 11 58 41 19 27 27 27 27 20 57 57 105 11 20 54 41 20 56 20 41 209 212 108
79 108
27 57 79 29 108
27 57 79 29 108
27 57 79 29 108
27 57 79 29 108
108
93 27 105 35 29 107 22 105 13 105
57 35 27 107 41 35 27 107 105 13 35 35 105 13 107 107 105 13 105 18
35 107 79 108
11 108 13 27 105 79 19 105
27 57 79 29 108
27 57 79 29 108
27 57 79 29 108
27 57 79 29 108
27 57 79 29 108
13 105
13 105
13 57 22 108
8 106
105 19 105 13 105 41 79 109 41 14 105 77 216 216 84 79 105 13 105 11 169 105 41 105
13 57 77 216 84 80 20 58 105 87 41 79 105 13 105 11 169 105 41 80 57 105
79 108
