1 1 2
1 2 3
1 3 4
1 4 5
1 5 6
1 6 7
1 10 11
1 11 12
1 12 13
1 13 14
1 27 28
1 28 29
1 30 31
1 31 32
1 33 34
1 34 35
1 35 36
1 36 37
1 37 38
1 38 39
1 39 40
2 8 41
2 56 22
2 33 40
2 9 16
2 18 48
2 18 52
2 18 49
2 18 53
2 18 50
2 18 50
2 18 48
2 18 54
2 18 48
2 24 22
2 23 22
2 1 41
2 17 22
2 45 42
3 10 25
3 10 14
3 8 44
3 15 26
3 56 22
3 33 34
3 24 22
3 23 21
3 23 22
3 1 7
3 17 22
3 17 20
3 17 19
3 27 29
3 47 43
3 55 51
3 46 43
3 30 32
4 9 10
