19 19 19 79 52 79 57 79 105
11 58 79 105
108
13 27 36 27 72 27 72 105
15 79 52 35 27 35 107 27 105 13 105
13 105 13 105 13 108 13 107 35 107 27 105
13 105 27 105 22 105 105
106 105
35 29 107 105
106 93 27 108
108
13 105
27 105
13 32 86 19 35 29 107 22 108
106 93 27 108
19 105 13 58 16 35 27 107 19 19 105
19 19 105 11 91 52 107
94 57 106 11 16 20 52 108 12 78 149 23 50 60 77 209 84 85 77 20 56 79 105
57 58 19 16 19 108 13 35 27 107 27 105 22 105 105
13 79 19 105
35 27 107 22 105 27 105 27 19 105 105
13 19 105
19 19 77 44 15 79 108
105 13 105 13 27 105 11 57 79 79 57 79 79 79 108
19 87 35 29 107 105
35 29 107 105
19 79 52 35 105
13 29 107 27 27 105 105
13 105
108
13 27 108
35 79 29 107 79 105
19 58 15 27 105 13 57 27 105 11 57 27 105 13 57 108
13 105
41 27 105 13 27 19 109 13 57 108
108
41 27 108
108
13 105
105 13 35 27 107 105
35 105 13 27 107 35 107 27 35 27 107 105 13 27 105 13 105 13 108 105 11 57 105 15 14 27 35 27 107 105 13 27 105 13 105 13 108 41
11 57 16 27 108 35 27 19 29 107 35 27 19 29 107 105 13 19 105
11 57 35 27 107 27 105 27 105 27 105 27 27 105 27 35 108 11 107 105 27 105 27 27 105 105
13 58 27 8 8 8 112
79 79 105 13 32 79 79 79 79 80 80 79 113
19 9 79 108
19 79 105
13 35 107 105 13 32 21 105 21 105 27 105 19 105 27 34 108 13 105 105 13 105 105 105 13 35 35 107 107 27 27 2 105 13 57 35 107 105 13 105 13 105 13 35 107 105 13 27 105 13 105 13 209 19 56 8 108
19 58 16 19 27 105 13 32 105 13 57 105 11 57 105 11 105 11 52 108
19 58 16 27 105 13 32 19 105 13 58 2 105 11 57 57 19 41 105 11 41 14 41
35 107 86 79 27 105 79 19 79 19 108
109
11 57 105 35 107 27 105 13 105 13 105 13 105 13 108
19 19 57 109 13 2 109 11 57 109 13 32 105 11 57 209 2 41 2 16 109 11 52 2 41 2 41
93 30 108
106
