1 6 7
1 19 20
1 20 21
1 21 22
1 22 23
1 23 24
1 24 25
1 25 26
1 27 28
1 28 29
1 31 32
1 32 33
1 35 36
1 36 37
1 37 38
1 39 40
1 40 41
1 41 42
1 42 43
1 43 44
1 44 45
1 51 52
1 55 56
1 59 60
1 64 65
1 65 66
1 66 67
1 67 68
1 68 69
1 69 70
1 70 71
1 71 72
1 72 73
1 73 74
1 74 75
1 75 76
1 76 77
1 77 78
1 78 79
1 79 80
1 80 81
1 81 82
1 82 83
1 83 84
1 84 85
1 85 86
1 86 87
1 87 88
1 88 89
1 89 90
1 90 91
1 91 92
1 101 104
1 104 105
1 105 106
1 106 107
1 107 108
1 108 109
1 109 110
1 110 111
1 111 102
1 102 103
1 137 138
1 138 139
1 139 140
1 140 141
1 144 145
1 145 146
1 146 147
1 147 148
1 155 156
1 157 158
1 159 160
1 161 162
1 163 164
1 172 173
1 173 174
1 174 175
1 176 187
1 187 188
1 188 189
1 189 190
1 190 191
1 191 192
1 192 193
1 193 194
1 194 177
1 177 178
1 178 179
1 179 180
1 180 181
1 181 182
1 182 183
1 183 184
1 184 185
1 185 186
1 195 196
1 196 197
1 198 209
1 209 212
1 212 213
1 213 214
1 214 215
1 215 216
1 216 217
1 217 218
1 218 199
1 199 200
1 200 201
1 201 202
1 202 203
1 203 204
1 204 205
1 205 206
1 206 207
1 207 208
1 208 210
1 210 211
1 224 225
1 226 227
1 234 235
1 242 243
1 243 244
1 245 246
1 246 247
1 247 248
1 252 253
1 253 254
1 255 256
1 268 269
1 269 270
1 271 272
1 272 273
1 274 275
1 276 277
1 278 279
1 279 280
1 281 282
1 282 283
1 288 289
1 289 290
1 290 291
1 295 296
1 297 298
1 299 300
1 300 301
1 303 304
1 304 305
1 308 313
1 313 314
1 314 315
1 315 316
1 316 317
1 317 318
1 318 319
1 319 320
1 320 309
1 309 310
1 310 311
1 311 312
1 321 322
1 322 323
1 336 337
1 337 338
1 338 335
1 344 345
1 345 346
1 347 348
1 348 349
1 360 361
1 361 362
1 362 363
1 363 364
1 364 365
1 365 366
1 367 368
1 368 369
1 381 382
1 383 384
1 384 385
1 385 386
1 386 387
1 387 388
1 388 389
1 389 390
1 390 391
1 392 393
1 393 394
1 394 395
1 396 397
1 397 398
1 399 400
1 400 401
1 401 402
2 353 355
2 353 370
2 353 375
2 353 261
2 353 358
2 353 356
2 1 3
2 1 50
2 1 54
2 354 357
2 124 92
2 124 54
2 124 64
2 124 3
2 124 49
2 124 50
2 119 92
2 119 64
2 119 3
2 119 50
2 119 49
2 119 54
2 333 92
2 333 49
2 333 64
2 333 50
2 333 54
2 333 3
2 331 342
2 331 336
2 331 335
2 331 339
2 331 342
2 334 342
2 334 335
2 334 336
2 334 339
2 334 342
2 5 54
2 5 50
2 11 9
2 11 50
2 11 54
2 94 50
2 94 54
2 4 50
2 4 54
2 120 92
2 120 3
2 120 64
2 120 49
2 120 54
2 120 50
2 57 8
2 61 50
2 61 60
2 61 60
2 61 59
2 63 10
2 63 9
2 62 9
2 62 10
2 288 291
2 288 286
2 198 287
2 360 372
2 360 366
2 360 371
2 360 372
2 295 296
2 367 373
2 367 370
2 367 356
2 367 372
2 367 369
2 367 371
2 367 372
2 374 358
2 374 359
2 374 359
2 374 359
2 343 54
2 343 64
2 343 92
2 343 49
2 343 3
2 343 50
2 263 64
2 263 92
2 263 3
2 263 54
2 263 50
2 263 49
2 222 287
2 168 259
2 168 260
2 168 329
2 267 339
2 223 287
2 169 259
2 169 260
2 169 329
2 165 260
2 165 329
2 165 259
2 221 287
2 262 92
2 262 64
2 262 3
2 262 54
2 262 50
2 262 49
2 47 45
2 47 50
2 47 45
2 47 53
2 47 54
2 47 38
2 47 39
2 47 35
2 47 46
2 47 38
2 93 50
2 93 54
2 17 12
2 17 15
2 19 12
2 19 14
2 58 58
2 114 285
2 101 259
2 101 329
2 101 260
2 101 103
2 2 3
2 352 352
2 30 18
2 34 38
2 34 35
2 34 50
2 34 45
2 34 45
2 34 39
2 34 38
2 34 54
2 34 46
2 27 13
2 27 12
2 170 351
2 170 351
3 353 356
3 353 358
3 137 141
3 333 332
3 144 148
3 31 33
3 55 56
3 63 6
3 299 301
3 303 305
3 240 340
3 240 341
3 379 376
3 241 340
3 241 341
3 392 395
3 198 211
3 226 227
3 234 235
3 367 356
3 239 116
3 306 142
3 157 158
3 171 95
3 274 275
3 264 125
3 326 152
3 252 254
3 268 270
3 237 116
3 321 323
3 284 294
3 231 116
3 219 293
3 250 121
3 374 358
3 343 332
3 399 402
3 257 121
3 381 382
3 166 99
3 325 150
3 330 340
3 330 341
3 330 97
3 176 186
3 265 128
3 297 298
3 222 113
3 163 164
3 281 283
3 230 117
3 383 391
3 168 100
3 232 95
3 302 135
3 327 152
3 396 398
3 224 225
3 255 256
3 238 116
3 380 376
3 220 294
3 251 121
3 159 160
3 233 116
3 307 293
3 267 339
3 344 332
3 344 346
3 228 117
3 258 121
3 167 99
3 195 197
3 266 128
3 155 156
3 154 95
3 271 273
3 242 244
3 223 113
3 236 116
3 169 100
3 249 121
3 276 277
3 165 100
3 324 150
3 328 340
3 328 341
3 328 97
3 172 175
3 221 113
3 161 162
3 308 312
3 278 280
3 347 332
3 347 349
3 229 117
3 93 48
3 245 248
3 17 16
3 19 26
3 27 29
3 51 52
4 156 136
4 7 1
4 100 123
4 156 119
4 382 377
4 156 129
4 156 115
4 100 112
4 100 124
4 156 143
4 402 153
4 117 98
4 100 130
4 197 149
4 156 353
4 156 132
4 323 115
4 100 127
4 156 378
4 391 98
4 100 377
4 121 115
4 298 126
4 156 333
4 280 124
4 398 115
4 100 149
4 156 127
4 156 153
4 156 133
4 100 126
4 100 143
4 156 112
4 156 377
4 175 153
4 100 333
4 256 133
4 292 134
4 100 119
4 156 123
4 100 129
4 277 96
4 254 115
4 244 124
4 156 131
4 283 124
4 156 124
4 349 119
4 100 353
4 100 132
4 162 127
4 100 96
4 156 130
4 156 98
4 116 98
4 156 96
4 350 333
4 346 119
4 100 115
4 156 151
4 273 96
4 100 151
4 156 134
4 100 378
4 100 136
4 100 98
4 391 377
4 160 127
4 100 153
4 100 133
4 156 149
4 100 131
4 100 134
4 156 126
4 164 127
5 117 118
5 116 118
5 100 101
5 121 122
