106 108
106 108
40 105 13 79 105 13 105 13 32 105
19 19 19 45 106 11 16 27 105 41 27 105 105
19 45 106 11 16 27 105 41 27 105 105
35 107 27 105 27 79 80 105 108
22 105 33 58 22 105 105
86 79 79 105
79 105 15
79 105 15
19 19 45 106 11 16 27 105 2 41 27 105 105 11 57 93 109 13 32 105
79 105 13 27 105 13 27 19 36 19 29 72 105 13 19 19 36 19 72 105 13 86 15 14 27 108
79 105 13 27 105 13 27 19 36 19 93 72 19 29 72 19 29 72 105 13 79 105 13 19 36 19 19 108 13 72 19 72 19 72 105 13 32 105 11 16 14 27 108
79 105 13 27 105 13 27 19 36 19 93 72 19 29 72 19 29 72 19 29 72 19 29 72 105 13 79 105 13 19 36 19 19 108 13 72 19 72 19 72 19 27 72 19 72 105 13 32 18 14 27 108
79 105 13 27 105 13 27 19 36 19 93 72 19 29 72 19 29 72 19 29 72 105 13 79 105 13 19 36 19 19 108 13 72 19 72 19 27 72 19 72 105 13 32 18 14 27 108
35 107 27 19 105 27 105 27 105 93 35 107
79 30 79 105
79 105 13 27 105 13 27 19 36 19 29 72 19 29 72 19 29 72 19 93 72 105 13 19 19 36 19 79 72 19 79 72 19 27 72 19 19 108 13 72 105 15 14 27 108
79 105
79 105
13 86 79 79 105 13 79 109
13 79 105
13 27 105 13 8 32 8 58 108
11 79 109
79 109
13 19 19 107
27 108
79 105
79 108
19 45 106 11 16 27 105 41 27 105 105
19 45 106 11 16 27 105 2 41 27 105 105
105 2 41 27 105 105
105 2 41 27 105 105 11 105 11 105 11 57 93 109 13 32 105
19 45 106 11 16 27 105 2 41 27 105 105 11 57 93 105
35 107 108 12 8 2 105 13 32 19 108
108 11 58 27 105 57 105
13 108 11 58 19 105 105
13 105 13 34 105 35 105 13 107 105 105 105 11 105 13 20 53 54 105 13 35 105 13 107 108
19 19 19 19 107 27 105 13 32 27 105 13 32 105 13 105 13 108 13 105 13 27 105 13 32 35 27 107 19 105
13 105 11 84 27 108
13 57 2 87 27 108
13 57 2 87 105 13 86 105 13 86 108
11 87 105 11 87 105 11 87 105 13 86 108
13 86 19 105 11 84 108
11 84 105 11 84 105 11 84 105 11 84 105 11 84 77 84 77 84 77 84 57 27 105 11 27 105 11 27 105 11 122 122 194 129 85 51 19 52 87 91 20 53 105 11 87 105 13 57 105 13 105 13 105 11 84 15 2 42 2 42 2 41 26 85 87 41 84 41 87 84 41
11 57 105 13 57 105 11 16 19 41
79 108 13 108
19 19 35 107 27 105 105 13 22 105
105
35 107 105 13 105 13 18
79 108
13 35 27 107 27 105 13 27 79 105 13 27 108
35 79 107 105 13 32 79 79 19 108
19 20 19 107 35 107 86 86 86 87 86 86 105
35 27 107 108 13 105 105
13 105
79 57 79 79 109
79 32 35 105 13 107 79 105
35 107 105 13 32 19 108
105 35 105 13 107 108
35 107 105 13 27 105 11 58 106
35 107 27 105 13 105 13 105 13 108
35 107 27 105 13 105 13 105 13 108
13 105
13 108
13 108
13 105
13 108
13 108
13 105
13 108
13 108
13 105
13 108
13 108
13 105
13 108
13 108
13 105
13 108
13 108
13 19 36 105 13 100 108
13 108
13 19 36 105 13 100 108
13 108
13 19 36 19 29 72 105 13 100 108
13 108
13 19 36 19 29 72 19 29 72 105 13 100 108
13 108
13 19 36 19 29 72 105 13 100 108
13 108
13 19 36 19 29 72 105 13 100 105 13 105 35 27 27 105 13 107 105 15 14 35 107
79 19 108
19 45 106 11 16 27 105 41 27 105 105
35 107 105
19 106 105
19 105
21 20 19 23 106 19 105
35 107 105 11 21 52 105
13 21 105 11 105
21 19 21 106
20 52 27 105 13 32 27 105 13 32 86 105
13 108 13 105
19 51 15 105
13 21 105 11 52 105
13 105 13 105 13 86 79 27 27 105 13 105 11 20 56 35 19 105 13 108 13 107 27 105 13 105 13 8 21 105
13 32 105 21 52 105
13 105 13 105 11 57 105
13 105 13 105 13 86 35 91 105
13 21 105 13 107
36 105
21 20 19 106 19 105
13 105 13 21 105 13 79 105 13 109 13 105 27 78 105 19 105
106
21 21 20 106 19 105
13 21 105 11 105
13 105 13 21 105 11 105
21 21 19 105
21 19 106 105
19 44 106 11 16 93 105
13 105 13 21 105 11 105
106
106 105
21 19 19 19 106 105
15 19 105
106 19 105
19 19 21 19 106 105
13 21 105 13 79 105 13 109 13 105 19 105
21 19 19 106 19 105
106 19 105
106 19 105
19 21 19 19 19 106 105
21 21 21 19 21 106 19 105
23 21 21 19 106 19 105
19 105 11 21 52 35 107 27 105 27 105 27 105 27 27 105 105
20 20 20 19 19 106 105
19 79 57 79 105
79 57 79 105
79 57 79 105
11 58 79 19 105
35 107 27 105 27 105 27 105 27 27 105 105
19 105 11 21 52 35 107 27 105 27 105 27 105 27 27 105 105
20 20 20 19 19 106 105
19 79 57 79 105
79 57 79 105
79 57 79 105
11 58 79 19 105
35 107 27 105 27 105 27 105 27 27 105 105
19 106 19 105
35 107 105 11 21 52 19 105
21 106 19 105
27 78 105 19 105
21 106 19 105
79 108
35 79 108
13 29 107 27 105 79 20 105
35 27 107 27 19 105 27 79 108
13 21 105 13 105 27 19 105 79 20 105
35 79 108
13 29 107 27 35 19 107 105 79 105
35 79 108
13 29 107 27 35 19 107 105 79 105
35 79 108
13 29 107 27 35 19 107 105 79 105
79 105
79 105
79 105
79 105
79 105
98 93 91 93 105
79 108
35 79 105
13 29 107 27 79 108
12 105 79 79 105
13 105 13 21 105 11 105
21 19 19 79 108
12 108
13 105 13 79 108
13 21 105 13 79 108
13 79 79 79 108
12 108
13 105 13 79 108
13 21 105 13 79 79 79 108
13 21 105 13 105
13 105 13 35 27 107 27 36 72 105 27 105 27 105 27 105 79 79 105
13 21 105 13 108
12 108
12 50 58 15 79 105
13 32 105 13 109 13 105 13 105 11 19 53 79 105
13 32 105 13 109 13 105 13 27 79 79 79 108
13 21 105 13 105
13 79 108
13 21 105 13 79 108
13 79 79 79 108
35 79 105
13 29 107 27 79 21 105
13 32 105 13 109 13 105 13 105 79 105
19 77 21 51 16 79 108
11 62 79 108
13 79 108
11 108
105
13 79 108
13 105 35 79 105
13 105 13 21 105 13 108 13 107 27 105 13 105 13 35 107 79 108
12 105 13 105 13 72 79 105
13 105 13 21 105 13 105
13 105 105
12 108
35 107 27 108
12 105 79 19 105
12 50 57 79 108
12 79 108
13 79 79 108
35 79 105
13 107
27 19 36 35 107 79 108
12 105 13 105 13 72 79 108
79 105
79 105
79 105
79 105
79 105
35 27 107 35 27 107 108 79 79 105
13 21 105 11 105
19 77 44 16 79 35 79 29 107 79 105
13 21 105 11 105
79 77 77 77 78 79 8 110
79 77 77 77 78 79 8 110
79 77 77 77 78 79 8 110
79 105
79 108
79 105
77 44 19 16 79 35 79 29 107 79 105
13 21 105 11 105
79 105
79 105
79 105
79 105
19 77 21 51 16 35 79 105
19 77 21 51 16 35 79 105
35 79 108
13 29 107 27 79 77 105 27 79 77 105 27 79 77 105 79 79 105
13 21 105 11 105
108 12 79 77 58 79 79 58 79 27 86 79 79 79 79 105
79 105
79 77 209 84 108 12 181 23 50 60 23 108 12 149 149 108 79 79 105
35 79 79 29 107 27 79 79 105 79 105
79 79 105
79 79 105
79 79 105
35 79 105
13 29 107 27 19 105 79 79 105
13 105 13 21 105 11 105
35 79 105
13 29 107 79 105
79 79 105
79 79 105
105 108 13 35 27 107 108 13 27 19 36 19 72 19 72 19 72 19 72 19 72 108 13 105 13 21 105 13 105 13 105 13 21 105 13 35 108 13 107 27 105 13 105 13 105 13 35 107 105 11 57 105 35 93 27 107 35 93 107 27 108 13 19 105 35 19 107 35 107 58 19 18 14 105 19 41 108
35 107 105 11 57 105 35 35 108 13 107 93 105 13 27 105 13 105 13 107 105 11 57 105 58 19 42 91 52 58 9 9 108
19 19 19 105 108 13 35 27 107 108 13 27 19 36 72 72 19 72 19 72 19 72 108 13 105 13 27 105 13 105 13 35 108 13 107 27 105 13 105 13 105 13 35 107 105 11 57 105 35 93 27 107 35 93 107 27 108 13 19 105 35 19 107 35 107 58 18 14 105 41 108
108 13 35 107 27 19 105 11 105 27 19 105 11 105 27 19 105 11 105 79 19 105
35 107 27 8 32 77 105 27 8 32 77 105 27 32 77 105 79 19 105
79 108
79 105
79 105
79 79 108
35 107 79 105
13 21 105 13 35 79 108
13 105 13 109 13 108 13 107 93 105 13 79 105 13 105 13 105 13 105 79 19 105
79 79 105
35 79 29 107 27 23 105 79 79 105
13 21 105 11 105
79 79 105
35 107 79 19 105
35 79 29 107 27 32 78 105 79 79 105
13 21 105 11 105
79 79 78 105 79 105 11 84 35 79 105
13 29 107 27 79 19 105 11 105 27 79 19 105 11 105 27 79 19 105 11 105 79 79 105
13 105 13 21 105 11 105
79 79 78 105 79 105 11 84 35 79 105
13 29 107 27 79 19 105 11 105 27 79 19 105 11 105 27 79 19 105 11 105 79 79 105
13 105 13 21 105 11 105
21 19 79 79 108
13 79 105 13 21 105 13 105 13 57 27 105 11 58 35 108 13 107 27 105 13 79 105 13 21 105 13 105 13 105 13 20 36 35 107 105 11 58 105 35 107 35 35 108 13 107 27 105 13 105 13 105 13 107 105 11 19 52 105 105 105 35 107 105 35 107 79 105 13 21 105 13 108 13 105 79 105 13 21 105 13 105 79 79 108
13 57 105 13 21 105 13 105 13 35 35 108 13 107 27 105 13 105 13 105 13 107 57 105 35 108 13 107 27 105 13 105 13 105 13 35 107 57 105 42 14 42 14 41
13 105 13 21 105 13 105 13 35 35 108 13 107 27 105 13 105 13 105 13 107 57 105 35 108 13 107 27 105 13 105 13 105 13 35 107 57 105 41 14 41 14 41
21 19 77 21 51 16 35 79 79 107
79 79 108
13 79 79 105 13 21 105 13 105 13 57 27 105 11 58 35 108 13 107 27 105 13 79 79 105 13 21 105 13 105 13 105 13 79 32 105 12 79 79 79 79 108
13 57 79 79 105 13 21 105 13 105 13 35 35 108 13 107 27 105 13 105 13 105 13 107 105 35 35 108 13 107 27 105 13 105 13 105 13 107 105 11 57 35 35 108 13 107 27 105 13 105 13 105 13 107 105 79 79 79 79 108
13 79 105
11 57 35 27 35 27 107 105 13 105 13 108 13 107 105
11 57 35 27 107 105 13 105 13 108 13 35 27 107 27 105 105
19 105 13 93 27 8 8 110 13 100 35 107
27 105 13 32 20 105 15
35 79 79 29 107 27 35 79 78 107 105 27 35 79 108
13 108 13 107 27 105 13 79 79 21 105 13 105 13 105 13 105 27 79 79 21 105 13 105 27 79 79 21 105 13 105 27 79 79 21 105 13 105 79 105
77 44 19 16 77 98 35 79 105
13 29 107 27 93 19 105 11 105 27 93 19 105 11 105 27 93 19 105 11 105 79 79 105
13 105 13 21 105 11 105
79 105
19 19 19 19 19 77 44 2 16 77 98 35 79 105
13 29 107 27 93 105 11 105 27 93 105 11 105 27 93 105 11 105 79 79 105
13 105 13 21 105 11 105
79 105
21 78 79 79 108
21 19 19 19 19 79 105 79 79 21 105 13 105
41 79 105 13 105 11 57 79 79 79 108
13 41 79 21 105 13 105 11 57 79 79 79 108
13 42 27 35 27 107 27 36 72 105 27 105 27 105 27 105 79 108
79 79 21 105 13 108
13 79 21 105 13 108
13 105 13 79 79 79 108
11 58 15 27 27 79 79 79 108
11 52 79 79 79 108
13 79 79 79 108
13 79 105 13 105 13 79 21 105 13 105 13 79 21 105 13 79 79 21 105 13 105
13 105 13 77 19 52 79 79 79 77 108
13 105 13 105 11 54 79 108
35 79 105
13 29 107 27 19 105 79 79 21 105 13 79 21 105
13 32 105 13 109 13 105 79 105
79 108
79 108
79 105
79 105
79 105
105 105 105 105 105 15 35 108 13 107 27 19 36 19 72 19 72 19 72 19 72 19 72 108 13 105 13 27 105 13 105 13 209 42 65 35 35 108 13 107 93 105 13 105 13 105 13 107 108
79 105
35 29 107 27 105 105
13 105
20 19 19 106 105
19 35 29 107 27 105 11 51 27 27 105 11 105 27 105 105
13 105 79 122 122 105 79 105 79 105 41 14 105 41 44
13 32 57 105 11 57 23 105 41 14 41 105
13 21 105 13 105 13 105 11 108 13 27 105
13 32 91 19 52 19 105 11 98 19 20 105 79 105
19 35 107 27 27 105 105 13 105
12 50 62 105 27 105 27 19 105 11 105 27 19 105 11 105 27 19 105 11 105 27 20 105 11 105 27 20 105 11 105 19 105 11 203 20 105 11 212 169 20 105 11 169 35 27 107 105 13 105 13 108 13 105 22 108
12 105 27 105 27 19 105 11 105 27 19 105 11 105 27 19 105 11 105 27 20 105 11 105 27 20 105 11 105 19 105 11 203 20 105 11 212 169 20 105 11 169 35 27 107 105 13 105 13 108 13 105 22 108
13 32 19 91 20 105 79 57 79 105 79 105 15
79 19 108
79 19 108
35 79 105
13 29 107 22 105 27 79 77 105 27 79 77 105 27 79 77 105 79 105
79 19 108
35 79 105
13 29 107 22 105 27 77 105 27 77 105 27 77 105 79 105
19 3 56 35 9 79 29 107 22 105 27 105 27 105 27 105 27 9 105 27 9 105 9 79 105
20 19 19 58 15 108 13 79 105 79 79 105 79 27 105 13 32 77 52 105 11 84 105 79 79 105 79 122 122 105 79 105 79 105 41 14 77 51 77 105 41
79 77 19 51 79 79 27 105 13 32 19 79 77 20 105 79 79 105 15
106 19 105
106 79 57 79 19 105
13 86 79 105 13 21 105 13 105 13 86 79 105 13 27 105 11 57 108 13 105 13 86 79 105 13 21 105 13 86 79 105 13 21 105 13 86 79 105 13 21 105 13 86 79 105 13 21 105 13 86 79 58 15 79 105 11 87 35 107
30 79 105 11 20 51 35 27 107 27 20 105 19 105
79 57 58 80 58 79 105 79 105 31 15 14 31 40 14 41
30 79 105 11 58 35 27 107 19 105
79 105 79 105 11 57 79 105 79 105 19 107
19 19 79 108
79 57 79 33 58 79 79 108
13 108
16 79 32 79 79 79 108
13 86 79 79 79 79 21 105 13 105 79 79 105 13 108
11 58 79 105
41 79 79 105 13 108
19 105 13 27 105 11 57 27 105 13 32 79 79 105 27 105 11 57 79 108
79 79 57 79 79 105
13 57 79 105 13 108
19 86 107 86 79 27 79 105 13 86 15 14 105 41
19 86 107 86 86 79 105 13 86 15 14 105 41
79 79 105 79 105 79 57 79 105
35 107 105 13 105 13 105 13 105
79 79 57 79 79 79 79 105
35 79 107 105 79 105
35 107 105
21 23 106 19 105
19 19 21 19 19 106 105
19 77 21 51 16 79 79 21 105
79 105 11 108
35 79 108
13 29 107 79 105
21 79 105
13 79 108
13 105 13 105 13 105 12 23 50 58 35 79 108
13 29 107 27 79 105
12 105 27 79 105
13 79 108
13 105 13 105 13 105 27 79 105
13 79 108
13 21 105 13 105 13 105 79 105
19 19 19 79 32 105 12 79 79 79 108
13 108
13 58 2 16 79 79 21 105 13 105 13 77 45 2 41 35 79 105
13 29 107 27 105 79 105
92 23 50 58 35 79 105
13 29 107 27 19 105 79 79 21 105 13 79 79 105 13 109 13 105 13 105 79 79 105
13 105 13 21 105 11 105
35 79 105
13 29 107 27 108
12 105 79 79 105
13 105 13 21 105 11 105
