1 22 28
1 28 29
1 29 30
1 30 31
1 31 32
1 32 33
1 33 34
1 34 35
1 35 23
1 23 24
1 24 25
1 25 26
1 26 27
1 40 41
1 54 55
1 55 56
1 57 68
1 68 70
1 70 71
1 71 72
1 72 73
1 73 74
1 74 75
1 75 76
1 76 58
1 58 59
1 59 60
1 60 61
1 61 62
1 62 63
1 63 64
1 64 65
1 65 66
1 66 67
1 67 69
1 84 85
1 86 87
1 87 88
1 88 89
1 91 92
1 92 93
2 22 98
2 22 97
2 22 77
2 22 1
2 22 99
2 22 102
2 22 100
2 22 42
2 37 77
2 37 100
2 37 97
2 37 98
2 37 100
2 37 99
2 37 102
2 37 1
2 40 81
2 50 98
2 50 97
2 50 77
2 50 102
2 50 100
2 50 1
2 50 100
2 50 99
2 57 69
2 57 53
2 57 53
2 57 53
2 2 98
2 2 97
2 2 99
2 2 100
2 2 77
2 2 100
2 2 102
2 2 1
2 44 82
2 48 42
2 15 42
2 3 42
2 103 6
2 47 42
2 14 42
2 16 97
2 16 77
2 16 99
2 16 100
2 16 102
2 16 1
2 16 98
2 16 100
2 11 82
2 9 82
2 101 96
2 101 93
2 101 95
2 101 91
2 101 94
2 13 5
3 22 78
3 22 39
3 22 27
3 40 41
3 84 85
3 12 54
3 86 89
3 57 65
3 51 20
3 44 54
3 44 83
3 45 80
3 46 79
3 43 54
3 43 83
3 36 20
3 11 54
3 11 83
3 8 54
3 8 83
3 49 21
3 9 54
3 9 83
3 10 54
3 10 83
3 4 54
3 4 83
3 101 90
4 20 38
4 7 22
4 20 19
4 83 18
4 52 22
4 20 17
4 56 22
4 55 22
4 85 22
4 20 18
