105 13 35 27 107 105 13 105 13 19 105 13 109 13 35 107 109
105 13 32 79 79 27 105 11 57 93 108
105 13 32 105 11 27 108
108
13 105 13 27 105 13 79 105 13 105 13 107 105 11 57 105 31 41 14 31 40 14 105 15 108
13 105 13 27 105 13 79 105 13 105 13 107 105 11 57 105 31 15 14 31 40 14 105 41
13 105
93 92 108
93 108
93 92 108
93 108
105 13 32 79 93 51 79 27 19 108 13 105 15 108
108
19 79 19 105
19 79 19 105
106 19 108
93 105 106
106
106
19 19 35 107 44 15 29 105 105
35 29 107 105
19 19 106
108
108
100 27 105
13 100 108
11 84 35 29 107 27 105 105
35 107
105
13 86 108
108
108
11 57 22 105
13 108
13 108
109 11 107
19 106
19 106
29 30 27 105 13 32 35 27 107 20 22 108
27 105 13 105 11 57 108
11 58 15 108 13 20 105 11 20 55 20 53 35 29 107 27 19 105 105
19 107 87 87 15
79 19 105
79 19 105
79 19 105
79 19 105
19 79 19 105
19 79 19 105
79 105
105 13 32 79 93 105
79 19 105
35 27 107 27 108 13 105 27 105 27 27 105 22 105 79 105
19 35 107 105 13 32 21 105 21 105 19 105 105 105 13 35 35 27 107 107 35 107 105 13 57 105 105 13 41 35 105 13 107
13 8 57 27 108
13 57 35 107 35 27 107 105 13 105 13 105 13 108 13 105 35 27 107 105 13 105 13 105 13 108 13 105 57 105
19 16 27 105 11 57 35 27 107 27 105 105 35 107 108 13 27 105 41 27 105 11 57 35 27 107 27 105 105 35 107 108 13 27 105 42 27 105 11 57 35 27 107 27 105 105 35 107 108 13 27 105 42 27 105 11 57 35 27 107 27 105 105 35 107 108 13 27 105 42 27 105 11 58 27 105 11 58 27 105 11 58 27 105 11 57 35 27 107 105 27 105 27 105 35 107 108 13 27 105 42 27 105 11 57 35 27 107 105 27 105 27 105 35 107 108 13 27 105 42 27 105 11 58 27 105 11 58 27 105 11 58 27 105 11 57 35 27 107 27 105 105 35 107 108 13 27 105 42 27 105 11 57 35 27 107 27 105 105 35 107 108 13 27 105 42 19 42 14 105 42 14 105 42 93 105
19 106 108
12 50 62 27 105 11 57 27 105
13 27 105
13 27 105
13 27 105
13 35 107 27 35 107 105 13 105 13 105 108
13 79 27 27 19 105 108 12 35 108
13 29 107 27 105 108 13 105 108
13 20 22 108
13 35 21 107 77 216 84 108
13 105 108
13 108
13 27 105 13 32 20 105 20 105 93 58 79 105
13 27 79 19 105 13 109 11 57 19 109 13 108 12 5 109 35 107 27 27 108
13 108
13 57 27 105 11 57 8 105 13 27 105 13 105 13 27 105 13 108
11 105 13 27 105 13 108
11 105 13 27 105 13 105 13 105 13 108
13 57 27 105
13 27 105
11 57 79 27 105 13 57 94 57 27 35 27 107 105 12 105 13 27 105 13 105 12 105 13 105 13 108 18 79 27 108
13 105 13 105 11 58 19 105 13 21 108 13 27 105 27 105 105
35 27 107 27 105 27 105 27 105 22 105 93 27 108
35 27 107 27 105 27 105 27 105 22 105 27 105 93 105
19 27 105 13 32 105 13 57 105 11 16 2 41
13 93 105 41 14 93 27 108 13 105 105 41 109 41 14 109 40
11 58 93 27 19 108 13 105 41 93 27 19 108 13 105 41 35 107 93 29 105 93 105
19 19 93 58 100 108
13 58 35 27 107 108 13 105 93 105
35 27 107 35 27 107 79 108
13 105 13 27 105 13 79 108
13 105 13 105 13 108 13 27 105 79 108
13 105
11 77 105 93 86 35 107 93 79 19 22 108
15 105 11 57 78 105 12 50 58 94 58 105 8 41 105 12 78 50 62 105 8 41 79 79 21 105 13 41 109
13 109
13 79 19 93 105 78 107
11 35 108 13 108 13 107 27 105 13 105 13 105 79 19 93 105 42 14 105 13 108 41 14 105 13 108 41 14 105 13 108 42 14 105 13 108 42
19 79 27 105 13 32 105 13 57 105 11 16 2 41 14 94 57 27 27 108 105 2 41
79 109
19 19 19 36 27 72 27 72 105 13 27 105 13 105 11 57 27 72 8 18 27 105 13 32 58 27 72 8 41 105 13 105 13 93 52 27 72 8 41 105 13 105 13 93 52 27 72 105 13 72 8 41 8 41
19 19 27 105 13 32 58 2 16 105 13 105 13 93 52 2 41 105 13 105 13 93 52 2 41 2 41
27 105 13 32 58 94 57 27 27 108 27 27 105 13 105 13 105 11 58 19 57 105 13 108 11 57 94 57 27 27 108 108
19 27 105 13 32 105 13 105 13 18 14 94 57 27 27 108 8 41
35 79 79 79 79 27 27 108
19 105 13 27 105 13 105 11 57 8 18 27 105 13 32 105 13 58 8 41 105 11 19 52 8 41 105 13 94 57 27 35 27 107 105 13 105 13 108 58 8 41 27 105 11 58 27 105 11 58 27 105 11 57 27 41 14 105 8 41
105 13 32 108
