29 105 13 100 108
108
13 105
29 105 13 100 27 100 35 107
94 57 94 16 29 30 94 57 94 31 41 14 31 40 29 105 13 27 105 19 101 19 101 31 94 41 14 19 101 41
58 15 32 109
109 13 109 11 57 109 13 105
19 107 87 84 87 35 107 105 11 58 27 105 11 58 27 105 11 58 27 105 11 58 27 105 11 58 27 105 11 57 35 107 105 13 108
35 27 27 108 13 107 79 105
79 105
22 106
41 35 27 107 27 105 105
79 105
21 106
106 105
106 21 105
19 27 108 13 57 21 109 13 35 107 109
35 29 107 27 105 33 57 32 19 105
15 22 105 105
19 35 35 107 27 105 13 105 13 105 13 107 105 13 32 27 105 13 27 19 105 13 79 57 79 35 107 27 105 13 105 13 27 105 13 108
35 79 29 107 79 105
79 108
19 52 27 27 108 108
19 106 91 20 53 27 105
19 79 105
11 57 35 29 107 19 105
13 20 105 11 19 52 27 8 27 105 13 32 105 13 57 93 105 13 51 35 27 107 40 19 105 13 209 105 13 41 105
35 107 105 13 27 105 13 105 13 27 105 13 105 13 27 105 13 86 79 105 79 105 11 58 35 27 107 40 27 35 107 27 105 13 105 13 105 13 108 20 108
13 35 79 79 77 79 79 27 109 13 32 79 79 27 109 13 32 107
79 105 18 14 35 21 105 13 107
79 57 79 105 11 57 79 105 79 57 79 105 11 57 79 105 79 57 79 105 11 57 79 105 79 57 79 105 11 57 79 105 15 14 27 27 108 41
57 105 18 14 27 108 41 9 79 108 13 27 19 109 11 27 35 107 27 105 13 105 13 105 13 108 58 9 79 27 105 13 32 27 27 108 110 13 57 93 105 13 51 27 35 107 27 105 13 105 13 105 13 105 13 108 35 21 107
57 105 41 14 27 108 42 27 27 108 19 27 9 105 13 9 86 9 79 105 9 79 108
105
79 27 105 13 32 19 27 105 13 86 79 105 15
13 105 105 13 19 105 13 105
57 57 105 105 11 27 35 107 27 105 13 105 13 105 13 108 45 35 21 105 13 107
40 14 105 41 105 41 14 40 14 8 8 8 57 57 105 40 14 105 41 105 41 79 27 108
13 105 13 35 107 108
13 105 11 20 52 105 13 19 35 108
11 56 35 29 107 22 105 105
58 57 27 105 13 57 27 19 105
106 21 105
108
13 57 19 105
106 21 105
108
19 35 79 29 107 79 105
27 27 108 107
19 109 13 32 79 77 109 13 32 105
11 79 105 11 57 35 29 107 27 105 105
106 107
79 109 11 58 35 29 107 19 105
21 109 13 8 35 107
35 29 107 79 109 13 32 105
11 27 105 19 105
79 108
19 19 79 79 108
19 106 27 27 108 105
13 27 105 11 84 105
13 27 105 13 32 57 105 13 57 105 13 105 13 57 105 13 105 13 108
11 84 77 52 27 35 107 27 105 13 105 13 27 105 13 105 13 108 19 35 107 105
108
27 108 13 19 105 13 27 108 13 57 27 105 11 58 27 105 11 58 216 105 13 105 58 27 105 13 32 105 13 57 105 13 57 105 11 62 27 105 11 58 216 105 13 105 105 13 35 107 105 13 108
35 27 107 35 27 27 107 105 105 13 19 105
79 27 105 13 32 35 107 77 105 93 105 105 13 35 79 107 35 107
