1 3 4
1 4 5
1 12 13
1 19 20
1 21 22
1 24 25
1 27 28
1 31 32
1 34 35
1 37 38
1 38 39
1 39 40
1 41 42
1 42 43
1 45 46
1 46 47
1 47 48
1 48 49
1 49 50
1 50 51
1 53 54
1 55 56
1 57 58
1 59 60
1 60 61
1 62 63
1 63 64
1 64 65
1 65 66
1 66 67
1 67 68
1 71 72
1 73 74
1 77 78
1 84 85
1 85 86
1 86 87
1 88 89
1 89 90
1 93 94
1 94 95
1 95 96
1 96 97
2 82 100
2 69 99
2 69 100
2 16 99
2 16 100
2 8 99
2 8 100
2 14 99
2 14 100
2 76 99
2 80 100
2 80 99
2 15 99
2 1 99
2 37 44
2 37 99
2 37 100
2 98 99
2 98 100
2 6 7
2 92 91
2 26 99
2 26 100
2 83 100
2 83 99
2 79 100
2 79 99
2 33 100
2 33 99
2 9 99
2 11 99
2 11 100
2 81 100
2 81 99
2 18 99
2 18 100
2 2 99
2 10 99
2 29 99
2 75 99
2 30 100
2 30 99
2 17 36
2 17 36
2 52 36
2 52 36
2 23 36
2 23 36
2 70 36
2 70 36
3 45 51
3 62 68
3 93 97
3 57 58
3 12 13
3 37 40
3 77 78
3 53 54
3 24 25
3 34 35
3 73 74
3 84 87
3 3 5
3 71 72
3 31 32
3 27 28
3 88 90
3 21 22
3 55 56
3 19 20
3 59 61
3 41 43
