1 7 8
1 8 9
1 9 10
1 10 11
1 11 12
1 12 13
1 13 14
1 16 17
1 17 18
1 19 20
1 21 22
1 27 28
1 28 29
1 47 54
1 54 55
1 55 56
1 56 57
1 57 58
1 58 59
1 59 60
1 60 61
1 61 48
1 48 49
1 49 50
1 50 51
1 51 52
1 52 53
1 62 63
1 63 64
1 64 65
1 65 66
1 66 67
1 70 71
1 74 75
1 75 76
1 76 77
1 77 78
1 78 79
1 87 88
1 88 89
1 89 90
1 90 91
1 91 92
1 92 93
1 93 94
1 94 86
1 96 97
1 97 98
2 46 4
2 80 43
2 80 39
2 16 18
2 70 41
2 70 36
2 70 37
2 70 43
2 70 40
2 74 79
2 47 41
2 47 95
2 47 4
2 47 23
2 47 86
2 47 20
2 47 85
2 47 36
2 47 93
2 47 35
2 47 31
2 47 25
2 47 87
2 73 35
2 73 4
2 73 31
2 24 24
2 81 36
2 81 40
2 81 41
2 81 37
2 62 86
2 62 23
2 62 93
2 62 87
2 62 20
2 62 85
2 62 95
2 62 25
2 62 35
2 69 4
2 69 31
2 7 14
2 6 43
2 44 31
2 44 4
2 1 22
2 1 31
2 1 86
2 1 43
2 1 87
2 1 23
2 1 93
2 1 35
2 1 85
2 1 25
2 1 4
2 1 95
2 1 20
2 96 98
2 96 20
2 5 31
2 5 4
2 3 82
2 3 82
2 72 86
2 72 4
2 72 22
2 72 25
2 72 20
2 72 35
2 72 85
2 72 93
2 72 95
2 72 87
2 72 31
2 72 23
2 15 4
2 15 31
2 26 35
2 84 4
2 84 31
3 46 33
3 46 34
3 46 32
3 70 71
3 47 53
3 73 33
3 73 34
3 73 32
3 73 42
3 73 35
3 73 45
3 62 64
3 30 33
3 30 34
3 30 32
3 68 33
3 68 34
3 68 32
3 69 33
3 69 34
3 69 32
3 7 33
3 7 34
3 7 32
3 7 14
3 2 33
3 2 34
3 2 32
3 44 33
3 44 34
3 44 32
3 99 33
3 99 34
3 99 32
3 83 33
3 83 34
3 83 32
3 1 33
3 1 34
3 1 32
3 1 42
3 1 35
3 1 21
3 1 38
3 96 19
3 5 33
3 5 34
3 5 32
3 72 33
3 72 34
3 72 32
3 72 42
3 72 35
3 72 21
3 72 38
3 15 33
3 15 34
3 15 32
3 26 35
3 84 33
3 84 34
3 84 32
3 27 29
4 67 47
4 29 47
