1 3 8
1 8 9
1 9 10
1 10 11
1 11 12
1 12 13
1 13 14
1 14 15
1 15 4
1 4 5
1 5 6
1 6 7
1 19 21
1 21 22
1 22 23
1 23 24
1 34 35
1 35 36
1 38 39
1 39 40
1 40 41
1 41 42
1 42 43
1 43 44
1 45 46
1 46 47
1 48 49
1 49 50
1 50 51
1 51 52
1 52 53
1 53 54
1 55 56
1 56 57
2 3 27
2 55 56
2 28 17
2 28 26
2 58 59
2 38 60
2 19 19
2 19 33
2 19 20
2 19 24
2 34 35
2 34 33
2 34 36
2 25 30
2 25 31
2 18 26
3 3 7
3 48 54
3 55 57
3 28 1
3 38 44
3 45 47
3 25 16
3 25 32
3 25 31
3 37 29
3 37 16
3 18 1
5 7 2
