1 13 14
1 14 15
1 15 16
1 17 18
1 21 22
1 23 34
1 34 38
1 38 39
1 39 40
1 40 41
1 41 42
1 42 43
1 43 44
1 44 24
1 24 25
1 25 26
1 26 27
1 27 28
1 28 29
1 29 30
1 30 31
1 31 32
1 32 33
1 33 35
1 35 36
1 36 37
1 46 47
1 50 51
1 51 52
2 12 54
2 12 54
2 12 54
2 12 54
2 10 19
2 13 16
2 13 16
2 9 18
2 9 7
2 9 17
2 3 18
2 3 7
2 3 17
2 1 18
2 1 7
2 1 17
2 5 18
2 5 7
2 5 17
2 11 18
2 11 17
2 11 7
2 2 18
2 2 17
2 2 7
2 49 18
2 49 46
2 49 47
2 49 20
2 49 17
2 49 45
2 49 47
2 49 7
2 48 48
2 48 48
2 21 46
2 21 54
2 21 17
2 21 54
2 21 18
2 21 20
2 21 45
2 21 54
2 21 54
2 21 7
2 21 47
2 21 22
2 21 47
2 23 18
2 23 17
2 23 46
2 23 7
2 23 37
2 23 45
2 23 47
2 23 20
2 23 47
2 53 47
2 53 46
2 53 18
2 53 45
2 53 47
2 53 17
2 53 7
2 53 20
2 50 51
2 50 52
2 8 17
2 8 18
2 8 7
3 4 6
