77 20 52 105
19 19 93 27 109 11 57 93 27 109 11 21 105
19 91 58 105
27 107
19 105
86 91 20 53 19 36 19 27 72 20 108 15 79 105 11 58 35 27 107 79 105 13 105 13 35 27 108 13 107 105
79 105 11 58 21 105
91 58 77 57 19 105
91 19 51 20 105
91 58 107
21 21 19 19 77 20 52 91 19 51 91 58 19 98 105
26 19 19 106 27 27 108 86 27 105
19 106 98 79 57 79 105
19 86 91 52 79 57 105
80 57 79 105
19 87 91 58 79 57 79 105 77 58 79 105 27 27 108 19 108 15
13 32 79 105 79 105 13 109 11 62 21 105
13 105 27 27 109 13 109 11 58 15 109 13 32 105 13 105 13 57 57 105 11 53 105 11 20 52 27 105 11 58 27 105 11 58 27 105 11 57 93 109 11 57 93 27 109 13 79 35 35 108 13 107 27 105 13 105 13 105 13 105 13 107
13 105 79 105 15
79 19 105 13 35 107 77 52 27 108 13 105 77 58 27 105 13 105 105 79 105 79 19 105 13 77 52 27 108 13 105 77 58 27 105 13 105 105 79 105 19 107
19 19 21 19 19 79 27 86 79 27 86 79 108
13 105 13 57 105 13 93 52 105 11 52 79 79 105
19 19 20 19 19 79 21 105
79 20 105
93 93 109 11 57 35 27 107 93 93 27 109 13 105 13 27 105 13 27 105 13 105 13 105 42 35 27 107 93 105 13 27 105 13 105 13 105 42 79 20 108
91 58 79 108
11 51 79 108
11 51 79 108
11 51 79 105
79 105
93 93 109 11 57 35 27 107 93 93 27 109 13 105 13 27 105 13 105 13 105 42 79 108
11 51 79 108
11 51 79 108
13 32 93 109 13 77 44 15 27 35 27 107 77 105 13 105 13 108 77 44 41 79 20 108
11 51 79 105
41 35 27 107 93 105 13 27 105 13 105 13 105 42 91 58 79 108
13 105 11 58 91 58 79 108
91 58 79 108
11 51 79 108
11 51 79 108
11 51 79 105
79 105
27 105 27 100 41 93 93 109 11 57 35 27 107 93 93 27 109 13 105 13 27 105 13 27 105 13 105 13 105 93 100 91 52 79 93 108
11 98 91 19 52 98 101 98 98 42 35 27 107 93 105 13 27 105 13 105 13 105 41 79 20 108
13 105 13 86 15 14 41
13 105 11 57 79 108
13 105 79 77 58 79 105 79 77 19 52 35 79 77 107 86 79 30 79 19 108
21 19 19 105 13 27 105 11 57 27 105 13 32 105 11 20 51 105 13 57 105 11 53 27 105 11 58 27 105 11 58 27 105 11 57 2 2 79 79 105 11 53 58 79 79 35 35 105 13 108 13 107 27 105 13 105 13 105 13 105 13 107
21 21 21 19 19 91 58 8 32 105 13 109 13 105 11 209 105 13 93 105 11 57 79 105
19 79 108
13 105 11 58 79 19 84 79 108
13 105 79 108
19 79 79 105 13 79 77 52 109 11 19 53 108
79 27 105 13 32 57 105 13 86 79 105 11 84 79 105 13 86 79 105 13 86 79 105 13 86 105 13 77 108
