106 105
19 27 108 13 57 29 27 105 13 35 19 105 13 105 13 107 21 109 13 109
105 105 13 105 105 15 36 72 105 13 41 35 107 21 105 13 105 13 105 13 105 13 27 105 13 32 105 13 105 41
19 27 108 13 57 35 29 107 27 105 33 57 32 19 105
79 108
106 108
13 109 11 58 35 29 107 105
21 109 13 8 35 107
19 79 105
27 105 13 32 105 13 57 93 105 13 51 35 27 107 40 27 105 13 86 79 105 79 105 11 58 35 27 107 40 19 108 13 93 105 105 11 105 19 105 13 108 13 27 108 13 18
79 57 79 105 11 57 79 105 15
79 57 79 105 11 57 79 105 79 57 79 105 11 57 79 105 79 57 79 105 11 57 79 105 79 57 79 105 11 57 79 105 15
57 105 18 14 27 108 41 79 108 13 27 19 109 11 27 35 27 107 105 13 105 13 108 58 79 27 105 13 32 27 27 108 105 13 57 93 105 13 51 27 35 27 107 105 13 105 13 105 13 108 35 21 107
57 105 41 14 27 108 41 27 27 108 19 27 105 13 86 79 105 79 108
105
79 27 105 13 32 19 27 105 13 86 79 105 15
79 109
27 27 108 79 109
79 57 79 79 105 79 79 105 79 79 105 79 105 15
27 27 108 107
79 27 105 13 32 19 27 105 13 86 79 105 79 27 105 13 32 86 106 15
106 21 105
105
13 27 105 13 32 86 108
13 57 19 105
108
19 19 105 13 33 57 8 32 57 105 13 21 105 13 27 108 13 105 35 79 108
19 79 108
11 58 79 105
13 109 11 62 79 21 108
16 35 79 29 107 79 105
106 108
13 109 11 58 35 29 107 19 105
21 109 13 8 35 107
19 79 108
19 19 105 13 79 108
108
27 108 13 19 27 105 13 32 105 13 57 27 105 11 58 216 105 13 105 105 13 27 108 13 57 27 105 11 58 27 105 11 58 216 105 13 105 58 27 105 13 32 105 13 57 105 13 57 105 11 62 27 105 11 58 216 105 13 105 105 13 35 108 13 107 108
35 27 107 35 27 27 107 105 105 13 19 105
79 27 105 13 32 35 107 77 105 93 105 105 13 35 79 107 35 107
