1 4 5
1 13 14
1 19 20
1 27 28
1 30 31
1 36 37
1 37 38
1 38 39
1 39 40
1 40 41
1 41 42
1 42 43
1 43 44
1 44 45
1 45 46
1 46 47
1 47 48
1 48 49
1 49 50
1 50 51
1 51 52
1 52 53
1 53 54
1 54 55
1 55 56
1 56 57
1 57 58
1 58 59
1 59 60
1 60 61
1 61 62
1 62 63
1 63 64
1 78 79
2 2 16
2 89 85
2 72 73
2 69 73
2 1 24
2 1 26
2 1 6
2 68 73
2 70 73
2 86 36
2 86 64
2 86 6
2 86 26
2 86 23
2 86 24
2 29 16
2 29 17
2 32 24
2 32 31
2 32 30
2 32 31
2 71 73
2 80 33
2 15 33
2 10 33
2 7 33
2 3 33
2 9 33
2 65 33
2 77 33
2 81 33
2 35 33
2 67 33
2 75 33
2 66 33
2 82 33
2 22 24
2 22 21
2 22 25
2 22 26
2 22 20
2 22 19
2 34 33
2 74 33
2 18 33
2 11 33
2 8 33
2 12 33
2 83 33
2 76 33
3 27 28
3 29 13
3 4 5
3 78 79
4 14 1
4 87 86
4 88 84
