1 10 11
1 11 12
1 12 13
1 14 15
1 15 16
1 16 17
1 17 18
1 18 19
1 19 20
1 20 21
1 21 22
1 22 23
1 23 24
1 24 25
1 25 26
1 26 27
1 27 28
1 28 29
1 29 30
1 30 31
1 31 32
1 32 33
1 33 34
1 34 35
1 35 36
1 36 37
1 38 39
1 51 52
1 59 60
2 3 58
2 3 57
2 8 58
2 8 40
2 6 58
2 6 40
2 7 58
2 7 40
2 47 42
2 61 60
2 61 59
2 61 60
2 61 58
2 1 42
2 50 58
2 50 48
2 50 49
2 10 13
2 10 9
2 10 58
2 41 14
2 41 37
2 41 58
2 41 54
2 41 40
2 41 55
2 46 45
2 46 58
2 46 40
2 46 44
2 46 43
2 2 42
3 3 53
3 6 5
3 38 39
3 47 4
3 1 4
3 41 56
3 41 55
3 2 4
3 51 52
4 4 6
