1 1 2
1 22 23
1 23 24
1 24 25
1 25 26
1 30 31
1 52 53
1 79 80
1 80 81
1 81 82
1 99 100
1 100 101
1 101 102
1 102 103
1 103 104
1 104 105
1 113 114
1 114 115
1 115 116
1 116 117
1 117 118
1 118 119
1 140 141
1 141 142
1 142 143
1 143 144
1 144 145
1 152 153
1 153 154
1 154 155
1 155 156
1 156 157
1 162 163
1 163 164
1 164 165
1 165 166
1 166 167
1 168 176
1 176 177
1 177 178
1 178 179
1 179 180
1 180 181
1 181 182
1 182 183
1 183 169
1 169 170
1 170 171
1 171 172
1 172 173
1 173 174
1 174 175
1 194 196
1 196 197
1 197 198
1 198 199
1 199 200
1 200 201
1 201 202
1 202 203
1 203 195
2 110 106
2 79 90
2 79 98
2 79 59
2 220 6
2 126 122
2 126 185
2 126 119
2 126 113
2 108 65
2 108 65
2 125 121
2 16 16
2 16 18
2 16 18
2 109 109
2 223 8
2 223 14
2 223 13
2 223 10
2 223 15
2 223 9
2 223 7
2 223 78
2 223 12
2 223 217
2 223 222
2 223 213
2 223 231
2 223 11
2 111 105
2 111 99
2 204 193
2 49 32
2 49 37
2 49 34
2 49 38
2 49 50
2 49 33
2 49 46
2 49 29
2 49 43
2 49 35
2 49 35
2 49 33
2 49 48
2 49 36
2 49 44
2 49 33
2 49 51
2 49 31
2 49 39
2 49 42
2 49 30
2 49 40
2 49 47
2 49 45
2 124 121
2 162 167
2 168 175
2 194 195
2 186 121
2 94 98
2 94 59
2 206 59
2 206 90
2 206 98
2 190 193
2 190 188
2 190 187
2 190 189
2 92 98
2 92 59
2 92 90
2 75 71
2 75 76
2 75 134
2 75 70
2 75 69
2 75 136
2 75 161
2 75 73
2 66 70
2 66 59
2 66 73
2 66 69
2 66 64
2 66 72
2 66 68
2 22 26
2 22 26
2 22 26
2 227 37
2 227 42
2 227 38
2 227 32
2 227 43
2 227 31
2 227 36
2 227 34
2 227 33
2 227 40
2 227 50
2 227 46
2 227 33
2 227 51
2 227 39
2 227 47
2 227 35
2 227 35
2 227 30
2 227 33
2 227 45
2 227 44
2 227 48
2 227 29
2 212 213
2 160 65
2 160 65
2 160 130
2 158 140
2 158 145
2 158 149
2 158 147
2 158 146
2 74 70
2 74 161
2 74 73
2 74 69
2 74 134
2 74 76
2 74 71
2 74 136
2 230 225
2 230 215
2 230 228
2 230 214
2 230 215
2 230 215
2 230 216
2 208 213
2 85 134
2 85 67
2 85 131
2 85 139
2 85 137
2 85 136
2 85 135
2 205 93
2 205 59
2 205 98
2 27 17
2 27 19
2 27 19
2 54 52
2 232 209
2 232 210
2 232 213
2 132 136
2 41 33
2 41 44
2 41 45
2 41 30
2 41 34
2 41 36
2 41 37
2 41 35
2 41 32
2 41 33
2 41 40
2 41 33
2 41 51
2 41 31
2 41 48
2 41 43
2 41 35
2 41 38
2 41 47
2 41 46
2 41 42
2 41 39
2 41 50
2 41 29
2 226 33
2 226 43
2 226 51
2 226 37
2 226 33
2 226 38
2 226 46
2 226 50
2 226 34
2 226 35
2 226 33
2 226 35
2 226 39
2 226 30
2 226 32
2 226 29
2 226 36
2 226 40
2 226 44
2 226 47
2 226 42
2 226 48
2 226 45
2 226 31
2 133 161
2 133 136
2 133 134
2 55 91
2 55 69
2 55 68
2 55 73
2 55 56
2 55 70
2 211 213
2 77 70
2 77 69
2 77 134
2 77 73
2 77 76
2 77 161
2 77 71
2 77 136
2 28 19
2 28 17
2 28 21
2 28 19
2 96 97
2 3 4
2 3 5
2 127 119
2 127 113
2 151 147
2 151 146
2 112 99
2 112 105
2 152 157
2 138 134
2 138 137
2 138 136
3 221 219
3 79 82
3 123 128
3 223 218
3 223 229
3 184 128
3 206 63
3 206 61
3 206 90
3 206 207
3 206 62
3 206 83
3 129 120
3 129 62
3 129 90
3 129 159
3 150 148
3 107 62
3 107 90
3 107 159
3 190 62
3 190 90
3 190 159
3 190 192
3 95 63
3 95 61
3 95 90
3 95 207
3 95 62
3 95 83
3 224 229
3 92 63
3 92 61
3 92 90
3 92 207
3 92 62
3 92 83
3 87 86
3 89 86
3 58 57
3 27 20
3 54 53
3 88 86
3 28 20
3 1 2
3 191 62
3 191 90
3 191 159
4 83 84
4 60 223
