79 105
219 57 209 79 79 57 59 79 79 105 11 53 27 35 107 27 105 13 108 13 105 13 105 13 108 15 79 79 105 13 32 58 27 35 107 27 105 13 108 13 105 13 105 13 108 41 21 174 105
19 19 19 19 27 105 11 58 106 13 18 27 109 13 93 105 13 58 105 13 105 11 19 105 13 105 108
13 32 58 105 13 105 13 93 105
13 32 58 105 13 105 13 93 105
13 58 19 31 18 27 105 13 32 19 35 107 27 105 13 105 13 105 13 105 13 105 13 19 105 24 105 93 105 31 8 41 14 31 40
57 105 209 2 41 14 8 57 105 57 105 41 14 41 14 57 105 57 105 41 14 41 14 105 41 14 57 105 40 14 31 40 14 41 14 41 14 8 8 8 41 14 8 8 8 41 14 41
13 105 11 57 78 78 181 85 109 209 78 121 180 125 77 122 21 193 47 60 94 57 27 19 36 108 13 72 78 149 108 13 72 108 12 181 108 13 72 108
35 107 40 14 105 11 58 27 19 36 19 105 13 72 108
13 105 11 107
79 109
105 13 105
13 105 35 105 13 107 105 105 15 27 105 41 27 105 41 27 105 108
105 13 32 18
13 105 35 105 13 107 105 105 15
27 27 108 105 13 35 27 107 19 105
13 35 107 27 35 107 27 105 13 105 13 27 105 13 105 13 108 105 11 57 105 15 14 27 35 107 27 105 13 105 13 27 105 13 105 13 108 41
13 35 107 105 13 32 27 105 105 13 34 27 35 107 105 13 27 105 13 105 13 105 27 27 105 20 105 19 105 35 105 13 107 105 57 105 105 11 20 52 108
19 19 105 13 32 105 13 32 27 105 105 13 34 27 35 107 105 13 27 105 13 105 13 105 27 27 105 20 105 19 105 35 105 13 107 105 57 105 105 11 108
11 57 35 27 107 27 105 27 105 27 105 27 27 105 27 35 108 11 107 105 27 105 27 27 105 105
27 105 13 32 19 105 13 105 11 57 27 18 19 105 13 57 105 11 57 27 41 27 41
19 79 57 79 105 11 58 15 93 105 79 105 13 32 58 93 105 57 105 41 108
13 108
13 27 57 35 107 27 105 13 105 13 105 13 35 107 27 105 13 105 13 105 13 105 13 27 105 13 79 105 13 27 105 13 108
13 105 13 108
11 57 27 35 107 27 105 13 105 13 105 13 105 13 108 35 105 13 107 105 13 32 27 105 20 105 27 27 105 105 105 11 20 52 35 107 35 105 13 107 35 107 105 13 57 105 13 20 105 41 14 8 57 105 57 105 40 14 108
19 108
79 79 79 79 79 108
19 27 105 13 35 107 105 13 32 105 11 20 51 20 52 27 105 13 105 11 58 77 20 56 57 105 8 18 77 209 84 107
19 35 107 105 13 32 21 105 21 105 57 107
13 32 57 105 11 44 27 108 13 108 57 105 57 105 18 105 13 107
19 19 27 105 13 32 58 2 16 19 105 13 57 105 13 93 51 93 52 2 41 14 19 105 13 57 105 13 93 51 93 52 2 41 14 2 41
13 35 107 105 13 32 21 105 21 105 27 105 19 105 27 34 108 13 105 105 13 105 105 105 13 35 35 107 107 27 27 2 105 13 57 35 107 105 13 105 13 105 13 35 107 105 13 27 105 13 105 13 209 19 56 8 108
19 58 16 19 27 105 13 32 105 13 57 105 11 57 105 11 105 11 52 108
19 58 16 27 105 13 32 19 105 13 58 2 105 11 57 57 19 41 105 11 41 14 41
19 58 16 27 105 13 32 105 13 57 105 11 57 19 2 41 14 2 41 2 41
13 41 20 105 11 19 51 19 105 13 209 105 11 209 105 13 108 12 80 58 65 105 41 14 105 41 14 105 5 41 78 50 62 108
13 41 20 105 11 19 51 19 105 13 209 105 11 209 105 13 108 12 80 58 65 105 41 14 105 41 14 105 5 41 78 50 62 108
79 57 35 107 86 79 27 105 79 79 79 105
13 105 13 109 11 57 109 13 32 35 107 105 11 57 105 11 57 105 41 110
79 30 79 105 11 58 94 57 27 27 108 19 108 13 86 35 107
13 105 11 57 57 105 41 14 105 41 14 8 41 105 8 105 13 35 107 8 20 36 105 11 62 19 105 41 14 8 57 105 2 41 108
13 58 18 105 11 57 105 11 57 105 105 105 11 57 8 41 105 41 8 41
13 58 18 105 11 57 105 11 57 105 105 105 11 57 8 41 105 41 8 41
35 107 105 11 57 105 11 57 105 19 16 19 41
105 13 35 107 105 15 14 105 41
19 57 105 11 61 16 35 107 105 11 57 105 11 57 105 13 57 2 2 34 54 93 105 11 57 35 35 107 105 13 65 105 13 105 13 107 105 11 57 105 105 11 57 35 107 105 13 96 105 13 65 105 13 105 13 108
109
79 105
11 57 105 35 107 27 105 13 105 13 105 13 105 13 108
19 19 57 109 13 2 109 11 57 109 13 32 105 11 57 209 2 41 2 16 109 11 52 2 41 2 41
86 35 107 27 105 79 105 13 79 105
35 107 27 105 79 58 79 19 19 108
79 108
108
100 93 105
35 27 107 27 105 19 105
19 108
79 30 79 58 79 105 13 86 31 79 18 14 31 40 14 41
19 33 58 22 105 105
19 16 35 27 108 13 107 108
108 11 58 35 27 108 13 107 108
13 105 13 19 105 13 57 108
19 19 27 105 13 32 58 2 16 19 105 13 58 2 41 14 2 41 105 13 93 51 93 52 2 41 2 41
19 58 16 27 105 13 32 105 13 58 2 105 11 57 57 19 41 105 11 41
91 20 53 79 93 79 105 15 79 79 105 41 14 41
57 105 11 57 105 11 57 15 105 13 57 34 19 54 65 108 12 105 12 181 50 62 105 209 41
13 86 105 13 108
13 57 19 105 27 105 35 105 13 107 105 105 15 27 105 41 27 105 41 27 105 108
19 105 13 32 105 105
13 105 11 20 52 35 107 19 209 105 13 57 105 13 105 2 41 105 13 105 13 108
13 105 13 108
13 57 19 105 35 105 13 107 105 105 15
79 108
79 108
15 78 41 27 79 105 11 58 79 105 79 105 11 58 79 105 35 107 79 105 13 105 13 93 105 13 108 12 105 13 105 13 35 107 35 107 35 107 108
79 108
19 19 93 105 13 32 19 58 79 105 13 57 35 107 105 13 105 13 105 13 105 13 29 105 13 79 57 57 79 109
106 19 105
105
13 105
13 108
19 35 29 107 58 101 22 105 105
19 106 93 27 108
79 79 108
13 109
23 19 19 23 19 79 108
19 79 79 108
79 19 79 108
35 27 108 13 107 105 13 22 105
100 93 105
79 105 79 79 108
11 58 35 107 86 79 58 15 35 108 13 107
77 44 15 79 19 108
79 108
108
13 41 14 35 105 13 107 105 13 105 13 105 41
13 58 18 19 105
19 87 79 57 93 58 15 80 57 79 105
79 79 105
79 79 105
13 108
13 105
79 105
79 20 105
79 105
19 19 105 11 91 52 108
106 91 105
19 106 79 57 79 105
106 93 57 93 105
106 105
79 57 86 19 87 80 57 105
15 79 105
79 79 105
79 79 105
13 108
13 105
79 105
79 20 105
57 58 19 16 100 35 29 107 22 105 105
79 105
79 57 79 57 80 58 79 105
19 106 27 27 108
19 19 52 105
106 27 27 108
106 27 27 108
79 51 19 87 86 79 57 80 57 27 27 108
19 57 58 19 16 100 57 35 107 100 57 35 107 100 35 29 107 22 105 105
105 11 91 52 93 105
19 93 57 93 18 93 57 93 105 13 105 13 35 107 105 13 93 105 13 27 105 13 105 13 35 107 105 11 57 105 11 57 105 11 58 105 11 57 100 8 41
58 19 16 35 35 107 105 13 105 13 93 105 13 27 105 13 105 13 107 105 11 57 105 11 58 19 41 19 19 24 108
108
19 108
105 11 57 105 11 58 35 107 40 15
23 50 61 35 27 107 40 61 35 27 107 40 35 27 107 105 11 57 35 27 107 105 11 57 105 35 8 2 2 5 112
13 105 11 57 105 11 58 35 35 107 27 105 13 105 13 105 13 107 40 14 31 40 77 209 84 79 35 107 27 105 13 105 13 20 105 13 105 13 105 79 105 107
79 105 35 35 35 79 19 107 93 107 107 86 31 15
105
105 11 58 35 35 107 27 105 13 105 13 105 13 107 40 209 41 15
11 58 79 105
57 80 58 79 105
11 58 19 87 79 93 77 77 105
79 77 105
79 57 79 20 105 107
15 79 105
79 79 20 105
15 87 79 57 87 80 57 79 105
79 105
79 57 79 105
19 105 11 105
79 57 86 19 87 80 57 107
79 108
13 79 108
13 105
11 105
79 108
13 105
20 19 77 19 52 79 105
11 57 27 27 105 105
23 79 108 11 57 79 93 107
79 105 15 79 79 93 108
79 108
13 108
13 105
11 105
79 108
13 105
79 79 108
13 105
11 105
27 35 107 27 105 13 108
13 105
11 105 13 105 13 108
79 108
13 105
13 105
11 108
27 35 107 27 105 13 79 108
11 105 13 105 13 108
79 108
13 79 108
11 105 79 108
13 108
19 108
100 35 107 27 105 27 105 27 105 27 105 105 13 93 105
93 109 13 109 11 57 109 13 32 57 105 13 32 57 105 13 27 105 11 57 109
19 84 79 79 20 105
11 57 80 57 79 57 79 57 77 51 77 51 79 105
19 19 87 77 51 77 19 52 15 79 57 79 105
19 19 105 11 91 52 79 105
107
79 105
79 57 79 105
19 79 105 11 108
105 79 84 79 108
79 108
13 105
11 57 79 108
11 105 77 79 108
11 53 15 79 108
11 105 41 79 79 108
13 105
11 57 19 19 108
19 79 108
79 79 108
79 57 79 109
35 29 107 27 105 22 105 105
79 108
11 35 107 105 57 108
35 107 105 11 57 105 18 105 11 58 105 41
79 108
79 108
19 16 108 13 86 41 14 105 19 41
11 57 105 18 14 105 41 105 105 2 8 58 57 105 11 57 105 41 14 105 2 8 41 14 8 8 105 105 2 8 41 14 105 2 8 41 14 8 8 105 40 14 105 41 14 41 14 8 41 14 41 8 41
19 19 35 107 105 13 32 27 27 105 105 105 13 105 11 108
35 107 105 11 57 105 105 18
13 27 35 107 27 105 13 105 13 105 13 108 57 35 107 105 13 105 13 105 13 35 107 105 11 57 105 11 57 105 105 105 11 57 105 11 57 18 19 41
13 22 108
13 22 108
35 29 107 57 19 2 93 109 11 54 93 109 13 32 108 11 58 105 13 105 209 2 41 105 13 105 108
108
13 32 105 13 57 105 11 57 19 16 19 41
19 19 106
19 27 19 36 19 27 72 27 72 108
105 11 57 57 105 15 105 11 57 105 13 57 34 58 57 105 41 34 19 54 65 108
79 80 79 79 108
79 108
13 107 57 105 105 13 34 57 19 34 54 105 13 65 105 13 105 11 58 65 105 209 41 105 13 108
19 35 27 107 27 35 79 29 107 105 79 19 105
79 105 13 57 79 105 13 32 105 13 79 79 108
105
108
