1 5 6
1 15 16
1 16 17
1 17 18
1 18 19
1 35 41
1 41 42
1 42 43
1 43 44
1 44 45
1 45 46
1 46 47
1 47 48
1 48 36
1 36 37
1 37 38
1 38 39
1 39 40
1 53 54
1 54 55
1 62 63
1 68 69
1 78 79
1 82 83
1 83 84
1 85 86
1 86 87
1 87 88
1 88 89
1 89 90
1 92 93
1 93 94
1 94 95
1 95 96
2 98 87
2 98 96
2 98 90
2 98 85
2 98 78
2 98 79
2 98 99
2 98 91
2 97 91
2 97 90
2 97 87
2 97 78
2 97 99
2 97 79
2 97 85
2 97 96
2 71 70
2 81 96
2 81 81
2 81 99
2 81 87
2 81 81
2 81 91
2 81 85
2 81 90
2 59 59
2 59 59
2 80 96
2 80 90
2 80 87
2 80 91
2 80 85
2 80 99
2 82 87
2 82 90
2 82 91
2 82 85
2 82 99
2 82 96
2 82 84
2 60 60
2 1 4
2 64 66
2 61 61
2 3 4
2 2 55
2 2 55
2 2 52
2 2 58
2 2 51
2 2 53
2 2 58
2 2 57
2 2 50
2 2 56
2 35 51
2 49 30
2 49 51
2 49 20
2 8 51
2 8 56
2 8 50
2 8 30
2 8 58
2 8 55
2 8 20
2 8 58
2 8 53
2 8 55
2 8 57
2 8 52
3 73 72
3 74 75
3 77 103
3 68 69
3 62 63
3 29 26
3 29 27
3 29 12
3 29 31
3 76 104
3 65 67
3 33 27
3 33 12
3 33 28
3 22 27
3 22 12
3 102 92
3 5 6
3 100 92
3 34 12
3 23 12
3 23 11
3 14 27
3 32 27
3 32 12
3 13 12
3 13 10
3 21 25
3 101 92
3 9 25
3 9 12
3 15 19
3 24 25
3 35 28
3 35 40
3 49 27
3 49 7
3 8 12
3 8 11
3 8 26
