79 80 57 35 107
19 108
79 108
35 107 105 13 20 105 105 13 105 18
79 108
11 58 27 35 27 107 79 105 13 105 13 108 15 35 107 27 105 79 108 13 105 79 79 105
41 19 52 35 79 107
19 19 19 106 87 105
19 19 52 79 105 13 33 57 79 105 13 32 105
35 107 27 27 105 19 105
57 35 107 27 105 27 105 27 105 27 105 27 27 105 19 105
35 107 27 105 27 105 19 105
79 52 108
77 58 79 105
19 22 19 22 105 11 79 79 58 142 51 15 142 52 137 79 79 57 108
13 105
11 52 93 27 79 108
13 105 13 105 108
13 35 93 107 105
13 105 35 107 105 13 27 105 13 105 13 105 13 105 13 105 105 105 35 107 86 79 27 108
79 52 108
19 79 52 107
108
79 52 108
13 35 93 107 105
13 35 35 107 93 105 13 105 13 105 13 107 105
13 35 93 107 105
13 35 35 107 93 105 13 105 13 105 13 107 105
27 105 11 57 79 79 108
11 52 79 105 35 107 86 79 35 107
13 35 93 107 105
20 20 19 19 79 51 79 52 35 108
22 22 22 19 79 52 35 108
79 52 93 57 93 105 11 58 27 100 108
19 19 19 108
13 105
11 52 108
41 93 27 105
108
41 93 105 11 57 79 108
105 13 93 105 11 57 108
13 105
11 52 108
15 93 27 105
108
41 93 105 11 57 19 108
27 105 13 57 27 105 13 108
41 93 105 11 57 108
19 105 13 93 105 11 51 93 105 11 105 13 108 11 108
79 79 105
86 79 79 105
79 79 105
13 27 105 13 32 105 13 58 108
13 105
13 27 105 13 32 105 13 105 13 108
13 105 13 19 9 105 13 35 9 107 9 108 19 3 114 11 3 54 9 3 109 13 32 79 9 9 105 11 57 9 105 13 105 13 58 8 27 105 11 57 27 8 8 8 8 8 8 8 8 8 8 8 35 112 27 110 13 9 105 13 27 9 105 13 27 9 105 13 27 9 105 13 27 9 105 13 105 13 27 105 13 27 105 13 105 13 27 105 13 27 105 13 27 105 13 105 13 27 105 13 27 105 13 105 13 27 105 13 27 105 13 105 13 27 105 13 27 105 13 105 13 27 105 13 27 105 13 105 13 27 105 13 27 105 13 105 13 27 105 13 27 105 13 27 105 13 27 105 13 27 105 13 105 13 27 105 13 27 105 13 27 105 13 105 13 27 105 13 27 105 13 105 13 27 105 13 27 105 13 105 13 27 105 13 27 105 13 27 105 13 105 13 27 105 13 105 13 108
13 27 9 105 13 32 105 11 27 27 20 3 3 52 27 27 105 13 27 27 113 13 58 108
13 27 9 105 13 32 105 13 105 13 27 27 113 13 27 27 27 113 13 27 9 108 13 93 108 13 93 27 27 9 105 13 27 27 9 108 13 93 27 9 108 13 108
27 35 27 107 105 13 27 105 13 105 13 27 105 13 105 13 108 79 105 79 105 79 35 27 107 79 105 13 27 105 13 91 105 13 27 105 13 105 13 27 105 13 105 13 105
79 105 80 58 79 105 91 107
19 19 87 35 19 107 105 11 84 108 13 105 13 86 80 58 87 15 105 13 35 35 105 13 107 20 107 35 105 13 107 105 13 27 80 57 57 27 105 11 57 27 105 13 34 19 52 19 65 19 105 13 79 105 11 57 30 80 58 31 80 57 80 57 27 105 105 105 105 41 14 105 41 23 105 41 14 41 14 31 40 27 105
79 79 105
11 58 27 105 11 57 35 27 107 108 13 105 79 105
79 79 58 79 105
79 79 19 19 19 105
35 107 86 79 20 105 79 35 22 107 105 79 35 107
35 27 107 108 13 105 105
93 27 19 36 19 108 13 72 108
106
13 105 13 105 13 105 13 32 105 105 15
105 13 27 105 11 57 107
13 27 107 27 35 27 107 105 13 105 21 108 13 27 105 105
19 19 100 106
106 105
13 105 21 108 13 27 105 19 105
79 79 32 79 105
79 79 32 79 105
79 57 77 91 51 77 91 52 79 105 91 107
79 105 19 86 15
77 91 51 91 107
105 105 91 107
105 107
11 84 80 58 105
11 91 52 105 91 107
19 79 57 77 91 51 77 91 51 77 91 52 79 57 77 91 52 79 105 35 107 86 79 105 105
11 57 79 105 79 19 105 91 107
79 105 79 105 19 16 79 105 41 14 105 79 105 91 107
2 41 35 107 86 79 105 41 27 105 11 57 20 105 13 79 105 13 105 13 79 105 13 105 12 105 12 110 91 107
79 105 79 105 107
11 84 41 79 35 27 107 105 13 105 13 105 41 77 91 51 77 91 52 79 105 91 107
77 91 51 77 91 52 79 105 91 84 19 16 19 41
19 35 29 107 108
13 35 21 108 12 107 77 216 84 105
13 32 105
13 105
13 105 79 19 105 15
106 27 105
106 79 105
91 19 56 8 18 27 105 11 57 35 107 105 13 32 19 105 27 105 13 57 8 8 41 14 41
79 108
79 108
79 108
79 58 35 29 107 105
13 19 8 112
