1 17 18
1 22 23
1 23 24
1 24 25
1 26 27
1 27 28
1 28 29
1 29 30
1 33 34
1 36 37
1 39 40
1 40 41
1 41 42
1 42 43
1 43 44
1 44 45
1 59 60
1 61 62
1 63 64
1 65 66
1 69 70
1 70 71
1 71 72
1 72 73
1 73 74
2 53 87
2 53 87
2 53 85
2 57 85
2 57 87
2 57 87
2 67 85
2 67 87
2 67 87
2 31 87
2 31 85
2 31 87
2 75 85
2 75 87
2 75 87
2 82 87
2 82 87
2 76 87
2 76 87
2 78 87
2 78 87
2 47 87
2 47 87
2 15 87
2 15 87
2 26 30
2 21 87
2 21 85
2 21 84
2 21 87
2 35 87
2 35 87
2 81 9
2 80 85
2 11 87
2 11 87
2 19 87
2 19 87
2 92 94
2 46 86
2 46 83
2 48 85
2 48 83
2 48 87
2 48 32
2 48 87
2 48 8
2 39 45
2 77 87
2 77 87
2 79 87
2 79 87
2 12 87
2 12 87
2 12 5
2 14 85
2 14 87
2 14 87
2 14 9
2 88 52
2 20 87
2 20 87
2 56 55
2 93 94
3 22 25
3 17 18
3 2 4
3 65 66
3 50 54
3 51 54
3 7 6
3 1 4
3 89 91
3 10 13
3 96 95
3 58 68
3 46 86
3 46 38
3 48 49
3 14 16
3 3 4
3 56 90
3 56 95
3 56 91
3 36 37
3 33 34
3 59 60
3 61 62
3 63 64
3 69 74
