79 108
105 13 32 79 77 19 57 79 77 52 105 11 58 79 77 19 52 105 11 57 41 79 77 52 105 11 57 79 86 105
105 13 32 105 11 57 77 57 19 52 79 105
13 27 105 19 105
105 27 35 107 27 105 105 27 105 105 105 13 108
11 27 58 27 108 15 79 35 27 107 108 13 105 105
105 13 105 13 57 33 57 57 33 57 32 32 105
13 58 35 79 107 105 13 32 108 13 79 105
13 19 105 105 35 107 105 105 41 14 8 41 8 41 14 57 105 40 57 105 15
79 79 57 80 19 57 79 108
79 79 57 79 108
106
42 77 91 19 27 27 27 52 35 29 107 79 105 79 105 105 107
106
106
13 105
19 105
106
79 108
79 108
79 57 105 11 57 79 79 79 79 109
106 105
13 105 13 27 105 11 105
13 105 13 27 105 13 19 108 13 41 8 57 35 107 105
13 105
105 11 19 19 19 19 52 77 169 84 77 54 16 84 19 57 52 77 52 105 11 105 11 84 79 108
13 77 105
11 58 77 105 11 79 105 11 108
79 105 11 108
77 62 79 121 105 16 84 19 19 52 79 108
106
27 35 107 91 105 35 107 91 105
35 35 107 27 105 79 105
13 105 13 105 105 13 108 13 27 107 79 105
79 105
35 35 107 27 105 79 105
13 105 13 105 105 13 108 13 27 107 79 105
87 19 105
106
19 19 19 19 51 19 51 42 52 27 105 13 32 57 109 11 57 109 13 32 105
42 52 27 105
13 27 105 13 35 107 27 105 105 105 13 27 108
108
109 13 27 109 109 91 105
13 108 13 105 35 107 105 13 34 19 54 65 105 209 41 35 107 105 41 14 41 14 105 91 105
106
19 20 52 105
106
35 29 107 108 11 27 105 105
79 79 77 209 19 108
79 79 77 209 80 108
11 19 19 52 79 79 79 35 107 105 13 27 105 11 105 62 105 13 35 35 107 105 27 105 105 13 107 105 79 79 19 105 79 79 79 79 105 79 79 27 105 79 79 105 79 79 21 105 105
106
77 19 52 58 15 35 107 27 105 27 105 19 105
77 62 79 121 105 41 57 209 107
79 93 19 52 105 11 19 19 52 105 11 54 105 11 105 11 127 105 11 127 107
106 79 79 108
79 19 108
35 35 107 27 105 79 79 105 13 32 105
13 105 105 13 108 13 27 107 79 79 105
35 35 107 27 105 79 79 105 13 32 105
13 105 105 13 108 13 27 107 79 79 105
35 35 107 27 105 79 79 105 13 32 105
13 105 105 13 108 13 27 107 79 79 105
79 108
13 105 11 19 57 35 29 107 27 27 105 27 105 19 105
106 27 108
35 29 107 108 11 27 105 105
79 108
13 79 105 13 105 13 86 79 91 105
13 109 13 19 36 79 108
13 79 19 72 108 13 105
35 107 79 108
13 79 27 105 79 19 105
106
20 52 105
79 19 105
20 52 105
79 19 105
79 108
79 108
32 105 13 108
105
91 20 54 27 105 13 32 105 13 105 11 19 36 19 206 108 13 72 19 219 206 108 13 72 19 219 206 108 13 72 19 219 206 108 13 72 27 108 13 18 108
91 27 20 54 27 105 13 32 105 13 77 77 174 35 107 206 105 105 219 206 105 105 219 206 105 105 13 18 108
105 13 35 107 22 105
27 105 13 32 105 13 105 11 19 19 19 52 19 41 19 105 11 57 41 19 174 16
79 108
94 57 93 93 35 107 27 105 79 108
13 79 91 209 98 22 108
13 22 105 79 105
105
19 52 79 27 57 105 13 105 13 41 8 79 105
108 19 34 170 54 65 105 11 58 93 93 35 107 27 105 65 105 105 13 109
35 107 27 105 27 105 79 27 105 79 29 19 108
79 19 105
