1 39 40
1 40 41
1 42 67
1 67 78
1 78 89
1 89 100
1 100 111
1 111 122
1 122 133
1 133 144
1 144 43
1 43 54
1 54 59
1 59 60
1 60 61
1 61 62
1 62 63
1 63 64
1 64 65
1 65 66
1 66 68
1 68 69
1 69 70
1 70 71
1 71 72
1 72 73
1 73 74
1 74 75
1 75 76
1 76 77
1 77 79
1 79 80
1 80 81
1 81 82
1 82 83
1 83 84
1 84 85
1 85 86
1 86 87
1 87 88
1 88 90
1 90 91
1 91 92
1 92 93
1 93 94
1 94 95
1 95 96
1 96 97
1 97 98
1 98 99
1 99 101
1 101 102
1 102 103
1 103 104
1 104 105
1 105 106
1 106 107
1 107 108
1 108 109
1 109 110
1 110 112
1 112 113
1 113 114
1 114 115
1 115 116
1 116 117
1 117 118
1 118 119
1 119 120
1 120 121
1 121 123
1 123 124
1 124 125
1 125 126
1 126 127
1 127 128
1 128 129
1 129 130
1 130 131
1 131 132
1 132 134
1 134 135
1 135 136
1 136 137
1 137 138
1 138 139
1 139 140
1 140 141
1 141 142
1 142 143
1 143 145
1 145 146
1 146 147
1 147 148
1 148 149
1 149 150
1 150 151
1 151 152
1 152 153
1 153 154
1 154 44
1 44 45
1 45 46
1 46 47
1 47 48
1 48 49
1 49 50
1 50 51
1 51 52
1 52 53
1 53 55
1 55 56
1 56 57
1 57 58
1 157 158
1 158 159
1 159 160
1 160 161
1 163 164
1 164 165
1 165 166
1 166 167
1 167 168
1 168 169
1 169 170
1 170 171
1 174 175
1 175 176
1 176 177
1 177 178
1 199 203
1 203 204
1 204 205
1 205 206
1 206 207
1 207 208
1 208 209
1 209 210
1 210 200
1 200 201
1 201 202
1 211 222
1 222 230
1 230 231
1 231 232
1 232 233
1 233 234
1 234 235
1 235 236
1 236 212
1 212 213
1 213 214
1 214 215
1 215 216
1 216 217
1 217 218
1 218 219
1 219 220
1 220 221
1 221 223
1 223 224
1 224 225
1 225 226
1 226 227
1 227 228
1 228 229
1 237 238
1 238 239
1 239 240
1 240 241
1 241 242
1 242 243
1 269 270
1 283 284
1 319 320
1 321 322
1 323 324
1 341 349
1 349 350
1 350 351
1 351 352
1 352 353
1 353 354
1 354 355
1 355 356
1 356 342
1 342 343
1 343 344
1 344 345
1 345 346
1 346 347
1 347 348
1 377 378
1 378 379
1 379 380
1 380 381
1 385 386
1 396 397
1 397 398
2 197 336
2 197 279
2 197 187
2 197 186
2 197 337
2 197 189
2 197 187
2 313 198
2 313 331
2 244 330
2 173 337
2 173 336
2 173 279
2 173 191
2 245 329
2 162 329
2 183 328
2 363 331
2 267 329
2 262 330
2 266 331
2 366 294
2 366 330
2 246 328
2 362 330
2 296 330
2 371 191
2 317 198
2 316 336
2 316 279
2 316 337
2 193 336
2 193 279
2 193 190
2 193 187
2 193 186
2 193 337
2 193 189
2 193 187
2 314 329
2 251 328
2 315 198
2 315 328
2 264 328
2 281 330
2 281 294
2 377 394
2 181 330
2 42 337
2 42 336
2 42 334
2 42 279
2 42 334
2 182 329
2 286 328
2 286 295
2 391 186
2 391 337
2 391 336
2 391 191
2 391 279
2 391 188
2 268 328
2 396 394
2 265 330
2 370 328
2 370 295
2 263 329
2 312 330
2 367 331
2 282 331
2 250 329
2 369 189
2 369 337
2 369 329
2 369 279
2 369 187
2 369 186
2 369 187
2 369 336
2 172 328
2 195 337
2 195 279
2 195 336
2 192 336
2 192 337
2 192 186
2 192 187
2 192 187
2 192 189
2 192 188
2 192 279
2 192 7
2 184 190
2 184 186
2 184 189
2 185 186
2 307 279
2 307 337
2 307 336
2 310 187
2 310 336
2 310 187
2 310 186
2 310 188
2 310 279
2 310 189
2 310 337
2 288 279
2 288 337
2 288 336
2 306 337
2 306 279
2 306 336
2 340 336
2 340 337
2 340 279
2 37 336
2 37 279
2 37 189
2 37 188
2 37 337
2 37 187
2 37 186
2 37 187
2 311 189
2 311 336
2 311 279
2 311 187
2 311 186
2 311 188
2 311 337
2 311 187
2 287 295
2 365 336
2 365 279
2 365 188
2 365 337
2 365 187
2 365 187
2 365 189
2 365 186
2 372 295
2 196 188
2 196 337
2 196 336
2 196 279
2 390 337
2 390 336
2 390 187
2 390 187
2 390 189
2 390 279
2 390 188
2 390 186
2 387 188
2 387 186
2 387 337
2 387 336
2 387 279
2 383 279
2 383 337
2 383 186
2 383 336
2 385 386
2 385 295
2 382 279
2 382 336
2 382 186
2 382 337
2 278 279
2 278 337
2 290 337
2 290 279
2 290 295
2 34 188
2 34 186
2 34 337
2 34 336
2 34 189
2 34 187
2 34 279
2 34 187
2 375 188
2 36 336
2 36 337
2 36 279
2 32 279
2 32 337
2 32 336
2 211 1
2 376 188
2 33 336
2 33 188
2 33 337
2 33 186
2 33 187
2 33 189
2 33 279
2 33 187
2 374 188
2 374 187
2 374 186
2 374 295
2 374 187
2 374 189
2 374 337
2 374 279
2 374 336
2 35 187
2 35 337
2 35 186
2 35 279
2 35 189
2 35 187
2 35 188
2 35 336
2 261 337
2 261 336
2 261 279
2 256 336
2 256 337
2 256 279
2 357 336
2 357 337
2 357 279
2 4 336
2 4 337
2 4 279
2 5 337
2 5 336
2 5 279
2 333 328
2 332 329
2 156 337
2 156 336
2 156 279
2 157 336
2 157 337
2 157 279
2 39 336
2 39 279
2 39 337
2 38 336
2 38 187
2 38 189
2 38 187
2 38 337
2 38 279
2 38 188
2 38 186
2 318 198
2 285 295
2 283 279
2 283 337
2 283 295
2 280 336
2 280 279
2 280 337
2 368 336
2 368 279
2 368 187
2 368 189
2 368 186
2 368 337
2 368 187
2 253 336
2 253 337
2 253 279
2 257 337
2 257 336
2 257 279
2 255 337
2 255 279
2 255 336
2 254 336
2 254 279
2 254 337
2 258 337
2 258 336
2 258 279
2 259 336
2 259 337
2 259 279
2 28 279
2 28 336
2 28 337
2 335 334
2 335 334
2 399 394
2 395 394
2 305 188
2 305 336
2 305 186
2 305 337
2 305 279
2 272 337
2 272 336
2 272 279
2 276 336
2 276 337
2 276 279
2 275 336
2 275 2
2 275 279
2 275 337
2 273 336
2 273 279
2 273 3
2 273 337
2 277 336
2 277 279
2 277 337
2 308 337
2 308 336
2 308 279
2 271 3
2 271 279
2 271 337
2 271 336
2 260 336
2 260 337
2 260 279
2 269 336
2 269 279
2 269 270
2 269 337
2 269 2
2 339 279
2 339 337
2 339 336
3 197 384
3 197 14
3 155 27
3 377 384
3 377 27
3 377 381
3 194 8
3 194 384
3 181 180
3 42 19
3 42 58
3 391 384
3 391 392
3 396 400
3 396 401
3 396 398
3 389 27
3 192 24
3 192 25
3 192 384
3 364 360
3 358 361
3 310 384
3 199 202
3 37 384
3 311 384
3 365 384
3 196 384
3 390 384
3 388 20
3 387 384
3 393 27
3 31 10
3 298 303
3 326 21
3 290 291
3 34 384
3 29 15
3 375 384
3 338 18
3 323 324
3 327 10
3 373 10
3 211 247
3 211 229
3 359 360
3 319 320
3 299 301
3 30 26
3 376 384
3 179 180
3 174 178
3 297 304
3 325 27
3 289 292
3 33 384
3 300 302
3 374 24
3 374 384
3 237 243
3 35 384
3 321 322
3 248 252
3 163 171
3 157 161
3 39 41
3 283 284
3 399 400
3 399 401
3 395 400
3 395 401
3 305 384
3 341 348
3 274 11
3 275 6
3 273 13
3 273 293
3 273 9
3 273 22
3 273 17
3 309 12
3 309 23
3 309 17
3 271 13
3 271 22
3 271 293
3 271 9
3 269 6
4 11 249
4 16 42
4 19 296
4 13 366
4 27 396
4 13 42
4 252 296
4 252 42
4 13 296
4 14 312
4 16 366
4 252 366
4 16 296
4 10 265
