58 19 18 35 107 27 105 19 105 13 57 93 105 13 41 14 41
11 57 105 11 58 19 19 105 105 11 57 35 108 13 107 27 105 13 105 13 105 13 105 13 109 41 14 41 14 41
19 58 19 16 105 13 58 19 41 93 108 13 35 19 107 27 27 105 27 27 105 19 19 105 19 36 19 27 72 19 27 72 19 27 72 35 27 107 105 13 105 13 93 19 19 110 13 57 109 11 19 52 109 27 105 13 108 19 57 109 2 41 14 19 41 14 57 109 40 14 41
108
35 108
11 58 58 15 105 13 57 27 108 13 19 105 35 27 35 27 107 108 13 105 13 105 13 105 13 108 13 107 105
19 58 16 27 105 13 32 57 105 13 57 105 11 57 19 41
13 22 108
57 58 15 35 27 107 22 105 27 105 108 13 27 105 21 105 13 108
58 15 35 107 105 13 29 105 13 22 105 105
58 15 35 107 105 13 29 105 13 20 105
13 109 11 209 105 13 105 13 105 20 105
13 109 11 209 105 13 105 13 105 20 105
35 105 13 29 107 22 105 105
27 58 8 18 35 27 107 22 105 105
58 15 35 105 13 29 107 27 105 20 105
58 15 35 105 13 29 107 27 105 27 105 27 105 20 105
58 15 35 107 27 105 27 105 19 108
58 15 35 105 13 29 107 22 105 105
13 27 105 105
13 22 105 27 105 27 105 105
11 58 15 35 105 13 29 107 27 105 20 105
13 105 20 105
13 27 105 108 13 105 108
13 22 105 105 105
58 15 35 27 107 22 105 105
58 15 35 105 13 29 107 27 105 27 19 105 27 27 105 27 27 105 105 13 105
19 19 52 79 105
79 108
108
108
19 19 19 108
108
19 108
108
19 19 108
19 57 105 11 57 106
111
19 109 11 44 106
11 16 108
41 109 13 108
93 100 111
13 108
13 93 27 19 109 11 93 27 209 108
9 105 11 58 20 3 52 93 27 108
93 27 19 108
113
19 101 113
13 21 9 105
13 100 93 27 19 109 11 101 93 27 93 109 13 93 110
13 108
93 27 93 109 13 9 108
93 27 19 109 11 101 108
19 101 19 101 27 9 105
93 27 23 6 109 12 108
93 27 21 9 105
13 32 109 13 100 110
13 9 107
13 32 21 19 105 13 32 100 93 19 105 93 21 105 13 32 93 21 105 13 32 93 21 105 13 32 93 9 108
13 100 35 9 9 107
113
19 9 105
35 27 9 105
13 32 93 112
100 35 9 107
100 21 9 105
21 9 105
13 32 100 21 9 105
13 32 100 93 20 105 21 9 105
13 32 100 108
13 100 21 9 105
13 32 100 93 19 105 93 19 105 93 19 105 19 36 19 21 9 105
13 72 19 21 9 105
13 72 19 21 9 105
13 72 100 21 9 105
13 32 100 19 36 39 100 93 27 19 109 11 101 93 27 19 109 11 135 104 97 19 56 97 104 93 27 19 109 11 101 21 9 105
13 32 100 93 19 105 93 19 105 35 112 29 105 13 9 109 29 105 13 9 109 29 105 13 9 109 93 35 110
100 113
13 9 9 107
105 93 35 9 107
105 21 9 105
13 32 100 93 57 93 9 105
21 9 105
13 32 100 21 9 105
13 32 108
19 36 100 93 19 21 9 105
13 32 72 93 19 21 9 105
13 32 72 93 19 21 9 105
108
13 32 72 27 27 27 108
21 9 105
13 32 100 93 19 105 35 21 9 105
13 32 21 9 105
13 32 21 9 105
13 32 9 107
100 21 9 105
13 32 100 93 19 105
93 19 105
93 35 9 107
11 57 110
105
21 9 105
13 32 100 93 19 105
93 19 105
93 35 9 107
105
93 35 9 107
105
21 9 105
13 32 100 93 19 105
13 57 19 105 19 105 108
93 19 105
93 35 9 107
105
21 9 105
13 32 100 93 19 105
93 35 9 107
105
93 27 19 109 11 135 104 19 36 19 21 9 105
13 72 19 21 9 105
13 72 19 21 9 105
11 57 21 105 113 13 100 19 101 108
13 72 19 21 9 105
13 72 100 21 9 105
13 32 100 93 19 105
93 35 9 107
105
21 9 105
13 32 19 105
35 9 107
105
21 9 105
113
13 32 100 93 20 105 19 101 21 9 105
13 32 100 93 35 9 107
105 93 35 9 107
105 21 9 105
13 32 100 93 19 105 108 13 100 93 27 19 109 11 101 21 9 105
13 32 100 93 19 105 93 35 9 107
105 93 57 94 58 93 27 19 108
93 20 105 93 27 19 109 11 101 21 9 105
13 32 100 93 19 105 93 35 9 107
105 94 58 93 20 105 21 9 105
110
13 32 100 93 19 105 93 20 105 93 35 9 107
105 108
11 57 93 27 19 109 11 108
11 108
21 9 105
13 32 100 93 19 105 93 35 9 107
105 20 36 19 93 72 19 93 72 19 93 72 19 93 72 19 93 72 19 93 72 19 93 72 19 93 72 20 93 72 108
112
21 105
93 27 27 109 13 113
106
106
19 109 11 45 106
11 16 105
13 105
41 108
41 109 13 108
106
20 20 19 19 19 108
109 13 100 93 58 20 109 13 109 19 109 13 100 93 94 57 2 109 108
11 57 108
11 58 109 13 109 109 13 93 27 109 11 57 2 109 109 13 93 107
11 57 2 109 108
11 57 20 109 13 109 20 109 13 108
11 57 109 108
11 58 35 107 27 105 108
13 105
106
106
108
13 57 108
13 109 11 58 35 107 108
13 109 13 109 11 58 105 11 36 105 13 109 11 58 35 107 27 105 27 108
11 105 79 19 105
79 108
19 35 107 27 105 13 105
106
106
106
19 108
19 108
11 58 93 105 15 14 41
93 105 20 98 93 105 93 93 105 13 19 105 41 93 105 98 41
11 58 101 101 93 105 15 14 41
11 58 93 105 15 14 41
11 58 93 105 19 100 15 14 41
13 105 13 27 105 13 32 57 27 21 105 15 21 80 57 108
19 19 19 19 108
19 100 108 13 100 108
19 19 106 107
19 19 101 108
19 19 101 107
19 108
100 93 105
108
12 105 27 108
13 209 109 13 32 105
13 105 79 19 105
13 109 11 62 209 54 108
13 57 34 58 108
11 57 35 108
13 108
11 109 13 32 107 79 23 108
13 57 19 36 19 105
12 71 35 107 27 105 27 105 27 108
13 209 109 13 32 105
19 19 19 19 108
13 105 13 27 105 13 108
11 209 105 13 105 13 105 108
13 105 108
13 105 108
13 20 105 79 108
108
13 105 15 108
11 209 108
108
13 35 107 108
13 105 79 108
13 105 13 27 105 13 108
11 105 13 105 13 105 41 108
13 93 52 79 108
13 108
11 57 79 108
79 105
41 79 35 107 105 13 105
13 108
108
13 93 52 79 108
13 108
11 57 79 108
108
13 35 107 108
19 79 108
13 108
108
13 93 52 108
13 105 108
13 105 108
13 20 105 15 79 19 35 107 19 105 13 105
19 19 19 19 106
106
20 19 106
35 107 27 105 27 19 105 19 105
79 108
19 106
106
106
35 27 107 22 105 27 108 13 105 105
19 8 58 93 21 105 13 35 107
19 21 19 8 58 93 21 105 13 35 107
8 58 93 21 19 105 13 35 19 107
79 79 108
19 19 8 58 93 21 105 13 35 107
19 19 8 58 93 21 105 13 35 107
19 20 19 8 58 93 21 105 13 35 107
79 105 13 109 13 108 11 58 35 79 108 13 107 27 105 13 105 13 105 13 79 108
35 79 107 105 11 57 35 79 79 108
19 19 19 19 106
106
106
19 19 19 93 100 105
106
106
106
19 19 27 79 64 23 50 58 108
11 57 79 57 79 105 11 58 79 105 11 58 35 108 13 107 27 105 13 79 105 13 105 13 105 13 35 108
44 15 77 19 36 108
108
44 15 77 19 36 108
79 33 57 79 32 108
19 19 79 105 13 109 13 27 105 11 58 35 79 105 13 108 13 107 27 105 13 105 13 105 13 35 107 79 105 11 57 79 108
108
79 108
106 21 21 108
13 27 105 15 108
20 52 79 108
19 105
106
19 109 11 45 106
11 16 19 35 107 19 105 13 105
105
106
106
108
79 105
79 79 105
11 57 57 35 107 19 105 13 105
13 19 105
11 57 108 11 58 35 27 107 27 105 13 19 108 13 105 105
19 107 87 87 87 8 32 8 86 108 13 86 79 27 93 65 109 13 100 27 105 13 32 86 79 105 13 86 35 27 107 35 107
79 105 13 86 79 57 79 105 11 57 19 16 19 41
19 105
79 108
35 79 105
79 80 108
79 105 13 105 13 108 11 108
35 27 107 22 105 57 27 108 13 105 105
35 27 107 22 105 44 105
13 108
13 105
19 19 44 93 108
19 19 108
105 11 98 93 108
79 108
44 15 108
105 11 98 108
19 57 105 11 57 106
19 93 100 105
106
106
106
19 106
106
106
79 27 105 79 105
13 79 108
79 27 105 79 105
13 79 108
79 27 105 79 105
13 79 108
79 105
108
79 105
11 58 93 57 93 105 15
11 58 93 57 93 105 15
27 105 13 32 93 57 93 105 11 58 19 27 105 13 100 93 105 15
93 57 93 105 11 57 93 105 15 14 41
106 108
106 108
19 93 58 16 93 105 11 57 93 105 11 58 19 41
79 57 79 105
93 57 93 105 11 58 27 105 13 32 27 105 13 100 93 105 15 14 41
93 57 93 105 11 57 93 105 15 14 41
79 108
79 108
108
108
13 29 107 27 105 27 105 105
13 19 108
13 27 105 11 58 27 105 105
13 108
11 57 27 105 13 105 27 105 11 58 27 105 27 108
13 109 13 32 19 108
13 105 105
13 109 13 32 105
12 108
13 109 13 32 105
13 105
13 19 108
13 105
13 108
11 58 27 105 11 58 35 105
79 105
79 79 108
79 108
35 107 27 78 105 27 77 105 27 79 105 27 105 19 105
35 107 27 105 27 105 27 105 27 105 19 105
19 19 106
106
19 52 107
19 57 105 11 57 106
19 93 100 105
106
106
106
106
106
106
79 105
79 108
19 79 108
108
57 58 15 105 13 57 27 105 11 57 108
19 108
108
41 14 41 27 105 11 57 108
13 27 105 13 105
57 58 15 105 13 57 27 105 11 57 80 57 19 87 41 27 27 105 11 57 105 13 27 105 13 108 11 58 35 108 13 107 27 105 13 105 13 27 105 13 105 13 27 105 11 57 105 13 27 105 11 44 27 105 11 57 105 13 27 105 11 44 107
58 15 105 13 57 27 105 11 57 108
105 79 105 35 107 23 105 13 23 22 108 12 110 13 105 13 79 105 35 29 107 22 108
19 19 58 15 27 105 13 32 57 79 57 79 105
105 13 57 93 65 108
57 58 15 105 13 57 27 105 11 57 108
57 58 15 105 13 57 27 105 11 57 19 101 108
57 58 15 27 105 13 105 11 57 108
57 58 15 105 13 105 13 57 57 27 105 11 27 105 11 27 105 11 19 52 27 105 11 57 108
57 58 15 105 13 57 27 105 11 57 27 105 13 32 57 105 11 58 105 11 108
13 108
79 19 63 19 46 58 108
13 105 11 57 105 11 16
57 57 93 57 19 36 19 70 108
57 57 105 13 57 27 105 11 57 27 105 13 27 19 105 11 27 105 13 108 13 35 105 13 29 105 13 107 105 13 57 108
11 57 21 105 8 8 112
106
107
11 57 57 35 29 107 107
13 27 9 105 27 63 9 3 105 21 20 22 9 3 3 108
