1 5 8
1 8 9
1 9 10
1 10 11
1 11 12
1 12 13
1 13 14
1 14 15
1 15 6
1 6 7
1 16 20
1 20 21
1 21 22
1 22 23
1 23 24
1 24 25
1 25 26
1 26 27
1 27 17
1 17 18
1 18 19
1 31 34
1 34 35
1 35 36
1 36 37
1 37 38
1 38 39
1 39 40
1 40 41
1 41 32
1 32 33
1 44 55
1 55 66
1 66 67
1 67 68
1 68 69
1 69 70
1 70 71
1 71 72
1 72 45
1 45 46
1 46 47
1 47 48
1 48 49
1 49 50
1 50 51
1 51 52
1 52 53
1 53 54
1 54 56
1 56 57
1 57 58
1 58 59
1 59 60
1 60 61
1 61 62
1 62 63
1 63 64
1 64 65
1 76 77
1 79 80
1 80 81
1 81 82
1 82 83
1 83 84
1 106 107
1 107 108
1 108 109
1 109 110
1 110 111
1 111 112
1 112 113
1 113 114
1 120 129
1 129 130
1 130 131
1 131 132
1 132 133
1 133 134
1 134 135
1 135 136
1 136 121
1 121 122
1 122 123
1 123 124
1 124 125
1 125 126
1 126 127
1 127 128
1 140 141
1 141 142
1 149 150
1 150 151
1 152 153
1 153 154
1 154 155
1 155 156
1 157 158
1 158 159
2 118 99
2 118 97
2 118 96
2 118 98
2 118 95
2 117 96
2 117 97
2 117 98
2 117 101
2 117 95
2 117 99
2 120 96
2 120 99
2 120 98
2 120 95
2 120 101
2 120 97
2 16 19
2 106 114
2 116 101
2 116 95
2 116 97
2 116 137
2 116 99
2 116 102
2 116 96
2 116 103
2 116 98
2 116 100
2 31 33
2 147 99
2 147 101
2 147 95
2 147 98
2 147 97
2 147 96
2 187 179
2 187 184
2 187 181
2 187 184
2 187 176
2 187 182
2 187 180
2 187 183
2 187 178
2 173 178
2 173 180
2 173 181
2 173 182
2 173 183
2 173 179
2 173 176
2 173 184
2 173 184
2 175 179
2 175 178
2 175 176
2 175 182
2 175 180
2 175 184
2 175 181
2 175 184
2 175 183
2 172 180
2 172 185
2 172 182
2 172 176
2 172 181
2 172 184
2 172 179
2 172 184
2 172 183
2 172 178
2 144 73
2 144 85
2 144 77
2 144 161
2 144 79
2 144 162
2 144 101
2 144 73
2 144 98
2 144 75
2 144 96
2 144 164
2 144 78
2 144 165
2 144 99
2 144 77
2 144 160
2 144 163
2 144 95
2 144 77
2 144 97
2 144 74
2 144 76
2 3 1
2 189 183
2 189 178
2 189 179
2 189 184
2 189 176
2 189 180
2 189 182
2 189 181
2 189 184
2 139 96
2 139 95
2 139 101
2 139 97
2 139 99
2 139 98
2 157 159
2 145 96
2 145 98
2 145 143
2 145 101
2 145 97
2 145 99
2 145 95
2 4 94
2 4 89
2 4 92
2 4 87
2 4 93
2 4 90
2 4 89
2 4 90
2 4 92
2 4 91
2 4 2
2 4 86
2 4 88
2 188 183
2 188 184
2 188 178
2 188 179
2 188 184
2 188 180
2 188 181
2 188 176
2 188 182
2 174 184
2 174 180
2 174 184
2 174 183
2 174 179
2 174 182
2 174 178
2 174 181
2 174 176
2 169 176
2 169 181
2 169 180
2 169 183
2 169 178
2 169 182
2 169 184
2 169 179
2 169 184
2 186 178
2 186 179
2 186 184
2 186 180
2 186 176
2 186 184
2 186 182
2 186 183
2 186 181
2 105 104
2 171 166
2 171 167
2 171 178
2 171 168
2 171 168
2 171 181
2 171 184
2 171 176
2 171 170
2 171 184
2 171 179
2 171 183
2 171 180
2 171 182
2 138 98
2 138 95
2 138 99
2 138 97
2 138 96
2 138 101
2 115 101
2 115 96
2 115 97
2 115 98
2 115 99
2 115 95
2 5 7
2 190 184
2 190 181
2 190 184
2 190 179
2 190 182
2 190 178
2 190 183
2 190 176
2 190 180
3 149 151
3 120 128
3 116 137
3 29 43
3 152 156
3 187 177
3 173 177
3 175 177
3 144 28
3 144 84
3 189 177
3 44 43
3 44 65
3 188 177
3 174 177
3 30 43
3 140 142
3 146 119
3 42 43
4 148 106
