11 58 209 2 54 109 13 32 35 79 107 105 209 2 41 14 31 40 2 41 2 8 2 41
107 105 15 105 13 41 19 41
79 108
79 108
19 19 19 106 105
35 105
13 107 86 22 84 79 105 79 105 79 105 13 35 107 105 13 105 13 105
13 105 13 58 105
15 14 105
41 27 105 13 108
11 58 105
41 14 105
41 106 35 105
13 107 86 35 105
13 107 35 107 105 105
19 19 19 106 105
13 107 35 107 105 105
35 105
13 107 86 22 84 79 105 79 105 79 105 13 35 107 105 13 105 13 105
13 105 13 58 105
15 14 105
41 27 105 13 108
11 58 105
41 14 105
41 106 35 105
13 107 86 27 105 13 108 11 58 105
13 108 13 105 108 13 105 108 13 105 35 105
13 35 79 29 107 35 107 19 65 27 105 34 19 52 19 65 27 105 105 79 105
79 108
79 105 11 57 80 57 35 107 79 105 13 27 105 13 105 13 108
19 19 19 106 105
35 105
13 107 86 22 84 79 105 79 105 79 105 13 35 107 105 13 105 13 105
13 105 13 58 105
15 14 105
41 27 105 13 86 27 105 13 108
11 58 105
41 14 105
41 106 35 105
13 107 86 35 105
13 107 35 107 105 105
79 79 105 79 79 79 19 108
35 27 107 108 13 105 105
19 19 79 79 79 19 105
108
13 57 108
13 105
15 79 27 105
13 27 108
13 108
13 34 54 65 93 52 105
13 108
13 19 65 108
108
13 108
13 108 11 57 35 107 79 105
13 105 13 27 105 13 105 13 108
79 108
13 108
108
13 57 108
13 105
41 209 41 35 79 29 107 27 108
13 105 27 79 105
13 105 79 105
13 57 108
13 105
108
58 35 107 79 105
13 105 13 27 105 13 105 13 108
79 108
13 108
13 27 105 13 32 105 13 57 105 13 8 27 105 13 32 105 13 57 105 13 35 112 79 9 110 13 27 110 13 9 105 13 27 9 105 13 105 13 27 105 13 105 13 27 105 13 105 13 27 105 13 9 105 13 27 105 13 79 105 13 27 105 13 9 105 13 27 105 13 9 105 13 27 105 13 3 105 13 27 105 13 9 105 13 27 105 13 108
19 79 27 105 13 32 105 13 18 14 8 41
79 105
107 27 105 13 32 105 13 107
105 13 57 35 107 105 13 27 105 13 105 13 19 20 105 13 86 27 105 13 32 105 13 105 13 86 79 108 11 57 27 86 15 14 79 108 11 57 27 86 41 14 79 108 11 57 27 86 40
27 105 13 32 105 13 57 105 11 58 105 11 108
79 105 13 32 27 105 13 20 105 13 109 13 109 11 57 109 13 32 79 105 11 57 35 107
79 19 65 105 13 86 77 84 8 57 79 108
13 57 27 108 11 58 35 27 107 79 105 13 32 108
13 105
13 105 13 105 13 79 105 108
27 18 19 41 77 20 56 35 107 27 27 105 79 105 13 32 105
19 105 13 105 13 35 107 2 109 11 54 109 13 32 79 77 215 58 206 58 19 57 79 27 105 11 57 79 105 13 77 105 13 27 105 209 2 41 2 41 79 27 105 11 58 79 105 13 27 105 41 105 13 57 105 11 62 105 11 209 105 13 18 19 41
19 57 27 105 13 32 57 105 13 8 18 14 41 8 41
19 57 27 105 13 32 57 105 13 8 18 14 41 8 41
19 57 27 105 13 32 57 105 13 8 18 14 41 8 41
108 13 57 105 11 58 27 18 105 13 41 14 19 41
27 105 13 32 105 13 105 13 18 14 19 41
27 105 13 32 105 13 18 14 19 41
27 105 13 32 105 11 57 105 13 105 13 18 14 27 41
35 107 105 13 19 105 13 57 109 11 62 109 13 109 11 57 109 13 32 79 79 77 108 13 109 41 14 18
19 19 93 27 105 11 58 93 27 105 11 58 93 27 105 11 57 2 16 27 105 13 32 57 105 13 57 105 11 58 2 57 2 41 2 54 105 11 108 11 58 105 11 20 51 2 41 209 41 2 41 105 13 27 108 13 108
13 27 105 11 58 105 13 108
13 105 13 105 13 32 105
12 124 105 105 13 105
79 27 105 13 32 105 13 57 105 11 57 105 11 57 105 13 57 105 13 18 27 41 14 27 41
19 19 79 27 105 13 32 79 105 13 27 108 11 57 2 87 27 35 107 27 105 13 80 105 13 105 13 108 57 105 13 87 87 57 2 87 57 105 11 57 105 11 20 52 2 87 51 19 52 2 87 57 19 51 19 51 19 51 19 52 2 87 27 27 36 80 57 27 72 108 13 108 15 2 41 19 41 2 41 2 41 2 41 2 41 87 41 80 57 27 41 27 41
105 11 57 105 11 16 19 41
13 35 27 107 105 11 57 105 11 58 27 27 108 109
57 34 19 54 65 105 13 57 105 13 18 14 209 41 19 41
19 108 13 105 13 58 18 105 13 41 14 41
19 19 58 2 16 27 105 13 32 58 2 41 105 13 57 105 11 52 2 41 105 11 58 108 13 108 11 58 108 11 19 51 2 41 2 41
79 57 79 105
20 19 106 100 105
13 105 19 105
21 105
105
13 27 105 13 27 23 105 12 27 105 11 27 27 19 105 11 61 21 105
13 32 19 105 23 50 60 108 13 105 27 105 11 105 11 105 13 105 13 8 21 105
13 32 35 107 27 105 13 204 105 13 27 105 13 105 13 35 107 27 19 105 11 105 13 27 105 13 27 19 105 11 105 13 27 105 13 105 13 27 105 13 105 13 105 13 105 13 105 15 35 107 105 36 19 34 105 105 19 34 108 13 105 27 42 21 105
13 19 105 21 105
13 32 105 105 27 105 11 105 11 105 13 105 13 35 107 27 105 13 27 19 105 11 108
79 58 15 79 105
19 20 19 19 19 106 105
106 108
19 106 108
13 80 57 35 27 35 107 27 105 13 105 13 105 13 108 13 107 22 105 105
19 19 79 105 13 35 107 86 23 2 105 11 54 105 11 57 105 11 79 105
42 79 105 11 58 79 105 11 58 27 108
79 21 108
42 108 13 20 19 19 105 79 105 13 2 2 109 11 57 109 13 32 77 61 209 2 2 2 2 2 41 209 2 2 41 108 13 105 11 57 27 108
79 107
13 107
42 80 57 27 108
79 107
13 100 35 29 107 27 105 27 105 105
11 54 79 105
13 32 79 105 77 204 209 203 121 180 209 2 5 41 14 27 108
5 41 79 105 11 61 27 108
79 21 108
15 93 108 13 105 11 58 105 105 11 58 27 108
24 180 105 12 50 60 79 21 105 13 19 36 19 23 151 23 183 108 13 72 19 105 13 72 19 105 12 23 183 23 183 108 13 72 108 13 35 107 27 105 13 79 105 11 105 13 27 105 13 105 13 27 105 13 105 13 27 105 13 105 12 105 13 105 13 108
79 79 21 105 13 108
42 14 35 107 27 105 13 105 13 105 13 105 13 108
86 35 27 107 27 105 79 105 13 105
19 79 80 57 15 79 27 105
35 107 79 109 13 109 11 57 109 13 32 79 105
35 107 79 108
13 105 13 34 19 54 65 108 13 105 209 41 35 107 27 105 27 105 27 105 79 79 21 105
13 108
109
35 79 107
27 19 36 108 13 35 79 108
79 79 19 105
77 20 52 79 108
32 35 79 29 107 27 79 79 105 27 79 77 105 27 79 77 105 27 79 78 105 27 79 77 105 27 79 77 105 79 105
106 27 108
13 86 79 105
13 109
79 108
11 79 34 53 79 79 105
35 107 20 84 79 79 105 35 107 27 105 79 108
13 108 13 27 105 79 108
13 105
19 20 79 57 79 20 79 109
35 107
79 109
19 57 27 105 13 32 57 105 13 8 108
19 57 27 105 13 32 57 105 13 8 108
19 19 79 105 11 57 79 105 11 58 79 79 105 11 58 16 79 105 79 108
13 105 11 57 105 105 105 11 57 105 105 11 57 105 11 57 35 107 108 13 19 109
11 58 79 105 13 27 108 15
79 27 105 11 58 57 79 105 13 27 108 13 105 11 58 79 105 13 27 108 15
13 108 31 15 14 31 40
11 57 27 105 13 32 105 13 57 18 27 27 108 27 41 14 27 108 41
11 57 27 105 13 32 58 27 18 105 13 105 13 41 14 35 27 107 105 13 105 13 27 108 27 41 27 27 108 27 41
79 79 105
79 105
79 79 79 105
108
108
35 79 79 19 79 108
108
11 57 27 105 13 32 105 13 57 105 11 57 105 13 105 13 57 27 105 11 57 27 18 27 105 11 57 57 8 41 27 41 57 8 41 8 8 41 93 27 105
19 58 18 35 27 107 27 105 105 13 19 105
19 58 8 18 105 13 27 105 13 105 11 57 8 41 27 105 13 32 105 13 58 8 41 105 13 57 105 13 27 105 11 57 8 41 105 13 58 8 41 27 105 11 58 27 105 11 58 27 105 11 57 35 27 20 107
11 57 105 13 27 105 13 32 57 105 13 18 19 41
13 57 105 13 18 14 27 27 108 19 41
11 57 27 105 13 32 57 105 13 57 105 11 57 19 16 27 27 108 2 41 27 27 108 2 41 14 27 27 108 41
11 57 27 105 13 32 57 105 13 57 109 11 62 35 107
11 57 27 105 13 32 105 13 57 18 27 27 108 19 41 14 27 27 108 41
11 57 27 105 13 32 58 27 18 105 13 105 13 41 14 27 27 108 27 41 27 27 108 27 41
35 27 107 105
79 108
79 108
79 19 79 108
79 58 108
79 79 79 80 80 108
