1 11 12
2 9 5
2 8 5
2 3 5
2 1 28
2 1 29
2 1 16
2 1 14
2 1 26
2 1 24
2 1 31
2 1 14
2 1 11
2 1 14
2 1 13
2 1 18
2 1 20
2 1 19
2 1 10
2 1 23
2 1 12
2 1 32
2 1 17
2 1 15
2 1 16
2 1 21
2 1 25
2 1 27
2 30 31
2 30 23
2 30 12
2 30 21
2 30 14
2 30 10
2 30 32
2 30 14
2 30 18
2 30 26
2 30 11
2 30 24
2 30 13
2 30 20
2 30 28
2 30 16
2 30 25
2 30 16
2 30 19
2 30 29
2 30 15
2 30 17
2 30 14
2 30 27
2 2 27
2 2 15
2 2 13
2 2 16
2 2 20
2 2 10
2 2 14
2 2 17
2 2 18
2 2 16
2 2 23
2 2 21
2 2 12
2 2 29
2 2 19
2 2 32
2 2 31
2 2 11
2 2 14
2 2 24
2 2 28
2 2 26
2 2 25
2 2 14
2 22 20
2 22 15
2 22 16
2 22 13
2 22 19
2 22 27
2 22 26
2 22 24
2 22 17
2 22 12
2 22 21
2 22 23
2 22 14
2 22 18
2 22 31
2 22 32
2 22 28
2 22 11
2 22 14
2 22 16
2 22 14
2 22 25
2 22 29
2 22 10
3 33 5
3 9 5
3 8 7
3 8 5
3 3 5
3 3 6
3 3 4
