79 80 79 79 108
79 108
19 19 105 11 91 52 107
57 58 19 16 19 108 13 35 27 107 27 105 22 105 105
13 19 105
13 79 19 105
35 27 107 22 105 27 105 27 19 105 105
19 19 77 44 15 79 108
105 13 105 13 27 105 11 57 79 79 57 79 79 79 108
19 27 105 13 35 107 105 13 32 105 11 20 51 20 52 27 105 13 105 11 58 77 20 56 57 105 8 18 77 209 84 107
19 35 107 105 13 32 21 105 21 105 57 107
13 32 57 105 11 44 27 108 13 108 57 105 57 105 18 105 13 107
19 19 27 105 13 32 58 2 16 19 105 13 57 105 13 93 51 93 52 2 41 14 19 105 13 57 105 13 93 51 93 52 2 41 14 2 41
13 35 107 105 13 32 21 105 21 105 27 105 19 105 27 34 108 13 105 105 13 105 105 105 13 35 35 107 107 27 27 2 105 13 57 35 107 105 13 105 13 105 13 35 107 105 13 27 105 13 105 13 209 19 56 8 108
19 58 16 19 27 105 13 32 105 13 57 105 11 57 105 11 105 11 52 108
19 58 16 27 105 13 32 19 105 13 58 2 105 11 57 57 19 41 105 11 41 14 41
19 58 16 27 105 13 32 105 13 57 105 11 57 19 2 41 14 2 41 2 41
13 41 20 105 11 19 51 19 105 13 209 105 11 209 105 13 108 12 80 58 65 105 41 14 105 41 14 105 5 41 78 50 62 108
13 41 20 105 11 19 51 19 105 13 209 105 11 209 105 13 108 12 80 58 65 105 41 14 105 41 14 105 5 41 78 50 62 108
79 57 35 107 86 79 27 105 79 79 79 105
13 105 13 109 11 57 109 13 32 35 107 105 11 57 105 11 57 105 41 110
79 30 79 105 11 58 94 57 27 27 108 19 108 13 86 35 107
13 105 11 57 57 105 41 14 105 41 14 8 41 105 8 105 13 35 107 8 20 36 105 11 62 19 105 41 14 8 57 105 2 41 108
13 58 18 105 11 57 105 11 57 105 105 105 11 57 8 41 105 41 8 41
13 58 18 105 11 57 105 11 57 105 105 105 11 57 8 41 105 41 8 41
35 107 105 11 57 105 11 57 105 19 16 19 41
105 13 35 107 105 15 14 105 41
19 57 105 11 61 16 35 107 105 11 57 105 11 57 105 13 57 2 2 34 54 93 105 11 57 35 35 107 105 13 65 105 13 105 13 107 105 11 57 105 105 11 57 35 107 105 13 96 105 13 65 105 13 105 13 108
109
79 105
11 57 105 35 107 27 105 13 105 13 105 13 105 13 108
19 19 57 109 13 2 109 11 57 109 13 32 105 11 57 209 2 41 2 16 109 11 52 2 41 2 41
106
