1 19 20
1 30 31
1 36 37
1 44 45
1 48 49
1 54 55
1 55 56
1 56 57
1 57 58
1 58 59
1 59 60
1 60 61
1 61 62
1 62 63
1 63 64
1 64 65
1 65 66
1 66 67
1 67 68
1 68 69
1 69 70
1 70 71
1 71 72
1 72 73
1 73 74
1 74 75
1 75 76
1 76 77
1 77 78
1 78 79
1 79 80
1 80 81
1 81 82
1 98 99
1 120 121
1 121 122
1 122 123
1 123 124
1 124 125
1 125 126
1 130 131
1 131 132
1 139 140
1 140 141
1 141 142
1 142 143
1 150 151
1 151 152
2 136 82
2 136 43
2 136 21
2 136 41
2 136 40
2 133 104
2 133 106
2 133 111
2 133 105
2 133 112
2 133 113
2 133 110
2 2 33
2 92 93
2 146 113
2 146 110
2 146 111
2 146 104
2 146 112
2 146 105
2 89 93
2 1 21
2 1 43
2 1 41
2 88 93
2 145 54
2 145 40
2 145 82
2 145 43
2 145 41
2 145 21
2 137 104
2 137 113
2 137 110
2 137 112
2 137 105
2 137 111
2 166 54
2 166 110
2 166 104
2 166 40
2 166 21
2 166 41
2 166 82
2 166 111
2 166 43
2 166 105
2 166 113
2 166 112
2 90 93
2 156 113
2 156 112
2 156 104
2 156 111
2 156 110
2 156 105
2 153 54
2 153 113
2 153 82
2 153 105
2 153 104
2 153 21
2 153 41
2 153 111
2 153 112
2 153 43
2 153 110
2 153 40
2 139 112
2 139 105
2 139 113
2 139 111
2 139 104
2 139 110
2 158 104
2 158 111
2 158 110
2 158 113
2 158 105
2 158 112
2 138 112
2 138 110
2 138 104
2 138 105
2 138 111
2 138 113
2 129 113
2 129 105
2 129 110
2 129 104
2 129 112
2 129 111
2 157 104
2 157 105
2 157 111
2 157 113
2 157 110
2 157 112
2 154 105
2 154 111
2 154 110
2 154 113
2 154 112
2 154 104
2 46 33
2 46 34
2 50 41
2 50 49
2 50 49
2 50 48
2 161 105
2 161 113
2 161 111
2 161 104
2 161 112
2 161 110
2 128 105
2 128 110
2 128 104
2 128 112
2 128 111
2 128 106
2 128 113
2 159 106
2 159 111
2 159 104
2 159 108
2 159 110
2 159 113
2 159 112
2 159 105
2 114 112
2 114 113
2 114 104
2 114 106
2 114 110
2 114 111
2 114 105
2 91 93
2 32 51
2 11 51
2 15 51
2 25 51
2 85 51
2 22 51
2 83 51
2 8 51
2 86 51
2 18 51
2 26 51
2 23 51
2 13 51
2 103 51
2 24 51
2 97 51
2 7 51
2 100 51
2 16 51
2 53 51
2 87 51
2 95 51
2 12 51
2 9 51
2 52 51
2 120 110
2 120 109
2 120 112
2 120 106
2 120 111
2 120 105
2 120 113
2 120 104
2 163 104
2 163 110
2 163 111
2 163 113
2 163 112
2 163 105
2 39 43
2 39 37
2 39 36
2 39 42
2 39 38
2 39 41
2 47 47
2 116 113
2 116 104
2 116 105
2 116 110
2 116 112
2 116 111
2 116 106
2 115 104
2 115 105
2 115 112
2 115 111
2 115 110
2 115 106
2 115 113
2 35 51
2 6 51
2 94 51
2 14 51
2 84 51
2 101 51
2 17 51
2 3 51
2 28 51
2 27 51
2 10 51
2 102 51
2 96 51
2 117 110
2 117 113
2 117 111
2 117 112
2 117 105
2 117 104
2 149 104
2 149 105
2 149 113
2 149 110
2 149 111
2 149 112
2 119 112
2 119 111
2 119 113
2 119 104
2 119 110
2 119 106
2 119 105
2 155 110
2 155 113
2 155 112
2 155 104
2 155 111
2 155 105
2 118 113
2 118 111
2 118 105
2 118 110
2 118 104
2 118 112
3 139 143
3 44 45
3 46 30
3 161 107
3 161 165
3 161 164
3 128 135
3 144 148
3 114 135
3 120 126
3 163 107
3 163 165
3 163 164
3 150 152
3 19 20
3 98 99
3 5 4
3 130 134
3 130 132
3 162 165
3 160 165
3 115 135
4 135 166
4 148 127
4 29 136
4 143 127
4 29 166
4 165 136
4 152 136
4 165 166
4 147 153
4 31 1
4 134 153
4 164 127
