1 35 36
1 36 37
1 37 38
1 38 39
1 39 23
1 23 24
1 24 25
1 25 26
1 26 27
1 27 28
1 28 29
1 29 30
1 30 31
1 31 32
1 32 33
1 33 34
1 50 51
1 52 53
1 53 54
1 54 55
1 63 64
1 64 65
1 65 66
1 66 67
1 67 68
1 74 75
1 81 82
1 87 88
1 88 89
1 89 90
1 90 91
1 95 96
1 101 102
1 104 114
1 114 115
1 115 116
1 116 117
1 117 118
1 118 119
1 119 120
1 120 121
1 121 105
1 105 106
1 106 107
1 107 108
1 108 109
1 109 110
1 110 111
1 111 112
1 112 113
1 122 133
1 133 138
1 138 139
1 139 140
1 140 141
1 141 142
1 142 143
1 143 144
1 144 123
1 123 124
1 124 125
1 125 126
1 126 127
1 127 128
1 128 129
1 129 130
1 130 131
1 131 132
1 132 134
1 134 135
1 135 136
1 136 137
2 61 60
2 61 59
2 52 55
2 100 4
2 101 4
2 94 4
2 94 96
2 103 4
2 62 62
2 50 51
2 80 4
2 12 58
2 12 58
2 12 69
2 48 57
2 48 34
2 48 34
2 48 34
2 48 19
2 48 20
2 48 35
2 48 21
2 48 35
2 48 20
2 48 45
2 48 20
2 70 40
2 70 20
2 70 22
2 70 34
2 70 3
2 70 20
2 70 22
2 70 19
2 70 86
2 70 20
2 70 35
2 70 34
2 70 34
2 70 15
2 70 17
2 70 16
2 70 4
3 101 102
3 94 95
3 48 44
3 97 83
3 70 17
3 70 18
3 47 44
3 47 56
3 11 9
3 11 8
3 49 44
3 49 56
3 81 82
3 63 68
3 7 9
3 7 8
3 2 1
3 98 6
3 98 5
3 104 113
3 13 14
3 77 72
3 78 73
3 76 73
3 74 75
3 79 71
3 43 44
3 41 44
3 92 84
3 99 85
3 87 91
3 42 44
3 93 84
3 122 137
4 56 10
5 56 46
