13 35 107
79 79 108
11 87 86 57 35 107 86 79 58 35 107
20 27 100 93 57 93 105 13 27 108 13 100 93 58 27 100 94 57 27 35 27 107 93 105 13 105 13 108 27 100 93 57 93 27 105 13 32 57 105 13 100 93 58 27 100 94 57 27 35 27 107 93 105 13 105 13 108 27 100 91 20 53 93 100 93 58 27 100 94 57 27 35 27 107 93 105 13 105 13 108 27 100 93 57 93 105 11 53 35 27 107 93 105 13 105 13 100 94 57 27 35 27 107 93 105 13 105 13 108 93 18 14 27 35 27 107 105 13 105 13 105 13 108 27 27 108 42 27 42 14 27 35 27 107 105 13 105 13 105 13 108 27 27 108 42 93 57 93 105 11 53 35 27 107 93 105 13 105 13 100 42 93 57 35 27 107 93 105 13 105 13 100 42
35 27 107 27 105 79 109 27 79 105 105
13 35 27 107 27 105 27 79 105 105
79 105
77 19 51 77 19 51 35 107 27 93 105 27 79 105 19 105
35 107 27 105 19 105
20 91 20 54 21 105
19 52 105
106
27 35 107 27 105 13 79 108
35 79 29 107 27 19 105 27 79 105 22 105 79 105
19 19 107 86 35 107 86 35 79 107
19 93 105 13 109 13 109 11 57 109 13 32 79 105 11 57 19 16 2 41
19 35 27 107 27 105 93 105
19 19 35 27 107 105 11 54 27 108 13 105 93 105
27 93 27 105 13 32 57 105 13 105 13 27 35 107 27 105 13 105 13 105 13 108
27 93 27 105 13 32 57 105 13 57 105 13 105 11 45 27 27 35 107 27 105 13 105 13 105 11 105 13 105 13 108
105 13 105 13 105 27 100 93 105 13 109 13 109 11 57 109 13 32 77 215 51 79 105 11 57 27 35 107 27 105 13 79 105 13 105 13 108
11 57 93 27 105 13 32 57 105 13 57 105 13 100 93 57 93 27 27 105 13 105 13 100 15 14 27 35 107 27 105 13 105 13 105 13 105 13 108
13 107 107 8 58 35 107 105 13 57 35 107 105 13 20 105 13 105 13 105 41 14 27 35 107 27 105 13 105 13 105 13 105 13 108
57 79 58 35 35 105 13 107 107 35 107 105 13 57 35 107 105 13 20 105 13 105 13 105 41 14 27 35 107 27 105 13 105 13 105 13 105 13 108
27 27 108
27 35 107 27 105 13 77 105 13 105 13 108
27 35 107 27 105 13 77 105 13 105 13 108
27 27 108
27 35 107 27 105 13 79 105 13 105 13 108
79 57 79 105 11 62 27 35 107 27 105 13 79 105 13 105 13 108
27 27 108
18 27 42 35 107
109
13 8 42 35 107 105 13 32 57 19 105 20 105 20 105 52 27 105 105 105 11 84 105 13 86 58 35 35 105 13 107 107 8 8 42 105 13 86 77 20 52 27 105 13 86 27 105 13 57 108 13 105 11 84 57 105 42 14 27 35 107 27 105 13 105 13 105 13 105 13 108
109
13 8 109
13 109
11 84 35 35 109
13 109
105 15
79 19 108
19 109 79 108
19 27 27 108
13 27 105 13 105 19 105
79 79 108 13 105 35 107 20 105 79 105 79 105 11 204 84 27 35 107 27 105 13 79 105 11 105 13 105 13 108
19 106
27 27 108
19 19 19 19 27 27 108
19 19 52 80 58 79 57 79 105 11 62 79 105 11 84 79 105 87 19 105
106 79 105 11 57 27 27 108
79 105 79 105 11 84 27 35 107 27 105 13 77 105 13 105 13 108
27 27 108
106 19 105
77 62 27 35 107 27 105 13 77 105 13 105 13 108
79 77 105 80 57 79 57 79 105 11 58 79 105 15
15 35 29 107 27 19 105 27 79 105 27 105 19 105
79 105 79 105 108
87 84 87 27 105 13 32 86 79 27 105 13 57 35 20 27 107
15 79 108 13 105
11 57 105
19 106 19 105
19 19 22 19 19 106 35 107 35 107 105
19 27 35 107 27 105 13 105 13 105 13 108
79 108
13 57 79 108
13 109
11 52 16 108 13 27 105 11 57 106 11 41 27 105 11 57 35 27 108 13 107 22 105 79 105
13 105
19 19 107 93 86 86 19 87 87 93 86 35 107 86 84 84 86 87 35 107
106
84 86 86 105 13 35 107 19 108 13 105 11 19 108 13 105 11 19 108 13 105 11 8 2 110
86 35 27 107 27 105 79 57 79 105 13 19 105
79 105
80 57 27 35 27 107 105 13 27 105 13 105 13 27 105 13 105 13 27 105 13 105 13 108 35 27 107 105 13 27 105 13 105 13 27 105 13 105 13 27 105 13 105 13 105
79 105
80 57 27 27 108 27 105
19 106 105
106 27 105
79 35 27 107 105 13 105 13 105
106 105
19 19 79 80 57 27 35 27 107 105 13 105 13 108 79 80 57 79 79 79 79 105 13 27 35 27 107 105 13 105 13 108 79 80 57 79 80 58 79 87 79 105
79 79 27 105 11 58 79 79 105 11 57 2 79 80 57 27 35 27 107 79 79 105 13 105 13 108 79 80 57 27 35 27 107 105 13 105 13 108 79 79 57 79 79 34 62 79 79 34 2 2 53 79 79 57 79 79 34 62 79 79 34 2 53 79 80 57 27 35 27 107 105 13 105 13 108 79 80 57 27 35 27 107 79 80 105 13 105 13 108 57 58 79 80 58 79 80 57 79 80 57 27 27 108 35 27 79 79 108 13 107 79 105
27 27 108 27 105 13 32 35 29 107 19 19 108
13 35 27 107 105 13 27 105 13 105 13 105 13 80 57 27 35 27 107 105 13 105 13 108 35 27 108 13 107 105
57 105 11 58 15 35 27 35 27 107 105 13 105 13 108 13 107 22 105 105
11 84 79 27 109 11 87 79 27 109 11 87 79 27 109 11 87 79 27 109 11 87 79 27 109 11 87 79 27 109 11 87 80 57 27 35 27 107 77 105 13 105 13 108 80 57 27 35 27 107 80 105 13 105 13 108 80 57 27 35 27 107 80 105 13 105 13 108 80 57 27 35 27 107 80 105 13 105 13 108 80 57 27 35 27 107 80 105 13 105 13 108 80 57 27 35 27 107 80 105 13 105 13 108 80 57 27 35 27 107 80 105 13 105 13 108 35 107 86 79 105 79 105 79 105 79 105
19 79 80 57 27 35 27 107 105 13 105 13 108 58 27 27 108 79 87 79 20 105
79 105
15 52 27 27 108 79 20 105
79 105
41 19 52 27 27 108 35 27 107 79 108 13 105
79 80 57 27 35 27 107 105 13 105 13 108 79 79 79 105 13 32 105
79 79 79 105
113
80 57 27 27 108 57 57 105 11 58 80 57 27 27 108 15 27 105 13 32 86 105 13 35 27 107 35 108 13 107 27 105 13 105 13 105 19 19 108
13 91 19 36 19 27 72 105 13 35 108 13 107 27 105 13 105 13 105 13 35 107 19 105 13 19 105 13 19 105 13 91 105 13 105 13 105 13 35 107 105 13 105 13 105 13 105 79 19 105 13 105 42 14 27 35 27 107 105 13 105 13 105 13 108 27 27 108 42
27 27 108 105 13 27 105 11 57 27 27 108 108
20 19 19 19 19 79 80 57 27 27 108 80 57 79 80 57 27 27 108 15 79 108
79 79 105
106 105
35 107
105
105
19 79 108
13 27 78 108 13 105
79 105 13 109 13 109 11 58 79 108
13 105
79 108
13 80 57 79 80 57 27 27 108 19 87 79 105
79 108
13 27 105
13 57 105 11 62 79 80 57 27 27 108 79 80 57 27 35 27 107 105 13 105 13 108 35 27 107 27 79 105 27 105 27 105 13 34 2 53 79 108
13 108 13 105
11 58 79 80 57 27 27 108 15 79 80 57 27 27 108 80 57 79 80 57 27 27 108 41 77 62 77 209 84 79 80 57 27 35 27 107 77 105 13 105 13 108 23 108 41 14 79 80 57 27 35 27 107 105 13 105 13 105 13 108 79 80 57 27 27 108 41 14 27 27 108
79 80 57 27 27 108 41 19 79 77 2 79 79 105 11 53 57 79 80 57 27 35 27 107 79 105 13 105 13 108 79 108
13 108
11 58 79 80 57 27 27 108 20 84 19 84 42 79 79 105 13 32 80 57 79 209 84 8 209 2 8 41 79 79 105 13 32 41 79 108
13 27 105
79 108
13 27 79 105
79 108
79 108
13 108
13 19 79 108
13 108
13 105
91 20 53 79 108
13 105
15 79 108
13 108
11 57 27 27 108 79 108
13 105
13 79 108
13 79 108
13 105
79 108
13 105
13 79 105
79 108
13 79 108
13 79 105
79 108
13 108
11 57 79 108
